55 100 100
-4549602 -4873470 -4455694 5642616 -4069514 177073 -8518078 -2040775 8645339 1923498 -8803948 1111161 8690901 -5822780 -6393047 9625723 -5600559 1523610 -9092437 -4472098 5558279 -1078809 -4983235 561163 -8737259 2554673 -975931 9344022 8183802 -518814 406698 9449305 -2646080 -5404513 8675473 -1418624 -3780816 -534992 -6470901 -2746843 -3499933 7213754 -2098922 4733129 5459684 -6242384 -5231377 726535 2110271 -4792588 -8442338 4733143 -5639133 3259518 -8227528 
1194822 6310578 -4263749 9103278 -5488174 -5355617 6581549 4787073 -7006599 8397533 -9941762 -372920 5958232 3411777 6674424 520934 1975410 -2441837 3563786 -4935583 5422406 5466395 -5843214 -5728257 -2295031 2107209 -7779756 -7330689 -8731001 -9630498 -1883978 5978493 -8576587 595823 -4668803 7217807 2888327 3636814 -3334176 5965165 -7221773 3232799 -5547320 -7817249 58244 -4246775 -7198075 -4552888 9978292 5858254 -8823627 -1234147 -3569417 -6149660 471255 -5393490 -1371586 4921363 -8882114 -2569512 5677966 -8569293 9704243 198460 1718329 -6266246 -321005 1897789 6212070 9763095 4433944 2425488 4463699 -1848592 7052263 304782 4192091 -9103053 -1480565 4884331 5432460 -6102236 2325940 9893543 -8714468 7746417 -6958543 -7383087 -8787018 5347278 -8560712 7140704 6168150 4882162 -2142757 5542153 2606364 -9810966 -8533744 -3896175 
35 41 2
27 22 1
51 40 7
47 31 4
4 38 -5
41 31 -2
54 52 -9
54 42 -3
28 2 4
3 50 -9
29 48 1
21 46 -8
51 30 -1
5 6 8
30 38 -3
7 32 -9
29 43 10
38 40 2
15 45 10
35 50 6
9 53 -10
20 43 -3
47 37 -10
39 8 -10
50 13 -7
42 2 2
28 23 6
50 12 6
5 3 5
42 39 -9
52 15 -8
50 28 -6
10 13 -5
40 17 10
54 16 -5
36 36 1
46 4 5
48 5 -2
27 3 0
36 28 -7
49 55 9
31 54 5
34 13 7
10 23 8
12 53 -1
49 54 7
53 25 3
4 25 5
14 32 10
12 18 8
19 34 10
39 49 7
29 54 4
8 34 -1
12 54 2
30 35 5
19 30 7
51 37 1
23 29 -8
13 49 8
11 46 1
48 23 0
41 15 9
3 29 -9
52 37 -2
51 24 9
2 35 0
30 14 9
18 30 -4
52 44 9
14 5 4
18 33 -3
6 3 -2
7 21 3
42 17 4
4 3 0
37 2 1
2 14 4
10 3 -7
11 24 2
23 44 -4
40 3 5
41 17 -2
16 40 6
38 51 9
20 15 10
11 20 3
4 6 -1
3 31 -9
17 14 4
48 51 -10
24 27 -3
45 49 2
4 12 -5
36 25 -3
29 11 -9
34 2 6
19 24 8
47 19 3
3 24 3
