500
308 405 479 13 479 407 355 323 355 281 355 4 479 355 488 25 426 397 183 247 245 325 407 483 45 397 212 477 397 397 366 405 59 426 479 313 199 461 32 397 200 479 471 397 269 131 397 424 488 281 483 361 434 397 340 281 397 171 199 281 281 212 397 386 22 247 483 471 44 381 281 281 397 355 212 340 269 263 269 269 479 483 182 24 397 479 397 199 263 420 293 479 499 479 298 434 169 397 479 397 45 488 186 84 355 497 76 232 163 283 308 281 361 15 397 361 313 487 78 186 400 123 281 397 434 466 444 226 464 105 355 479 281 397 434 281 398 479 197 400 313 399 199 397 394 397 281 45 479 355 340 199 101 394 263 15 115 479 313 232 171 281 456 101 308 355 97 434 311 281 31 306 199 479 32 397 263 99 479 195 488 281 477 22 75 197 361 355 397 281 355 355 76 281 256 199 187 397 15 168 355 105 281 477 166 355 330 488 118 397 397 471 355 397 397 269 78 256 397 232 488 361 232 22 397 283 381 348 263 59 397 397 397 281 212 15 488 355 256 407 355 386 407 497 199 326 471 146 483 479 475 297 406 397 115 256 397 407 283 397 397 479 199 126 355 200 281 479 397 361 197 84 395 479 477 355 397 397 281 311 477 397 281 50 199 247 78 199 101 68 361 283 68 403 483 483 499 464 199 290 477 397 397 281 399 434 78 464 397 281 397 311 397 187 444 397 149 297 214 397 199 361 479 479 32 91 84 116 75 187 308 70 10 105 293 334 479 199 356 397 6 479 479 434 193 22 361 397 105 397 281 479 281 361 355 281 247 471 187 247 477 105 199 397 488 318 6 479 50 168 483 477 355 355 479 479 105 367 397 405 355 487 199 101 281 361 426 366 397 464 124 258 397 405 182 118 397 407 499 199 444 263 397 281 397 88 311 232 232 281 171 471 281 407 281 355 355 313 199 281 397 32 397 269 358 256 199 397 355 397 281 291 355 15 212 466 435 178 397 340 448 238 24 444 444 45 361 281 105 477 256 480 212 332 212 471 444 1 269 397 297 334 1 281 13 32 269 281 397 325 84 199 307 149 105 281 444 479 84 258 199 464 196 281 398 397 1 325 199 298 397 13 193 405 444 30 199 296 355 155
10 27
301 91
229 393
324 43
219 293
393 213
442 71
278 107
92 67
289 199
65 110
306 15
89 354
361 393
423 135
264 286
141 168
372 374
379 318
340 17
120 3
116 346
418 279
297 181
26 78
477 105
76 303
45 293
225 165
276 12
66 44
173 450
240 364
382 337
203 443
92 138
419 235
17 199
222 238
250 456
342 60
264 478
421 404
180 73
305 113
106 295
376 172
58 24
416 435
446 251
417 264
177 264
232 496
53 222
195 43
110 194
312 277
277 149
42 275
255 149
177 6
351 177
252 13
199 246
425 7
334 2
223 218
280 423
199 77
96 7
322 497
500 364
298 495
303 377
280 395
479 448
311 343
462 341
419 252
417 4
428 176
199 87
39 427
20 390
148 11
19 203
284 396
275 302
485 169
106 201
106 88
291 187
236 405
373 199
65 300
55 210
57 406
495 364
369 438
350 73
12 436
85 221
362 174
400 199
326 181
139 70
294 114
275 454
427 457
97 16
207 306
95 453
300 120
160 91
440 226
356 475
83 140
94 40
80 161
93 72
318 32
382 58
319 372
181 176
448 188
225 109
199 307
291 212
186 257
366 304
384 13
433 382
93 202
466 299
300 496
218 354
134 18
195 308
436 331
128 138
354 118
133 382
387 383
496 31
103 386
450 410
192 358
168 198
461 358
382 450
251 292
396 346
239 381
121 20
493 124
16 452
453 210
395 248
341 64
33 403
34 242
372 362
312 331
493 89
233 339
175 101
349 137
420 70
10 305
355 368
388 354
27 385
473 315
38 325
309 257
199 200
268 19
118 216
196 50
79 347
206 281
197 37
228 167
74 297
90 239
195 272
382 394
316 352
447 345
336 228
209 175
159 84
59 335
419 481
115 320
34 236
414 411
206 162
169 100
207 254
293 212
321 220
274 43
467 121
392 8
435 199
418 38
13 52
91 127
377 155
299 13
120 419
357 201
264 365
131 19
334 198
41 223
303 329
15 447
7 97
177 142
245 477
201 136
403 30
348 266
98 199
395 343
420 470
464 344
240 117
47 311
42 49
368 443
487 102
199 91
261 265
260 336
199 249
489 237
448 358
310 293
12 408
432 449
498 157
201 329
103 385
247 191
94 491
460 437
36 6
250 228
488 402
126 469
468 100
256 82
482 292
382 78
276 389
347 80
495 166
236 217
267 270
270 389
420 190
100 268
442 393
483 157
122 264
129 446
91 407
106 208
428 179
91 112
201 273
325 314
488 371
344 382
451 199
287 369
193 481
46 41
53 8
338 296
56 20
68 199
283 481
350 401
359 138
315 342
75 201
296 264
310 487
1 64
374 86
418 145
190 128
366 409
399 47
55 185
356 448
64 214
195 132
452 352
442 224
431 29
293 415
183 99
103 215
204 358
199 11
199 327
220 197
236 30
279 154
156 195
111 434
165 376
199 107
291 446
51 205
397 336
248 175
191 39
346 43
310 444
494 192
69 64
400 119
404 283
355 360
457 320
50 422
452 277
431 5
92 458
152 199
91 48
259 91
250 349
12 285
292 424
254 361
23 318
184 108
297 483
448 199
143 91
199 387
60 163
264 54
154 53
201 412
375 298
241 140
125 486
92 195
382 25
195 150
3 211
206 189
181 391
365 146
174 185
498 206
367 304
244 358
489 230
30 356
448 366
131 94
153 260
81 199
459 83
298 413
454 490
136 380
448 333
224 256
59 375
1 57
130 91
292 58
216 237
434 91
496 234
463 58
1 204
93 376
62 91
382 61
428 328
457 114
192 51
6 169
471 474
220 309
492 98
1 85
239 88
472 92
343 192
429 382
194 441
253 154
9 498
392 118
247 225
35 59
170 91
252 370
269 473
398 89
465 124
318 30
317 91
431 439
127 455
257 252
215 14
325 336
2 138
288 212
488 263
241 330
91 430
499 467
123 181
361 171
497 428
237 476
445 409
126 27
91 147
199 63
269 290
382 80
225 252
363 499
151 270
465 500
72 178
159 7
372 91
322 168
125 471
22 363
96 199
151 243
343 258
66 106
323 241
353 214
265 221
335 332
125 243
345 70
204 29
7 73
53 490
369 13
183 382
282 218
295 82
92 50
342 443
263 45
225 231
451 227
377 305
164 144
144 237
194 269
5 158
428 226
484 453
271 16
182 500
111 28
426 8
95 123
58 262
91 437
233 395
311 184
266 363
210 21
79 103
83 369
35 286
186 378
488 245
18 91
432 219
313 19
480 91
104 301
474 348
138 414
230 390
