0
4
13
2 790 432 9
2 298 709 4
0 276 449 2
3 8 83 5
3 563 927 8
2 595 733 4
5 235 355 10
1 262 755 12
5 44 799 13
2 487 291 5
1 770 760 3
5 348 391 4
2 756 638 3
15
3 770 26 6
7 171 584 2
2 292 670 1
6 627 875 11
4 242 892 3
2 479 777 9
6 726 976 4
2 213 906 3
3 971 394 15
2 332 799 1
3 704 569 7
3 656 50 10
5 816 550 8
2 300 440 10
4 940 254 9
12
3 126 843 8
5 694 442 9
6 578 383 9
6 53 908 4
5 196 440 2
4 332 930 5
2 381 574 8
2 229 622 6
5 103 591 4
3 974 283 9
4 796 548 4
5 29 690 1
16
5 666 937 11
3 713 220 4
5 254 895 6
5 578 540 3
4 829 789 2
2 374 502 4
4 556 904 3
4 641 990 15
7 163 281 8
7 408 60 15
4 785 181 12
2 342 5 10
14 24 935 15
2 813 124 3
9 762 204 2
3 460 806 7
