0
4
400
119 46197726 70306523 3
215 4805137 33207463 1
212 71909332 40449601 2
188 47026865 42295358 2
155 71033076 79635495 2
255 85336285 57839456 1
111 19832327 83023636 3
196 88176971 13899750 2
210 38165929 20903056 2
209 46176198 86399968 2
198 81379829 91461661 1
118 18024412 19654272 3
159 55167474 70933923 2
212 5793754 70604093 1
210 28609915 10419009 1
176 37995258 85250771 2
189 56084897 46713921 2
242 60461111 45895057 1
151 22486427 41468726 2
178 73388234 2727413 3
181 80732134 25083813 2
179 2051667 42297655 3
212 40387414 59379801 2
273 42202958 23739807 1
264 49109101 67544455 3
166 94615588 54589902 3
217 64592602 5129538 2
178 42032061 92429962 3
130 68635888 82022061 1
130 6942050 4006764 1
168 82792157 86600415 2
168 2966738 9298632 2
130 72968747 7368377 1
205 87207474 80265362 2
152 68080780 29160969 2
240 86093251 34873392 1
163 98854727 77320768 2
130 41884406 68094058 1
197 39401 666517 3
113 92909685 30240738 3
165 17746223 71699646 3
243 87965315 69079659 3
130 17751820 83886311 1
176 98898633 27442407 2
121 96491643 20870353 3
176 95111062 4343224 2
238 14439938 41051602 1
236 73806911 23184718 1
198 82651101 45499041 2
120 20258142 53852015 3
174 30288548 71239947 2
216 65269294 36227443 2
195 70538444 68452085 2
147 64120807 75552200 2
176 87324987 1858848 2
130 40139769 45242624 1
149 273970 12223478 1
157 18723189 25202504 2
151 62239383 34139508 2
202 7377678 28755238 2
167 73834910 85610219 2
216 67999009 21220928 2
129 13707386 74251422 3
183 93444269 31019937 2
140 13675857 98500015 1
113 7710741 90084333 3
154 74339948 89719439 2
130 63811516 31348338 1
152 379635 84918259 2
201 13702426 71590898 3
130 97781964 4931390 1
247 35612083 48356521 3
197 55525731 65047256 3
167 95807967 39366870 2
114 19222609 80712661 3
212 13971543 87172212 2
235 38338115 98195019 3
190 75004191 39559008 2
210 9516217 62410137 3
203 89813297 44091206 1
190 30263525 84810532 2
130 9105014 65990077 1
170 33377610 75623164 2
179 38958489 83044845 2
167 11784879 16071981 2
152 42368230 89724348 3
120 42339337 24123778 3
115 33568554 15215810 3
203 68670262 58405435 2
213 65640067 42863612 2
150 10077199 48256735 2
181 46256017 4082195 2
130 66972162 78261843 1
111 31026943 20609056 3
268 55067064 79065560 3
184 99231456 94873698 2
134 78599092 87408126 1
157 6910864 51991037 2
130 92263002 68441035 1
197 46648356 27046524 2
235 6067648 75395428 1
153 54879857 97185336 2
147 2010362 70444883 2
181 52555154 66690557 2
196 93176101 44073658 1
143 44391650 49965438 2
172 30554450 77821732 1
165 41659967 10481098 1
130 92687382 1557082 1
274 2479289 57199929 1
120 78100709 57573257 3
268 62653680 98355438 3
113 11716448 66811441 3
190 82604032 39696731 2
125 74609150 38330770 3
165 65742946 67107583 1
161 80013241 343236 2
147 51826531 27563268 3
165 36801824 20269860 2
179 88826190 77047228 2
116 46336258 37347341 3
121 95426165 26802632 3
130 96091118 84181048 1
146 7435865 82957042 1
212 68418265 71371601 1
198 22305105 85794674 2
115 44781701 48692633 3
180 58206133 17010858 1
112 62540087 61680618 3
158 73665509 60902305 2
191 7601496 63242839 2
198 96014463 65895479 2
116 39452398 62295532 3
245 39467289 40161863 1
188 78950922 39231529 2
130 76478231 18605363 1
130 9461456 3018250 1
130 94161156 37546467 1
130 649524 10358937 1
175 62058519 88344741 2
116 5902503 96750736 3
130 50526550 71869531 1
203 83155172 87264968 2
174 90494560 71374335 2
201 21684565 51065617 2
185 3069694 62411192 2
130 90991245 77592031 1
178 16287579 77512705 2
154 49013898 83525350 2
164 9585561 96977051 2
117 62079091 37318596 3
130 49852933 79799737 1
174 70851333 6876161 2
130 17981597 35988610 1
110 32792875 56035707 3
169 24162953 76742947 2
130 35639766 95279076 1
130 23060599 89952330 1
160 90555758 96359212 2
130 9670563 81944456 1
130 60053856 23350446 1
155 90545475 33447856 2
130 49615939 81076372 1
130 3958861 71003963 1
113 51706248 2319423 3
155 9285209 96208077 1
159 25774462 44285845 2
177 2014813 37372784 2
130 29303003 56447558 1
178 53277238 96088153 3
155 45632422 29693362 2
171 72113288 35302120 2
130 45561513 37443146 1
113 61193263 96866198 3
187 78402813 52541455 2
196 78600547 75881335 3
121 18587532 96628092 3
180 48060682 60076452 2
116 85659237 42646704 3
140 51170026 70955277 3
122 58929459 2967401 3
149 6864714 32544723 2
182 73356699 69265031 2
161 2613987 54435912 2
232 32360348 35272665 3
115 37368168 88454045 3
212 51760185 58548071 2
122 50415440 98597403 3
172 20341919 25344603 3
130 88392196 99207335 1
130 97726046 75117879 1
209 34129078 12269393 2
115 55089356 16025498 3
113 22119245 9061729 3
169 46332649 69282810 2
271 71643758 62872946 1
252 3003111 55859938 3
192 89875492 78392273 1
217 39002266 41740636 3
120 57016846 28690063 3
130 30395564 38677360 1
130 1969099 19731635 1
200 65208487 35940368 3
249 77271328 27869382 1
208 98143954 25764209 2
173 92421196 1483360 2
201 91533708 96206523 2
151 8175287 63569690 1
118 25920155 23289169 3
181 53923352 1727128 2
159 62302626 28905789 1
143 49049359 84138341 2
130 40987155 95035228 1
195 46556258 46643221 2
130 75885976 19301658 1
136 31223831 95149780 1
214 40737051 97523153 1
222 1371169 93446941 1
130 60328922 58531739 1
210 3639292 26558397 1
196 87628482 22458149 2
162 49755105 74653648 1
149 23812573 74080426 3
247 51409866 65845109 1
223 96513329 76955730 3
121 61294566 55453900 3
117 33747397 28051892 3
130 98567451 31503611 1
174 59210184 43397607 3
189 75998090 77839177 1
121 49172375 48993224 3
115 51121530 26290178 3
280 89043007 66323114 1
130 52271075 62248271 1
209 38416604 55503159 2
145 29646559 31890973 1
116 8563409 19810286 3
185 82203590 54748497 2
152 52345319 6607126 2
115 65429371 73079404 3
152 66063547 86702864 3
112 88864737 77755353 3
187 87913333 15793591 2
255 57572864 47006966 3
263 32485091 8938404 1
151 16922120 73921077 3
221 77322585 9900362 1
158 54997219 86965905 2
130 92173863 65883193 1
174 66552257 39757065 1
177 78437730 19498184 3
130 37060547 31840641 1
208 35278209 36819209 2
127 6500518 38316262 3
122 66755710 98346757 3
195 64671491 73276360 2
162 82523638 77548528 3
119 81206219 71134001 3
260 2104989 26380084 1
148 22432212 43682227 3
195 97674878 6835314 2
130 37005190 76168058 1
163 9254406 4032372 2
214 59857776 321100 2
201 65065482 86228563 2
197 41836069 63279980 1
207 30522833 52724925 2
130 89171658 26216677 1
167 63181666 69466883 2
253 63306456 30905241 3
191 76294342 77878799 2
113 72527262 67356747 3
130 46171237 91842864 1
238 35175766 34017486 1
138 24432373 8425841 1
130 86762512 55480469 3
189 70998248 47353861 2
171 64462682 64459735 2
130 64444248 86012790 1
113 77320891 94832401 3
198 41244469 77611873 3
191 95541746 92681740 2
162 57751673 65443932 2
130 76695703 91625601 1
217 62859885 84659246 1
145 91315924 91564514 2
120 89681488 88053331 3
115 10171214 54144468 3
130 55220724 98565710 1
222 34109429 75726613 1
130 92139351 11549120 1
182 85831048 61585239 2
214 48105581 97813225 2
110 56392041 75596867 3
197 23713387 65913845 2
171 54309465 86517709 2
253 51340661 72935607 1
148 95609233 11001468 2
193 41995271 16541156 2
263 85576693 78112943 1
207 52738795 24340935 2
226 95848004 31754068 1
166 78631616 11865756 3
111 29495532 39605558 3
201 41601978 99067384 1
213 53838967 78645307 1
193 30912786 79944628 2
150 6180378 22384309 1
171 93600245 19588106 1
257 79255628 17640263 1
153 6115234 46949642 1
169 89739701 76141929 2
167 51951062 43913568 3
205 735040 88040565 2
130 96440263 58852707 1
115 13033948 98753459 3
153 85072983 96374380 2
130 62727847 71278263 1
154 30568172 89814884 1
259 51492242 38801259 3
253 8885889 84258519 3
130 22109090 32217604 1
180 33157615 11772869 2
146 86485656 85193228 2
209 31482732 65097190 1
167 13280980 42115319 2
130 67309942 56970647 1
130 68405336 16454142 1
178 92797533 77739211 2
247 76561175 8083441 1
196 61996429 70164820 2
196 26534081 46045508 2
117 88908588 33290837 3
183 83721204 46963956 2
120 17873938 14040821 3
115 8276106 66763751 3
130 39361944 28701758 1
130 69014612 54541732 1
130 41110118 97467052 1
130 53695822 10305472 1
168 55399985 16303455 2
197 6675156 62518614 1
130 68789340 74907256 1
152 51260013 97192400 3
189 69897685 25127033 2
193 89729172 89836215 2
169 62799932 53437748 2
110 94462658 57388722 3
259 82259120 85357001 3
118 77433485 80378230 3
152 25643472 80212897 2
208 69007796 26165866 3
168 93897196 34292643 1
144 43442072 67174695 2
228 41829164 55765450 3
130 79644504 90893190 1
110 1385031 79329898 3
159 57526278 45069731 1
154 3251503 54242882 2
159 22131586 89690644 1
256 90222238 34951216 1
215 81216973 87900008 2
117 561738 15077428 3
130 32912368 63313743 1
200 75024096 77947839 2
200 63989091 34510533 1
154 78381248 1511343 1
191 86282055 19482908 3
242 32289454 54729197 3
130 38874331 2565530 1
159 71135571 81449137 3
130 1956219 2726775 1
121 5565726 96849173 3
158 19717557 32333403 1
196 11187996 29851526 2
168 53928769 48033281 1
203 62003307 91814798 2
130 47510234 79939595 1
226 79190757 70176049 3
143 75764664 48760727 2
98 74203336 53144117 52
1 51378169 94640874 386
2 75232958 44821235 317
3 61966472 36328191 290
4 8468463 51887813 239
3 19994843 67685730 313
181 67211991 8817337 30
104 54322085 68137091 160
70 58349031 82544366 29
2 80725417 1600410 335
4 81700895 29794033 171
63 24204620 38350021 378
50 26604440 29161894 102
15 57177875 59949318 392
215 68933581 51652191 239
145 84125905 88080512 83
21 18148624 96668040 313
53 71416065 98364224 152
68 19466853 79579494 255
4 75825570 89420708 135
400
111 20377994 80889854 3
98 23568035 56554101 2
82 33414655 24549190 5
164 5502926 33138801 3
191 15114573 63941214 4
134 13160031 99982302 1
122 13008392 36088431 2
96 4624931 82539560 4
175 74332904 26573959 1
155 37195500 65894809 3
151 12385374 4144173 3
81 76957010 44184056 3
106 74931134 14149875 2
99 61593004 3433495 3
91 74996152 69937606 5
185 12746959 1899523 2
89 75437045 354815 3
92 75945495 17246743 5
106 21706342 47809898 3
197 60922001 10361023 4
87 41931428 32036527 5
107 79314991 32334916 2
161 48762258 35834463 3
118 29982677 24047384 4
120 87258323 88472546 3
115 29839698 42997710 4
116 46670066 93853194 2
97 59236997 27359369 4
92 32200548 29193207 5
122 83620114 34393421 3
200 16454953 16734378 1
172 76365559 51851027 3
73 70526478 3011022 1
81 25159585 41695304 5
105 15906148 22559284 3
81 30675716 41540325 5
120 70411326 15196217 4
73 52494581 10634092 1
97 51950346 6449782 2
71 28729674 98465930 4
193 24610075 50445321 5
120 58485327 65011149 3
88 87674213 5584972 4
73 12508982 22544872 1
116 82219676 43279984 2
248 25129167 62471280 5
123 16847873 75532573 1
191 83436245 92175035 1
135 28680094 59605321 4
73 89992835 34989790 1
179 78090115 20185804 2
94 51633501 32673204 2
118 8472514 30359079 4
110 82120402 79435546 4
117 57044840 93596255 2
151 42864138 95922295 3
155 74368267 38184805 1
115 78362946 82949471 2
84 4956473 78204705 3
73 273097 56018845 1
101 48648060 54769892 2
218 82176618 7603315 5
120 11124809 73699639 3
111 11851956 53180275 3
107 92183438 21355258 3
149 74720822 14782038 3
102 31008770 52246922 4
123 91289795 42949520 3
117 56022215 74608738 2
168 63920208 96756086 3
98 13721739 84240485 3
73 59700000 57342739 1
127 51944138 70533239 2
246 77018843 99069292 5
93 20804173 38677393 2
91 81559351 67741987 5
148 7304577 76969510 3
111 75551593 90648791 2
153 79485880 82094486 2
156 67976734 78144913 2
130 36672585 42249589 5
107 44875054 21339272 1
91 952953 23433853 5
108 10093104 8026390 5
75 46428664 646101 4
117 90026255 73431603 3
181 89640613 16223599 4
161 52435247 27348393 2
199 39061517 72442713 2
191 16138835 39419703 4
73 22051160 38102573 1
73 55922931 7396862 1
141 79118154 31145944 2
122 94133409 54054300 2
73 92369786 14631308 1
171 818544 37754142 3
119 96142725 50746270 1
92 33171802 11203077 5
236 67296988 62746797 5
96 90209543 70114504 2
83 36829554 97037415 5
90 66753761 6321418 5
231 9349394 73851015 1
130 34597184 23749235 3
188 50891973 39268077 2
94 40281816 79902810 4
139 75486833 82855562 2
103 5779027 33252654 4
115 56680133 52451584 3
128 97753833 31973346 5
125 77013110 66256407 3
114 68495470 49643254 2
235 14348729 84445616 1
73 92762842 92685578 1
90 43335112 79393399 5
112 11273231 20684141 4
80 52562895 57411721 3
205 11555495 36586352 1
73 52448711 86843056 1
90 66041656 74042957 4
143 71799109 26641838 1
112 18049657 83758345 2
131 28216283 21265237 2
73 7641537 81046881 1
82 25465940 93570048 3
100 66657822 5444311 3
104 60227257 77661137 3
160 6050087 57248379 2
102 61568878 49353628 2
95 95722704 33320442 3
81 93233174 73724558 4
171 7296076 23101741 3
182 51237077 35458762 5
187 66968179 74093559 5
84 75683898 69344695 5
133 62531672 60888880 3
144 13265870 65559760 2
120 76544332 87479536 4
184 62518447 84554053 2
183 61255076 91145502 2
115 1392109 5003478 2
73 19805918 72757759 1
86 76988024 82688175 5
92 54148437 55313713 2
165 37952396 20939647 2
205 13807043 35214795 5
92 86247952 38908160 5
86 26786777 14962678 5
139 11727722 83972017 3
86 61746838 49595408 3
232 86456625 60372418 1
114 13339287 57377509 1
98 86697501 57924028 2
121 58476356 96491756 4
73 24538612 27582533 1
144 79687348 18028757 2
122 36122062 22803467 4
106 57037737 92729515 2
89 20154762 7598345 5
127 39885604 46335735 3
150 22483076 86233212 4
73 86096710 63239274 1
73 73716108 38220294 1
127 70685114 80360884 3
94 72667266 36232445 2
85 5331745 25942131 5
123 94171832 88873405 2
142 13302362 97522290 3
170 61495014 45952037 1
86 89178717 71529424 5
92 27915372 58520317 5
182 54224792 99152853 5
94 47647042 29786762 2
91 52902956 68117540 2
73 93222756 36124105 1
73 5730239 47835100 1
105 25586732 56770447 5
85 14764865 35931431 5
234 41059970 26412164 5
78 9527597 45841863 4
108 63440394 54134849 3
200 46570820 72488928 2
120 80743671 36275551 2
216 36277479 71137207 2
218 20032918 19633308 2
73 60958048 63882769 4
73 37176590 40928184 1
131 65422839 53572421 3
164 91884545 58154854 3
155 5975946 24748923 3
154 13707883 40253412 4
90 40316093 30963239 4
92 67590230 46896009 5
86 28016907 15609077 4
73 18490551 81962007 1
73 82640495 61690396 1
162 83501342 86432671 2
148 6237192 56608527 3
90 3084943 6416050 5
73 54310549 35905914 1
90 83369960 42519672 3
159 53290016 89635370 2
181 76043156 25036746 4
82 54156049 72505095 5
128 89726985 87911474 5
122 78987828 33864425 4
186 57622223 42161144 1
164 23056964 24488316 3
156 90722731 11520088 1
181 40798189 45297925 2
114 74626 9137523 1
245 52343931 30149393 5
154 30078320 24593490 1
140 86298848 80016849 4
73 562611 31282452 1
81 47140231 99519210 5
119 84941310 72977121 2
95 36395599 83568849 2
110 60333982 84272673 2
142 57872760 75737574 3
127 38445960 38372009 2
80 44552161 9278426 3
102 92270776 32343476 3
129 17214750 48332460 2
247 18094802 48775712 5
100 20462470 95799086 1
225 14812579 71204337 5
154 32267151 18846946 2
94 12179316 89098644 4
91 61848219 73530113 5
107 86808401 77594349 4
86 89553953 45593998 3
137 20875460 25756264 1
162 91054837 98048028 1
77 99731854 34742407 4
95 57360195 36772881 2
114 29470696 51044332 2
73 1192864 86274439 1
106 550140 82066854 4
80 81870186 42729071 3
137 9544794 93321353 3
191 86199523 70462171 5
99 30492149 23852658 4
149 36056000 45868102 4
170 89874085 63657382 2
120 24304841 27776240 2
122 78078413 75960230 2
73 95224808 2244211 1
80 37589776 58687766 3
108 59707401 10644917 3
83 48860517 14627554 5
66 54184211 45545959 4
139 27803305 84505354 3
164 3375145 94356646 2
85 85516785 44755575 5
195 55632862 78303254 1
109 18108301 64739242 2
98 47785310 82174054 2
134 70130417 88352804 3
187 34997444 59758358 5
124 64791103 98578726 2
95 13504157 59799207 3
73 18670460 79754572 1
86 90404637 95825529 5
122 50582404 87141345 4
80 70000507 41429916 3
78 98273982 31187109 1
214 92235830 20918543 2
104 48174234 97070988 2
159 72528215 15193537 3
73 40802286 70064423 1
73 81055252 32414479 1
234 59521396 56460570 1
115 93233981 46323184 5
145 31730936 17092662 4
129 1009319 799270 2
218 59680425 53634333 5
92 86914008 81842301 4
79 54179259 69822439 3
132 18263448 14218794 3
73 36098316 76851602 1
65 82307904 21431229 4
89 10624445 31141656 5
107 78953783 53167344 3
132 38893821 96759884 3
109 21186660 84569557 2
157 37723723 91929013 4
73 49071295 99098546 1
73 16175263 22521518 1
231 65395807 56327567 1
168 87497485 56871330 2
140 84898864 11487021 4
153 27674064 81831657 1
84 78023608 97166562 5
116 5500037 1100748 5
79 15695111 34803753 4
176 22003739 62445072 4
224 88651918 65787756 5
87 9861718 82557332 5
91 45385704 65569177 5
118 72598706 20803955 2
156 16138840 92768926 4
94 96086417 55775948 2
110 5932235 4595548 4
110 12830374 91194484 2
73 9385380 92545930 1
142 95798032 17938489 3
87 95698628 14013890 5
90 52581306 12655914 3
254 25021543 1267219 1
92 49873656 43746363 5
82 32313742 21003673 5
163 1480472 28685933 4
163 93055226 66748657 4
131 69727269 45188564 5
221 74290804 65593664 2
202 83172427 86340536 1
107 10251402 24357151 2
87 95029391 86487016 5
157 32986800 91773503 4
73 44795340 39121698 1
161 94823350 85447456 2
73 26189018 90993057 1
193 50077709 15756363 2
208 3440593 7102038 2
86 99595681 2953338 5
252 67632608 41242972 1
188 33974825 92530667 1
103 81209105 94880849 3
93 20008175 86657633 5
126 32227278 57541798 4
73 33498420 79441500 1
96 42829476 82651716 2
163 99419122 13078382 5
148 94738465 10713800 4
73 86331880 72031731 1
115 69181968 80745760 2
73 1587121 69689079 1
139 24263999 14003526 1
181 69341858 32555925 1
192 83744394 14733777 2
103 66421637 9994492 2
77 59776517 35833538 1
198 93918682 84504598 2
140 90747466 6127181 3
116 8659472 41800474 4
125 51558660 86137850 5
79 34889400 61979680 4
73 31156216 29218112 1
119 88315035 57629844 3
100 82995450 30659851 3
248 77421194 80263999 1
180 76575850 59862168 4
129 1694861 45597859 3
125 81279931 2833887 3
163 11715309 23852752 2
241 42472736 87188751 5
217 78074054 51750419 5
90 58426325 6269818 5
115 26959372 3257309 2
111 95528584 4092151 4
129 86196076 45747128 5
155 31700370 58948876 3
129 80230027 90889397 3
152 645905 28354385 5
194 22064811 42980564 2
238 97821253 12422022 1
79 56989745 93041513 4
82 71389808 7928484 5
87 55018023 23214557 5
83 28319267 47114536 5
118 75231685 72318307 4
123 43547660 58953380 3
87 51459852 36602814 5
92 17403265 8312320 5
233 86937675 61560884 5
102 21789302 74034879 4
201 10618019 86591839 5
110 29695128 88132095 4
98 44450909 29244324 2
155 60556039 64902932 342
61 18512883 98139819 308
4 30872866 24854367 308
11 32737431 22103326 54
210 59089959 24733558 41
176 92528274 20428986 132
137 35902164 44903534 63
166 34093606 27986745 170
51 96889522 27336884 100
6 62690995 72763164 282
10 16248266 40012942 88
189 79241005 69547618 147
10 79720165 10760893 72
186 18508742 50963489 349
2 19230692 32516392 347
9 82040896 49139922 74
44 88139460 89855605 400
1 94906876 94055211 354
1 16344249 83640099 375
8 92756360 49050801 330
400
92 44154200 87532991 1
151 72407141 53411765 6
85 18786356 50212234 6
91 86713161 65767482 4
97 35087865 90999968 6
132 31332270 82103181 1
66 36919636 92455429 3
109 1992860 21784950 5
83 51413250 61231701 7
130 65327288 27155451 5
145 52729495 79798375 1
58 59198681 73650609 3
89 10860218 85205683 7
76 5792969 28406757 5
57 76662469 82029569 1
73 78182745 85767561 2
70 35885839 44063417 2
137 81934815 19453877 7
137 84211178 6197444 4
72 9825487 45375295 7
78 90001732 55607125 2
63 77649396 71698197 2
87 24731338 98325911 1
54 82832291 20466912 2
57 31449130 94551886 2
144 20318437 86922443 6
98 33131092 47937482 3
52 73581798 46353977 1
123 40444961 37133252 7
74 63012585 84561225 7
80 88948723 84181817 4
93 40354244 85544972 7
52 38624322 40778876 1
70 98963066 95980907 2
126 37419521 50579761 7
116 55904801 48703874 1
95 89772725 73155179 7
243 91769264 11432722 1
163 72692265 68589954 6
66 38181869 41243069 4
60 8936589 2266721 4
121 21009698 8633804 3
133 95078335 98829002 4
130 23859335 37153368 2
161 67231131 99149674 1
82 45065929 44328693 5
122 46309571 25499290 6
91 46344573 17442229 5
177 25630005 88229351 1
76 56624393 90244495 2
169 15055059 54556014 7
73 29647628 48912376 7
120 65399604 87041789 1
62 63481510 84046725 3
181 58747484 26103703 6
87 46394636 65286768 6
88 95214407 81260823 6
60 29544697 49697270 4
52 74882836 58149156 1
145 88940216 55650989 7
155 93560229 99380285 4
193 3385808 69707408 6
165 46172911 55083068 7
106 63762477 18545865 3
162 1340031 80783201 1
76 48137244 38809969 5
71 46651954 41851514 6
105 10109502 36672381 3
170 22295259 23168934 3
124 40481782 42731696 5
185 79924590 1865199 3
106 63931658 75041785 7
117 70536671 600641 3
166 80478676 97626645 6
65 17212929 39787838 3
108 33164392 91524553 4
114 96083103 19179729 1
70 73399154 2728075 6
52 21172824 46357582 1
146 3980633 74095421 5
62 70615570 94399113 2
76 62909007 86198370 4
140 40940695 69538202 5
217 70208907 96237181 7
70 18766860 85192663 5
124 34321161 96043260 4
52 50846378 10537979 1
152 99596246 40872927 5
131 55344249 34885020 7
188 96089282 96285112 6
97 82378860 41075020 3
88 23246873 54971040 1
96 26852971 63922084 3
164 36644698 13408052 2
89 90343861 33131311 4
226 11466002 4059089 2
79 58610957 57843888 7
82 33509089 82536653 3
110 38845764 55308300 7
95 72126661 68036927 1
218 95926402 44889646 2
123 45280711 78033870 4
87 56008863 59233561 1
63 41842962 61554975 6
119 24654544 28879075 3
100 87208716 2322243 4
71 76737477 66246374 2
95 5215626 56687528 5
112 45839551 38622206 5
153 59007910 89710775 3
185 21254258 27509849 1
106 25715500 4174260 1
64 65771248 86371730 6
77 77308701 28883994 5
175 88335614 20187486 2
63 28526139 74278455 2
210 74796577 98634378 7
105 61137550 89539957 3
77 40931716 5493398 7
52 67661442 7822019 1
52 78857413 6301124 1
57 28880026 76406259 4
181 2725144 10293046 7
71 23425204 63226934 7
70 39941474 26302867 7
231 67611538 40925311 7
86 26694801 85372976 6
84 81695186 37373574 5
78 3287348 24950972 7
207 7593957 17704108 7
185 58924558 18677713 7
115 4640324 69863976 5
70 67750154 53508730 7
59 873861 75164828 6
52 5000029 90838217 1
55 40823585 23911294 4
142 7153783 11638452 6
78 8968677 42274405 7
76 49551977 76757028 5
59 75654254 99271018 5
55 88916741 10384407 5
134 35760513 75664842 3
64 63449109 17017594 6
92 90791784 92080379 3
201 30821138 37578634 3
73 63037391 96579410 7
52 50125413 71956433 1
156 71131980 37449993 2
71 66733847 87557444 7
58 7108011 99419545 5
142 67678374 91753802 3
220 14511418 96110785 7
107 76107389 27287741 1
85 46001576 84041674 3
133 94517287 29776888 6
207 39809522 21801834 7
183 42831368 34146835 2
101 27633510 61964012 3
52 76292282 73714870 1
79 31617662 88733716 7
91 49393902 90305793 3
157 5965907 26832392 5
226 70946888 85461379 2
60 21069846 62248938 4
72 19085190 65959080 2
123 40442188 93380441 3
62 32493636 98208059 3
67 24031538 29715956 3
95 78176169 3218149 4
120 37797168 42109326 5
86 80003251 96270397 3
74 32477288 19451952 7
129 55121473 81368396 6
127 2441715 97026173 4
72 68170753 84556984 5
75 30257428 21175609 7
77 89071159 99693231 3
205 66948121 80819149 1
98 53516250 96809694 5
213 99157789 51894468 2
63 26231466 85647212 5
71 42971495 59943521 7
74 6953290 18669960 3
170 24537661 84561155 5
64 33631462 86201229 2
58 24778783 45743296 3
113 72359278 43337836 4
68 9917481 70792637 5
82 44606237 34987737 3
82 24157614 69486799 1
192 43423620 62131360 6
73 37300568 54483326 3
52 68229658 20078907 1
164 97964892 69964621 6
107 64547004 84889948 4
85 68172644 56672144 5
64 41248841 60772301 5
71 74338908 17074438 7
257 66219356 10968226 1
106 35002052 15544605 3
70 82897167 25537313 4
204 77541457 53203357 7
114 23749223 46695622 3
65 22952048 21584931 4
204 4026200 95905195 3
87 16256660 68210367 3
161 39826753 81563937 1
56 17074575 12427989 4
94 85872622 6068701 4
78 89091281 26141921 2
83 28892953 48269402 3
213 79307779 45355469 7
101 62789618 20885462 6
134 31194274 96035104 4
52 75674415 27321172 2
151 99836115 16584568 5
75 17491319 83025608 5
199 56406096 16479064 6
151 83248363 99368365 6
246 31609717 19423726 1
71 28007504 87863476 5
207 94726483 98498190 7
109 30796518 82900027 5
61 38153675 49028916 4
126 98811311 34031127 2
75 91974649 1514016 7
70 29009371 12780610 7
87 64784776 97339457 4
134 8759614 85815753 4
65 86625739 39583759 5
84 72050978 40112353 3
70 47685166 9060759 2
148 12044026 17699526 3
69 51918910 86482384 6
203 97040073 39457760 3
85 84269167 74128338 6
89 94726883 1426443 6
91 17711505 35168362 5
72 81854776 71206302 3
66 89987543 37008647 6
63 92228133 70742670 6
52 76244432 51487159 1
197 90620879 95970988 6
88 3809146 77263972 7
49 1949853 90132388 2
70 6305772 54062720 1
79 58698221 19066156 3
70 34567633 13431029 4
108 45486244 32731904 4
74 45023297 26625944 7
78 27125039 82599116 6
153 38731567 12441718 4
82 83427048 81266138 5
52 9678563 2572300 1
227 79802682 38141272 1
133 43482924 17591812 4
86 29050485 72867001 7
101 96056212 830133 4
72 95745320 81445625 6
118 26846057 26143929 7
67 40382678 37063775 6
52 84525178 88673146 1
65 64695115 81170415 6
74 22902086 58412120 7
81 84641167 66785978 7
124 31246731 65346710 4
78 78097341 61563018 6
52 90165002 24138137 1
77 80219599 2840034 7
72 5845758 33272034 2
92 36762161 8879348 2
202 5953916 79387538 7
77 90310922 62275412 2
52 60517690 82076080 1
78 25698583 91212189 7
108 90503940 68466383 3
64 63802123 95487080 6
78 17736666 21596853 6
84 97600427 37077901 4
119 79247397 11773915 4
71 77015412 82992471 4
103 39740805 36829796 4
138 47915886 99985459 6
64 49239478 88928409 6
61 11521648 67065696 2
93 37364037 12419435 5
57 73936974 84266104 4
71 44836342 75978674 6
103 33860532 86677659 6
78 21786521 93777329 7
52 58622400 99356119 1
73 64475323 48668040 6
194 14453892 22199065 6
61 5350615 27730445 6
131 81189701 14848159 5
81 86372842 28848353 6
81 98241973 19267617 7
141 56440016 16892054 5
61 21717930 98217501 5
70 1752012 20462847 7
76 2177355 84526625 5
52 38171303 69730791 1
83 53052638 75812361 6
68 73484591 68145425 2
70 51518188 74887424 3
140 74108932 38223011 2
105 37326623 95178201 5
142 76691879 81623527 4
159 45747491 3155611 5
77 55806927 7293477 5
50 22115597 78757601 2
140 50341132 87483788 5
52 22977286 5717430 1
110 67272193 73835689 6
130 62921591 82349248 7
53 28900016 81139306 2
71 77160061 86992577 7
52 83780698 87131524 1
114 42974736 32277126 5
100 38938391 75429201 3
122 86925647 58590027 4
52 55421086 92614920 1
102 46594415 76083503 4
174 89283269 99657707 4
243 98894068 33843276 1
66 28980212 16484637 1
83 689891 57060274 4
71 78075782 13573210 3
99 17495971 14973824 7
144 51788720 6559322 7
106 63738796 34245796 3
58 23436260 21583599 2
55 6112623 50408554 5
102 38519793 83462754 6
52 87017190 15645254 1
74 85833114 46949911 1
72 61622181 36225305 3
99 36618038 67042561 4
65 49637910 11388535 4
117 94434856 28486294 5
203 21250910 78523708 3
92 10442330 72067552 5
134 38748453 75139853 5
89 50399411 6032481 4
74 16022930 48451265 7
64 36972151 55930621 4
61 27574693 91914771 6
105 13281478 30931852 6
79 15610359 18380884 7
75 26778402 62797032 2
81 80011638 26138088 7
61 11815771 44387639 5
72 68845986 58492860 7
185 51224122 53361132 2
131 12609646 61774558 3
169 74527823 92721010 7
98 80464147 49066493 6
66 72784309 45886950 3
91 83647639 11830870 7
83 92495238 32666495 3
74 44842705 43056800 2
70 76734929 38676314 7
97 20929259 4187071 2
79 95408391 65331600 7
83 92976759 7898642 4
52 92911970 40040547 1
109 87124276 34709520 3
47 75134658 73373109 2
175 14820287 47722874 7
255 63303645 60087403 1
62 45353982 45822079 2
73 46711456 32816917 6
136 31319216 55564239 5
94 16713339 90968124 4
86 43641996 45846062 1
108 88655326 23086241 2
121 17791133 15477881 4
92 70624544 25429164 6
170 73989144 31939799 5
186 9678316 96159996 6
27 77222426 94162268 378
81 37735748 84597067 160
8 80798002 76454619 149
89 72030457 68722898 151
62 34664389 53761298 14
6 8448395 49436876 212
2 27684655 97345800 294
5 36047920 85692668 268
18 8607231 7972053 297
162 16605178 81026927 257
3 58220382 97921489 168
110 28800606 79946381 286
8 78861906 13362071 90
12 11498969 35153200 28
1 46382228 10676134 332
6 86861484 60134618 256
97 83482439 39699616 67
4 29335674 60986667 114
174 71475919 30214910 211
199 32812953 1701879 133
400
201 65030765 48911211 10
92 70927384 97058840 6
125 79932571 99083730 6
154 92200619 69644626 1
49 21130415 24333608 9
83 29364634 39012748 8
124 93850337 48400125 6
45 88010220 82224580 2
68 42883806 72659662 9
115 25392037 85278557 6
191 140995 83966096 10
91 20671704 8600701 9
62 47970241 57930049 4
197 18398027 2580083 10
91 61741439 15957186 4
117 35878431 23096631 11
33 56988454 36770419 1
58 63378284 20854964 7
38 54442664 46021203 10
67 69135951 55479706 1
78 95940752 46409802 8
175 41331479 67554358 9
89 83615940 93917658 4
91 22484509 18828042 11
141 20504541 78795261 8
81 18093208 86652421 5
98 81903848 46236882 5
100 30108272 16196987 4
57 5604077 60782163 3
52 52449514 17767474 2
160 46634884 51900334 3
56 57956842 20105202 3
44 45593270 45119191 4
33 46218491 74573260 1
32 1610428 32793445 2
98 89466519 26882772 3
86 98781386 93864421 11
65 50400728 17646457 7
91 28110350 30773722 4
39 63529717 78572528 8
84 81525447 59672124 1
41 9667528 25875842 10
44 26750213 60944950 3
146 22087989 70306333 4
40 45164818 28246649 10
44 46885011 64312260 8
87 98924447 37767287 9
49 1328642 84332991 2
51 81994249 20136745 4
69 91001437 11286012 8
74 94635357 91523899 6
32 81127317 15594232 11
94 54122041 43956761 4
55 20931007 13109853 4
75 37234110 53881133 9
158 93067323 84728464 3
83 28385438 85806714 5
63 44871981 61884503 7
36 67121332 7727122 7
131 38630339 83960088 7
96 74042499 74167714 5
164 30772587 11435891 1
52 40676567 87276324 6
160 7729000 47861978 2
69 46979005 21481477 8
125 14972229 67307655 4
178 15431329 94681603 9
38 94250242 41853304 10
72 64383519 5577831 9
28 92998961 22756884 11
109 12051105 762732 7
140 30422671 65103362 1
119 77735043 26807286 6
58 98826635 51319917 9
101 98165467 44835334 7
48 24046836 74147478 4
56 73208755 95451366 3
88 85346721 15784694 6
122 14439773 22497845 6
28 20507291 13634257 11
57 86414944 26991365 6
97 32316947 76289631 5
117 9354763 86464659 6
55 16128145 93636110 3
112 41486760 39832808 4
98 41155544 74290232 5
169 93930725 75560195 3
36 62820144 32261409 10
156 60794326 47048714 9
45 12344720 47977900 4
76 83918925 10548925 3
93 40455935 30252189 6
33 8195486 17000662 1
120 87145680 18225453 3
80 31740082 29019607 4
109 89714409 54974272 6
49 63821073 60084283 2
77 63102622 23753688 9
46 95855112 34945259 6
45 56649413 10474015 8
138 35189582 11292801 7
53 50374895 37490898 6
39 33417567 69584151 2
70 4817985 5619079 9
64 84194947 59598155 4
198 12085873 32061157 10
43 29638701 81652896 2
27 68208920 61984872 11
51 38507236 66107839 4
68 63001522 45272305 9
80 14370115 11135565 9
75 72993526 6816376 7
177 98291972 57865826 9
48 52965827 48665166 3
42 71551851 30098738 8
38 34877544 468974 2
50 54480115 69673806 4
96 63982497 11112295 10
56 16551444 53588516 4
155 39161822 39573655 3
33 63217453 58873667 1
101 88412773 23283885 7
81 99057046 67042036 5
89 17049965 37089709 1
68 57850907 56790193 6
38 22895726 46763808 2
155 61624307 51727712 3
51 69287963 59973082 10
228 26611652 23022425 11
196 8520613 98473765 9
84 18852372 60237057 4
43 74023109 63363595 7
88 87007985 72416462 4
40 13984477 81343993 8
53 22703760 49673862 10
81 73392149 57698198 8
53 10591938 29743857 4
34 46733237 77464124 10
67 55243637 26277834 4
54 54236163 98092243 1
51 17505458 92887541 9
110 58332446 75590708 1
47 94515753 86165109 8
53 43619962 49077523 2
48 23484717 14907344 8
55 73929332 56433634 7
93 30464882 82886960 6
82 37644392 13933090 8
33 7547034 64085080 1
108 76772978 34610366 6
63 67475498 7164480 1
61 4903012 42501054 8
31 11441553 10207810 11
95 29259483 80292909 4
53 90736909 17071755 3
94 26308627 84478300 9
26 24480799 13686907 11
127 98030107 28976149 1
90 14015775 34545789 8
100 16497121 86887034 11
42 30799907 4028191 5
46 17414230 58694576 11
68 53585813 9603703 8
215 93020608 42893653 10
59 47370333 71720107 7
100 66770677 24016028 2
75 93562355 44233718 4
169 15900039 42086582 3
97 56993563 77671163 5
29 12774937 84370695 2
62 74148743 78136880 8
101 65307647 48136448 7
76 27653365 59540924 3
42 60953819 26607544 10
92 97679017 25730499 7
81 71380553 67300472 1
54 51404772 74183491 3
76 75431158 69320832 9
91 60219077 68877237 1
30 2284078 22226965 2
89 60400857 28674722 7
143 51278243 60977861 7
104 86869124 93755299 6
148 61980543 92653260 8
47 21614888 13679339 7
58 47274104 7366893 5
52 95383955 22739302 3
148 22992883 80561003 8
172 91997986 35821371 1
65 10182936 70378615 6
61 17591634 44928075 8
70 82816285 31630944 2
116 44434250 47833775 6
153 30560483 70863518 8
101 10387419 77113589 5
47 4232692 16870049 9
43 26837203 30419263 7
73 64733226 16199715 3
127 12486615 55869372 9
91 69424772 1191710 4
30 17212239 83922318 2
33 17534011 88108569 1
88 42395532 83719749 4
60 57532183 36545761 4
74 54124279 63131701 3
173 28827017 55397222 2
63 3303582 54160820 9
72 80575198 45805272 7
56 19176732 81058741 4
73 11546023 53990171 2
53 51493072 32270568 8
42 71071504 27979370 3
47 81263924 90434863 6
69 97051935 47565877 3
139 77642144 21267864 4
81 48991138 85215497 8
70 64955342 55108799 3
194 61062620 70716386 9
99 48762370 55798650 6
125 12602177 92951655 7
66 12820380 76287023 7
27 20732471 57733383 11
65 67807420 26860896 8
71 42106041 57759451 9
54 89713522 63865479 3
42 26399364 27337659 10
37 19820354 29354286 10
109 15473962 38143357 9
56 32514238 18833216 4
119 65001898 33845876 5
84 43923291 33906765 9
74 76524108 18858739 4
174 62414676 40742243 2
141 1469601 73242504 1
125 75256834 8457050 5
123 64404378 80030386 9
71 30395576 93624189 5
69 24487824 12678857 7
85 83239654 88140132 8
52 56334573 49768299 9
110 28425684 72001617 7
90 16801062 69188343 6
175 38286487 32180164 11
54 29648288 2910131 5
136 45043748 26496527 4
174 96259045 30253297 1
82 37186141 15456702 10
63 45205683 57148049 3
80 32876623 17500292 5
40 57398055 36044865 10
133 52836556 95952752 11
82 8171953 54945264 1
47 30050750 31707241 10
176 67172871 67944218 8
46 92257904 50977622 5
107 52988816 32766448 5
96 32890803 16695645 6
132 81611275 54535373 6
49 20700376 85336204 5
56 28073578 18955625 8
87 61303781 97262853 3
79 51251110 26854472 3
177 66492432 81605143 10
105 83052457 9440372 6
71 65152373 29362918 3
111 51189197 82832890 8
194 96233351 79499430 10
79 35591100 78124907 9
32 29829274 49085501 11
63 90594917 20397756 3
96 16505075 8389172 10
65 11162959 36105714 8
88 30038738 98263395 9
85 49538304 40287923 9
81 24629712 62533297 2
125 39258085 77785672 5
71 7051075 44755850 6
119 80646167 14084739 5
152 81546658 99957336 2
35 19555558 3420289 10
66 13077317 88174542 9
132 18085531 33688387 1
76 63796825 60959838 5
96 86362663 22063317 4
74 75663564 49194356 9
33 76076317 93290371 1
108 91047129 37494161 6
198 34136567 14634740 10
119 78709278 11008891 10
43 92621668 79080636 10
91 589368 39128384 9
133 66498977 88143117 2
61 28578033 77791352 9
32 30295819 64885346 11
66 659828 49166363 8
66 92491257 57119116 9
171 25031816 66500894 1
121 9141940 59145591 3
51 13465995 29473839 5
115 26407022 84924020 6
53 29812973 24466897 5
48 51392201 61712842 9
120 66009662 84284161 1
141 91049677 44925986 1
45 45752123 65305224 7
39 30819537 22464925 7
79 53505030 69234347 5
73 29721404 12509053 4
50 60294523 50609395 10
48 81107284 53568282 2
155 59172867 25388950 3
192 48153134 11566555 10
118 95461670 61757740 6
69 28802646 6763941 3
26 35492986 9609298 11
106 44340275 33550202 6
71 63774680 19780292 3
88 82649465 72549359 10
44 40393874 89181747 7
133 90289138 70235906 3
163 49464591 57665687 11
146 38453015 29181025 3
50 45012228 8526987 7
61 14700108 57540686 9
33 53077227 13707044 2
114 71747905 68485419 6
35 94608772 90970512 10
117 55842621 28948173 4
93 86367600 60011273 4
87 40944933 4955995 4
73 30459350 49842767 5
102 39596746 93111444 7
113 47310786 11190455 1
78 4942267 50020517 9
113 7824261 91206667 1
86 67564778 90111600 8
75 14761536 55632230 8
170 86700907 19943744 1
63 2608423 81135736 7
80 18330946 42293613 9
154 90001341 34059537 2
33 59630921 28987818 1
65 95846029 37264923 4
184 12121382 96852234 9
124 2304837 39864335 6
34 48075288 19003224 10
28 88186084 46573839 11
150 86510268 38996814 11
61 19727053 87615343 7
80 55048814 15611897 8
67 97919538 9454574 9
72 20427124 5779179 8
33 19066487 9422920 1
80 13320155 78971773 5
162 27305182 68556967 9
56 40475590 94758806 9
112 74687749 55874876 6
94 5119317 56568603 6
58 26424551 54319637 8
60 57880542 72706072 6
162 84238971 55639463 3
88 13560227 72680293 6
85 54889102 85984817 4
81 84256037 91043881 6
39 72574143 73279240 5
68 76874966 32988227 2
34 57056235 7932291 5
120 9605398 58015111 11
140 27993380 42334835 8
138 35491026 52119645 4
44 35750431 25080322 4
66 75197696 74571108 3
63 38908894 68164611 1
127 46492148 22400655 11
83 49497566 19736345 7
47 58105000 34746742 3
79 9357477 63626279 5
56 16714010 48864827 3
130 36965702 65297881 1
36 23591890 86250199 11
0 2044011 46389313 389
0 47719203 75702267 371
0 88543153 84158173 365
130 69612481 39760837 223
39 65422139 93719725 234
2 5662824 31444629 308
4 73705132 7764877 210
6 32539817 85465337 147
8 59265956 54928344 197
124 93661623 67040139 337
40 316174 42163773 363
3 68016944 18550650 62
1 14746826 25051081 340
204 83706264 71759018 181
16 85097626 91396047 201
53 58624483 86501736 7
107 98669234 95724307 240
3 63754594 76243218 64
3 65538678 28038949 119
7 85275649 91001521 25
