0
4
70
32 44285778 77682022 1
5 67561420 61425768 2
2 39659090 6090883 3
2 28314701 39482287 4
25 53504410 59876078 5
22 30239180 96023551 6
4 81242768 38736651 7
23 61354071 38382974 8
13 12344542 8042759 9
27 68895647 68183197 10
29 73465928 42258823 11
9 2627505 14980024 12
5 99245542 44681405 13
10 90758363 3287360 14
12 56953759 77453386 15
8 61006351 23241803 16
9 26378605 62084950 17
5 82728193 89650287 18
10 84320114 46450086 19
9 82622045 17460956 20
4 97073885 132988 21
9 96047977 21327008 22
7 78341555 62106385 23
24 11594837 19957388 24
15 82884168 20963267 25
11 4274634 56514055 26
10 38569658 97213239 27
9 16408583 53545952 28
16 74051599 82838915 29
10 99620449 47782290 30
5 61570823 34297543 31
18 94469717 16660433 32
3 62200078 70588710 33
12 74777131 71761132 34
3 64161553 13547316 35
19 33961918 27161759 36
22 91108601 10746547 37
23 17732390 28121935 38
10 95429728 27202073 39
16 29965190 27109613 40
8 51058246 89117142 41
17 12911833 42179722 42
11 69437085 95473958 43
22 53087353 86146153 44
15 80427259 51564862 45
8 79794743 94076085 46
15 20073378 13632177 47
8 83254539 25581665 48
30 92688598 57218224 49
5 27665063 47007472 50
20 37521617 32887203 51
16 28527234 41748530 52
9 25997888 37102302 53
9 83423173 97540761 54
8 49448032 92266404 55
7 71834718 92628178 56
8 27421529 92341298 57
6 33464491 1702235 58
35 34876265 83943974 59
4 91696539 15623460 60
7 24454318 37450159 61
32 32847960 18656211 62
5 95835196 49846591 63
5 78642212 86788371 64
3 22156492 64196586 65
2 51440925 63113519 66
17 58821016 89148803 67
1 49928531 72389661 68
1 27436803 91627577 69
17 52036127 19280590 70
70
18 98293118 82970638 1
5 46275252 14202946 2
17 94931407 47818828 3
23 7069203 59642626 4
23 33826132 51399030 5
7 88146215 95053769 6
3 54183944 18475568 7
24 80352848 83355483 8
12 17594082 74198522 9
9 25475669 66006524 10
4 64963942 40856965 11
22 61225005 12624413 12
7 47829619 40608868 13
5 21729536 91221348 14
6 25865168 76413701 15
26 30212354 35936552 16
10 8769682 79886771 17
3 38867333 51944850 18
4 59910288 29477909 19
6 61991136 37570584 20
4 10177028 59379470 21
15 95886079 65718511 22
6 14027859 97947475 23
24 25886048 3465160 24
19 97479069 49675128 25
18 52597425 98063440 26
18 41827298 85124408 27
17 79675040 87205618 28
16 14709282 69981818 29
15 97000406 7625624 30
9 52055027 50086728 31
16 42817816 92491310 32
6 77538613 20100297 33
3 52949077 84326427 34
5 27491717 60968943 35
22 37732277 74786753 36
11 26435065 42632708 37
17 46290979 18422640 38
24 18434315 46544016 39
10 20587743 31992466 40
8 2589133 62814188 41
22 48290952 20893991 42
6 65386959 50091254 43
5 11599885 56978742 44
17 83140090 26247143 45
10 5066742 46304312 46
5 23394728 14952420 47
30 23007616 19504147 48
17 31881328 52737432 49
25 83267744 65656446 50
10 32504443 89734882 51
7 92590474 93625665 52
29 98504938 55710857 53
5 94508860 21917793 54
12 57091489 69236827 55
28 81283054 94736851 56
6 44711151 79418645 57
7 19831724 4053984 58
5 54346376 6692099 59
18 97709178 72843807 60
12 66428428 28488193 61
5 80954818 91091621 62
17 83761974 3480481 63
7 32950006 36029363 64
4 98204063 71801606 65
1 29282198 33350312 66
1 60192854 51568027 67
36 41676010 18690473 68
0 81013162 54772911 69
0 72944761 9675167 70
70
29 15989775 10560330 1
1 78910393 23998694 2
3 90192086 75196904 3
2 9117667 71057881 4
2 90837898 58123129 5
2 64999927 3293728 6
29 28467457 40374554 7
11 43472280 53150045 8
6 30078387 51205067 9
20 30101050 28369788 10
7 1112046 49229847 11
3 87649227 94486974 12
4 65418539 22568114 13
7 9851958 69950546 14
8 46342529 35557164 15
18 65848761 707443 16
29 72380798 66305029 17
9 37187807 17277277 18
7 33976089 93140334 19
6 61044763 30297977 20
3 78964219 56773305 21
12 14750684 4212304 22
10 79037017 93329758 23
21 44195359 40778763 24
12 21609080 73056915 25
14 88579005 24915479 26
13 45024397 10323162 27
10 86908186 19899229 28
12 28043940 22572544 29
16 62640086 61571774 30
18 4064660 95640887 31
9 59388978 11633872 32
11 60118906 4315874 33
15 87745891 7695308 34
9 95794742 61735753 35
7 12121126 25684287 36
13 45964437 60675897 37
5 22677585 66769223 38
3 39775626 41261502 39
3 94948954 4548543 40
10 24596330 29988848 41
11 80229167 1061664 42
5 35452187 98354519 43
5 23249764 86441342 44
17 5737901 67716880 45
13 76247269 44215286 46
3 21222675 89215454 47
22 77559155 41024236 48
6 238230 77048875 49
6 44357979 48362001 50
16 79434853 81911911 51
8 26622915 98048407 52
9 1196338 74071842 53
27 92017826 77079755 54
14 68609543 40524071 55
30 99546432 71940289 56
5 19273687 99906136 57
9 29586659 97486638 58
7 56579251 56904885 59
10 45940218 45962954 60
32 77068405 43287608 61
6 49868033 40103974 62
11 37582442 13014189 63
5 59294080 93699723 64
27 48138970 79766973 65
5 21799409 84112249 66
4 57789697 62309600 67
17 30193878 77745252 68
7 21630356 85734265 69
25 44224034 89974470 70
70
17 86368090 30704353 1
5 87097848 31135931 2
7 78631277 30902596 3
24 8738912 67709852 4
3 6804597 3745575 5
6 83171238 91944296 6
7 81016943 7949526 7
4 73083425 61579208 8
7 51269116 74376859 9
5 7239898 86268464 10
7 22826573 18673253 11
16 99513775 14275718 12
6 5005492 10788803 13
7 89131763 65109343 14
4 74641205 34244531 15
26 83069504 82200110 16
29 18122703 39746421 17
7 38842861 22316891 18
10 65008250 21679472 19
10 61529899 14232985 20
22 98327261 18831097 21
5 60348684 2894812 22
22 16987558 99613501 23
3 14539163 73370908 24
12 95119003 96020787 25
14 88775049 50715173 26
17 27743769 7332858 27
14 69088015 89380569 28
5 60677460 82997877 29
14 17818291 15875957 30
11 60253021 72035045 31
12 55711645 2982597 32
10 31754914 13528723 33
6 78896954 13802794 34
19 53025750 16661036 35
19 27110390 76406384 36
14 62860095 97820662 37
19 8158519 12447922 38
11 61608666 20154682 39
7 38440566 99310249 40
11 79180782 37158541 41
3 24156648 20837824 42
16 82640699 91200770 43
3 2345893 37565335 44
5 94743798 1080811 45
7 55706568 62053741 46
10 86608256 57296913 47
4 33538288 84997401 48
8 19187674 51956957 49
11 9404033 45798655 50
12 30443258 90533119 51
26 61248335 85195927 52
9 35841978 36504542 53
7 35480760 80907947 54
13 74677760 91212554 55
30 67183437 86165927 56
28 95163235 73684613 57
7 74433958 67868819 58
16 60324598 73539876 59
6 67925319 46670169 60
5 16366306 50999055 61
18 99595715 24885117 62
17 70923671 3029186 63
25 35438177 40975758 64
4 41274248 94563399 65
3 11296225 36824209 66
21 11546900 91283001 67
9 7794388 22589362 68
0 59847691 40978549 69
0 86055222 41210829 70
