0
4
70
19 83982005 83982005 1
19 50077034 50077034 2
49 43505610 43505610 1
34 68228265 68228265 2
29 76654417 76654417 3
28 60575903 60575903 1
30 58448249 58448249 3
30 55840490 55840490 1
25 41366491 41366491 3
28 69241503 69241503 1
29 92673790 92673790 3
32 86852909 86852909 3
19 3834319 3834319 1
25 96514545 96514545 2
41 99391991 99391991 1
30 94037530 94037530 2
49 14265237 14265237 1
28 68861092 68861092 1
38 55797289 55797289 1
26 71755496 71755496 3
32 77747242 77747242 3
19 84633664 84633664 1
29 43234731 43234731 3
25 71606958 71606958 3
22 31538061 31538061 3
26 83098842 83098842 3
30 84373939 84373939 1
19 93049914 93049914 1
28 70890193 70890193 2
21 16294414 16294414 2
22 49835406 49835406 3
29 22026256 22026256 3
20 91177595 91177595 2
41 13037278 13037278 3
25 53193617 53193617 1
47 20989377 20989377 1
20 14523754 14523754 2
26 63278865 63278865 2
22 2764361 2764361 2
30 187770 187770 3
28 93800522 93800522 3
22 33742800 33742800 1
37 1186475 1186475 1
29 85097550 85097550 3
26 56746785 56746785 2
26 10046388 10046388 3
19 64473472 64473472 1
33 31829731 31829731 2
19 51293763 51293763 1
28 17272990 17272990 3
27 39135346 39135346 38
0 53848055 53848055 66
42 89280029 89280029 59
24 82009461 82009461 57
3 42402974 42402974 37
4 41361546 41361546 50
11 75228482 75228482 31
2 65459218 65459218 58
6 77465721 77465721 4
27 31399302 31399302 27
4 68023196 68023196 50
11 41789372 41789372 61
13 7353335 7353335 15
24 70335178 70335178 1
9 22021113 22021113 10
8 70584086 70584086 39
0 97806186 97806186 63
24 11661318 11661318 51
29 23941301 23941301 25
7 13823913 13823913 45
70
45 85530146 85530146 2
26 10777681 10777681 3
22 62009100 62009100 3
22 5384446 5384446 3
18 68643620 68643620 3
22 72316388 72316388 4
42 6791157 6791157 2
24 33537118 33537118 5
13 59665212 59665212 2
15 86925639 86925639 2
11 72235618 72235618 5
11 45302237 45302237 1
26 53283227 53283227 5
12 11758650 11758650 2
43 4748762 4748762 1
11 88576452 88576452 1
14 20762185 20762185 2
27 26802395 26802395 3
30 3315638 3315638 1
12 13482889 13482889 2
21 39211811 39211811 4
22 16961949 16961949 3
39 80366016 80366016 1
25 28773911 28773911 5
14 10580285 10580285 5
37 61982778 61982778 3
15 85294092 85294092 4
47 4172907 4172907 1
11 12461877 12461877 1
21 67861529 67861529 5
22 63584454 63584454 3
23 95778640 95778640 2
25 72924398 72924398 1
19 2504186 2504186 2
31 87887825 87887825 3
11 77844491 77844491 1
12 10564136 10564136 5
19 66517148 66517148 3
18 6936596 6936596 3
21 1111578 1111578 3
14 28332034 28332034 5
28 85534651 85534651 3
20 53096803 53096803 3
18 94386726 94386726 3
11 66286212 66286212 1
12 6455335 6455335 4
11 42609509 42609509 1
22 59010582 59010582 3
11 24508032 24508032 1
14 89384269 89384269 4
18 96771607 96771607 2
8 29287982 29287982 16
10 63872423 63872423 32
6 3888496 3888496 57
3 77950423 77950423 36
12 28213761 28213761 61
25 12939757 12939757 58
10 15231484 15231484 20
24 86842509 86842509 66
10 60772105 60772105 4
5 19496203 19496203 13
22 42463160 42463160 65
6 88301492 88301492 34
9 64013031 64013031 21
26 46618049 46618049 41
23 52910506 52910506 68
6 77114565 77114565 35
7 3857951 3857951 44
9 1400935 1400935 13
5 65546647 65546647 55
70
4 17749613 17749613 2
32 60343031 60343031 3
4 15310770 15310770 2
4 73512959 73512959 3
0 64138398 64138398 1
4 83672510 83672510 2
12 63658600 63658600 10
6 10134234 10134234 13
28 9762515 9762515 3
4 39334744 39334744 2
34 70880629 70880629 4
26 69726952 69726952 16
15 56585800 56585800 23
7 38023774 38023774 9
21 37989090 37989090 12
18 93972592 93972592 9
18 72180531 72180531 12
7 31226906 31226906 22
12 66765001 66765001 14
16 78750591 78750591 23
10 93250304 93250304 9
26 7114701 7114701 23
18 48226227 48226227 2
31 20229455 20229455 47
4 51781016 51781016 4
13 3688738 3688738 27
9 26539994 26539994 53
13 26884788 26884788 23
9 78182529 78182529 25
14 13746220 13746220 26
12 92211944 92211944 42
33 68713890 68713890 51
22 21788027 21788027 7
29 91126197 91126197 59
40 49726943 49726943 48
20 4398037 4398037 6
26 23562685 23562685 55
9 38966983 38966983 30
11 60817641 60817641 58
30 26875884 26875884 41
6 95439083 95439083 42
35 87347866 87347866 3
8 48697155 48697155 14
8 68808711 68808711 6
39 72579707 72579707 55
16 33567810 33567810 47
5 56493350 56493350 13
14 16899828 16899828 33
5 90850325 90850325 16
31 35548802 35548802 30
0 34806179 34806179 66
2 66433121 66433121 59
38 4267336 4267336 50
19 69992928 69992928 17
10 38845099 38845099 56
12 85246968 85246968 41
27 62866402 62866402 50
5 90044297 90044297 34
19 92702510 92702510 32
11 4264246 4264246 42
25 80031127 80031127 25
12 19783007 19783007 35
20 97579821 97579821 24
13 40877713 40877713 23
7 48796117 48796117 51
20 31860795 31860795 19
18 33435486 33435486 58
3 97601746 97601746 64
8 60775677 60775677 28
18 42562009 42562009 23
70
3 13188954 13188954 2
3 19420931 19420931 2
1 64155024 64155024 1
25 73106719 73106719 6
3 93802977 93802977 5
5 71440607 71440607 8
13 48042485 48042485 1
1 50312654 50312654 4
4 52983836 52983836 6
4 27054259 27054259 6
16 57091322 57091322 9
3 17225905 17225905 12
22 31001422 31001422 19
3 71943482 71943482 28
25 49004704 49004704 14
1 44150580 44150580 3
14 11130203 11130203 25
24 91949612 91949612 11
3 23332156 23332156 5
13 43311058 43311058 23
13 24583184 24583184 36
4 27776427 27776427 7
6 66107657 66107657 41
11 73658700 73658700 18
3 6110149 6110149 2
23 49316255 49316255 17
8 20717633 20717633 19
7 83905218 83905218 15
25 11019771 11019771 50
7 29693228 29693228 52
8 73202096 73202096 31
5 94357639 94357639 19
6 35743125 35743125 45
6 6048814 6048814 43
15 56344925 56344925 39
6 64245418 64245418 13
8 18254132 18254132 36
5 15855140 15855140 25
14 30061468 30061468 32
14 86562505 86562505 16
9 84677940 84677940 43
5 19279135 19279135 10
16 18547444 18547444 5
6 84564693 84564693 40
7 18805526 18805526 18
15 74676365 74676365 41
5 40130122 40130122 56
20 85063264 85063264 62
7 66102066 66102066 44
1 14486686 14486686 65
4 60463428 60463428 46
13 91286721 91286721 62
7 96892197 96892197 48
2 5684351 5684351 68
13 93022589 93022589 34
1 11833310 11833310 66
7 40481059 40481059 42
25 76687267 76687267 17
7 36961632 36961632 52
3 30907705 30907705 38
4 71579950 71579950 44
2 95001725 95001725 68
26 49617319 49617319 52
0 95574836 95574836 69
6 24519525 24519525 43
3 1251078 1251078 54
5 83717586 83717586 68
11 42349101 42349101 23
8 36365142 36365142 26
10 10343718 10343718 46
