0
4
400
151 80716605 80716605 2
130 11165064 11165064 1
131 63746516 63746516 3
230 39080651 39080651 1
265 60921869 60921869 3
130 98994036 98994036 2
130 32045341 32045341 1
130 80010886 80010886 1
192 5162954 5162954 2
155 76436381 76436381 2
138 31091408 31091408 3
130 34428815 34428815 1
160 88763192 88763192 3
130 42563136 42563136 1
137 3517704 3517704 3
176 4005986 4005986 1
140 21248435 21248435 3
140 99470137 99470137 3
135 62434571 62434571 3
262 21865009 21865009 1
136 21731398 21731398 3
151 56133729 56133729 2
128 59213248 59213248 3
191 14080537 14080537 2
149 16929551 16929551 2
196 68864595 68864595 2
186 48066198 48066198 3
130 87864528 87864528 1
130 11247611 11247611 1
130 22130500 22130500 1
176 35503014 35503014 1
150 78280730 78280730 2
166 43521646 43521646 2
126 25507105 25507105 2
144 1714560 1714560 2
189 90082439 90082439 2
138 18058673 18058673 3
182 81730138 81730138 2
145 22568024 22568024 2
141 4707486 4707486 3
186 92294642 92294642 1
137 38121118 38121118 3
178 12679301 12679301 2
132 22360408 22360408 3
250 12937445 12937445 3
134 10917745 10917745 3
248 39065887 39065887 1
175 75724281 75724281 2
145 63072511 63072511 2
136 84782362 84782362 3
130 48707501 48707501 1
196 49582734 49582734 2
187 82456892 82456892 2
203 39215540 39215540 2
130 41071750 41071750 1
251 3964494 3964494 1
153 59801226 59801226 1
256 10833677 10833677 3
229 8751754 8751754 3
134 34481833 34481833 3
130 82746815 82746815 3
150 28869280 28869280 2
256 40745958 40745958 1
210 33939801 33939801 3
206 75687709 75687709 3
273 72724007 72724007 1
168 55850976 55850976 2
185 46493547 46493547 3
135 54130077 54130077 3
130 92180535 92180535 1
130 83766911 83766911 1
140 95052424 95052424 3
170 16289656 16289656 3
145 93059749 93059749 1
225 87009016 87009016 1
158 92404533 92404533 2
152 84181511 84181511 2
203 7217469 7217469 2
169 28677044 28677044 2
184 41495447 41495447 2
272 72348951 72348951 3
136 16710687 16710687 3
126 48474831 48474831 2
132 9790802 9790802 2
130 74777625 74777625 1
140 92203463 92203463 2
154 14667851 14667851 2
194 15173484 15173484 3
207 16593746 16593746 2
130 56102391 56102391 1
164 41259536 41259536 2
208 21413631 21413631 1
225 6211516 6211516 3
231 64113418 64113418 3
130 56784844 56784844 1
188 13571217 13571217 3
130 88141333 88141333 1
253 14306639 14306639 3
212 32313086 32313086 3
156 43297468 43297468 3
210 98325636 98325636 2
225 94575995 94575995 3
204 67638037 67638037 2
130 38136106 38136106 1
204 19281971 19281971 1
128 52663135 52663135 3
130 49840328 49840328 1
133 85481708 85481708 2
130 40964640 40964640 1
176 12643517 12643517 2
154 87287676 87287676 3
174 32366554 32366554 2
151 71247785 71247785 2
159 17168208 17168208 2
137 24001377 24001377 3
176 49752824 49752824 1
130 60731472 60731472 2
130 18000342 18000342 1
260 16310946 16310946 1
178 22476228 22476228 2
138 98376548 98376548 2
130 90015552 90015552 1
135 22156798 22156798 3
245 48607238 48607238 1
130 74325248 74325248 1
158 59635773 59635773 2
210 40403112 40403112 3
188 90909468 90909468 3
130 68342741 68342741 1
188 81492635 81492635 2
129 24354659 24354659 3
130 75560341 75560341 1
128 61836067 61836067 3
128 5817121 5817121 3
282 52589651 52589651 1
130 21452273 21452273 1
130 94421135 94421135 1
130 61607408 61607408 1
133 67041545 67041545 3
130 21773044 21773044 1
268 59000772 59000772 1
265 60697481 60697481 3
186 34047922 34047922 1
137 97911183 97911183 3
187 75570459 75570459 2
130 37626470 37626470 1
190 40890334 40890334 2
152 26685517 26685517 2
204 56956733 56956733 2
252 65261180 65261180 1
130 37764264 37764264 1
176 1901810 1901810 1
134 25666125 25666125 3
134 56112131 56112131 3
131 73287191 73287191 3
178 77181978 77181978 2
128 43658054 43658054 3
158 84714523 84714523 1
130 43163764 43163764 1
130 20630738 20630738 1
130 49598464 49598464 1
143 85449869 85449869 1
136 82369916 82369916 3
138 2533230 2533230 3
149 47978340 47978340 3
174 32281569 32281569 3
158 41828005 41828005 2
130 2496446 2496446 1
170 22172350 22172350 2
130 61947572 61947572 3
133 92110158 92110158 2
159 9249546 9249546 3
193 99177638 99177638 2
130 84703711 84703711 1
138 65321347 65321347 3
228 19275646 19275646 3
194 34850222 34850222 2
144 66607108 66607108 2
161 75414851 75414851 2
136 98527699 98527699 3
133 25987736 25987736 3
130 84076886 84076886 1
130 5976180 5976180 1
130 90614390 90614390 1
249 90746549 90746549 1
181 69556908 69556908 1
246 34087472 34087472 3
250 4388231 4388231 3
137 69583119 69583119 3
138 89247748 89247748 3
272 2605025 2605025 3
269 16682620 16682620 1
130 81806030 81806030 1
132 80952792 80952792 3
184 64127977 64127977 1
134 46776107 46776107 3
130 12370468 12370468 2
169 74061160 74061160 3
182 2758352 2758352 1
167 98639240 98639240 3
204 85978045 85978045 1
141 14161775 14161775 3
135 40791988 40791988 3
129 56399586 56399586 3
131 25680566 25680566 2
156 58422367 58422367 1
129 19272008 19272008 3
174 78990711 78990711 3
194 18122051 18122051 2
202 87612730 87612730 1
203 27139140 27139140 2
131 92964231 92964231 3
130 63701966 63701966 1
128 86058704 86058704 3
184 39253379 39253379 2
136 98269266 98269266 3
130 28671702 28671702 1
130 32847039 32847039 1
147 90084028 90084028 3
142 8720667 8720667 2
126 81728074 81728074 2
178 91323064 91323064 2
130 90833224 90833224 1
178 78247070 78247070 2
232 43608293 43608293 3
253 34917595 34917595 1
156 64583174 64583174 3
163 81338735 81338735 1
160 35185445 35185445 2
169 22059521 22059521 1
269 62029720 62029720 3
130 32901406 32901406 3
196 3877870 3877870 1
187 22608193 22608193 2
183 79213118 79213118 1
133 79789792 79789792 2
129 1254372 1254372 3
250 6960388 6960388 3
198 70416043 70416043 1
172 34651545 34651545 3
139 42944624 42944624 2
130 99657572 99657572 1
130 47587729 47587729 1
130 6167630 6167630 1
157 65080720 65080720 2
130 12403480 12403480 1
203 84951501 84951501 3
259 66825963 66825963 1
130 96812339 96812339 1
165 15040373 15040373 1
139 19822051 19822051 3
130 84983144 84983144 1
178 86753600 86753600 1
175 52069229 52069229 3
265 31615466 31615466 1
125 38124212 38124212 2
129 61462329 61462329 3
153 66701450 66701450 1
158 27489666 27489666 2
176 91166874 91166874 2
167 54310746 54310746 1
137 58042118 58042118 2
154 49626006 49626006 2
135 24605424 24605424 3
160 36109980 36109980 2
268 82408695 82408695 1
130 38489034 38489034 1
130 21157417 21157417 1
130 21126103 21126103 1
245 26459932 26459932 1
154 56060934 56060934 2
171 37113715 37113715 1
185 52347322 52347322 2
153 17204658 17204658 1
130 59264025 59264025 2
130 99428940 99428940 1
185 5791136 5791136 3
130 16300202 16300202 1
130 80839957 80839957 1
130 15495523 15495523 2
141 59934180 59934180 3
130 96404842 96404842 3
209 61826636 61826636 1
234 15824329 15824329 1
172 52378004 52378004 2
143 45130894 45130894 2
248 27578113 27578113 1
228 10024167 10024167 3
171 36695684 36695684 2
216 73410763 73410763 1
223 92507133 92507133 3
139 29164388 29164388 2
134 98966822 98966822 3
237 1699568 1699568 1
141 73795227 73795227 3
129 82990349 82990349 2
151 90812207 90812207 1
260 50567226 50567226 3
238 6473939 6473939 1
147 76712257 76712257 2
156 15848665 15848665 3
150 15501586 15501586 1
256 5594910 5594910 1
125 15589815 15589815 2
130 58483939 58483939 1
189 38340603 38340603 1
155 94005179 94005179 2
130 25496064 25496064 1
258 3805402 3805402 1
161 74645453 74645453 2
191 61540054 61540054 2
138 47123184 47123184 3
200 33433478 33433478 3
213 52514348 52514348 2
150 72319289 72319289 3
145 867358 867358 3
210 463734 463734 3
175 62286521 62286521 2
144 64379434 64379434 1
172 17815425 17815425 2
186 17556466 17556466 3
196 76465687 76465687 2
170 32841874 32841874 2
132 62324517 62324517 3
245 8242779 8242779 1
137 34376367 34376367 3
131 87837728 87837728 2
184 66805997 66805997 2
133 68644839 68644839 2
193 39053785 39053785 3
166 2996815 2996815 2
227 91613625 91613625 3
144 78155740 78155740 3
199 49541635 49541635 2
130 62042540 62042540 1
160 98598718 98598718 3
197 49654873 49654873 2
197 8720385 8720385 2
129 55262324 55262324 3
216 2654602 2654602 1
182 14501651 14501651 2
130 78664955 78664955 1
130 85405245 85405245 1
128 44996855 44996855 2
199 27926816 27926816 3
151 94321911 94321911 1
137 93032706 93032706 3
201 13946700 13946700 2
147 37416632 37416632 3
214 25950563 25950563 1
193 50144008 50144008 1
169 8891856 8891856 2
180 94975508 94975508 2
256 89119287 89119287 1
259 60630241 60630241 1
130 6897078 6897078 2
143 35839426 35839426 2
225 88072051 88072051 1
140 72961995 72961995 3
201 88655888 88655888 2
130 64310026 64310026 3
178 61377815 61377815 2
130 56897898 56897898 1
192 20922002 20922002 2
179 96355284 96355284 2
130 13663444 13663444 1
199 89722630 89722630 2
182 85552560 85552560 2
130 27803435 27803435 1
218 29980963 29980963 3
203 86384456 86384456 2
218 22001251 22001251 3
128 82587486 82587486 2
177 69176712 69176712 3
185 40831386 40831386 2
185 93384366 93384366 2
214 16563992 16563992 2
138 28252745 28252745 3
200 93458645 93458645 2
134 90865538 90865538 3
37 61492118 61492118 269
120 26567865 26567865 93
104 58446597 58446597 50
22 57278004 57278004 344
1 1369026 1369026 386
97 18161101 18161101 27
4 34792092 34792092 68
23 41239611 41239611 161
4 22345699 22345699 288
135 75048202 75048202 252
161 495162 495162 383
154 61413590 61413590 352
5 9661874 9661874 110
41 12738955 12738955 397
9 43029557 43029557 103
86 98149046 98149046 283
151 96459110 96459110 266
4 82638438 82638438 211
211 5641109 5641109 364
13 92108486 92108486 6
400
104 27029376 27029376 5
75 7157052 7157052 1
189 44730733 44730733 2
175 60437909 60437909 1
207 65056881 65056881 2
88 54021419 54021419 1
103 45467666 45467666 5
104 14949757 14949757 5
75 84072806 84072806 1
115 10202415 10202415 5
90 98761400 98761400 3
95 27558240 27558240 4
114 96783289 96783289 2
110 60117296 60117296 2
105 53002952 53002952 2
92 51839310 51839310 4
75 65049619 65049619 1
100 47752438 47752438 5
104 96002909 96002909 5
132 90041630 90041630 3
86 95090019 95090019 2
153 71135753 71135753 4
105 48772245 48772245 5
103 43692348 43692348 5
116 63751232 63751232 5
119 23389836 23389836 5
104 34899579 34899579 5
133 56578536 56578536 3
100 67808499 67808499 5
246 28754528 28754528 1
91 74469023 74469023 1
75 33781371 33781371 1
101 40228570 40228570 5
100 50823417 50823417 5
82 86374596 86374596 1
91 46841956 46841956 4
88 41812681 41812681 3
137 7011334 7011334 3
150 7436937 7436937 5
164 80639202 80639202 1
176 93215100 93215100 5
149 78655660 78655660 4
100 49839340 49839340 5
75 23453329 23453329 1
128 4096892 4096892 5
226 37124772 37124772 5
126 41711913 41711913 1
75 68967519 68967519 1
102 46697586 46697586 3
178 63687876 63687876 1
162 92865962 92865962 3
108 92279126 92279126 5
83 91424772 91424772 2
172 83400003 83400003 4
166 58754534 58754534 3
75 85478653 85478653 1
203 92450726 92450726 5
164 27821370 27821370 1
229 89679362 89679362 1
88 39261357 39261357 2
148 42781498 42781498 5
91 78780799 78780799 4
225 15725205 15725205 5
105 75954299 75954299 4
207 33127840 33127840 1
147 88290170 88290170 2
78 25049698 25049698 3
87 27525774 27525774 2
115 22807043 22807043 2
101 78664529 78664529 5
96 66185904 66185904 2
136 9503886 9503886 4
164 95318169 95318169 2
101 78418842 78418842 5
110 80577568 80577568 2
114 36423951 36423951 4
101 94256945 94256945 5
71 65245660 65245660 4
76 14286592 14286592 2
109 65222524 65222524 4
105 45664883 45664883 3
160 35769301 35769301 2
112 87589335 87589335 3
92 10708061 10708061 4
105 85748343 85748343 5
161 10132158 10132158 3
75 79346735 79346735 1
164 22947714 22947714 3
95 58185148 58185148 2
176 4531693 4531693 2
119 28311559 28311559 4
149 71006071 71006071 5
257 7587529 7587529 5
88 33291580 33291580 2
112 17118808 17118808 5
155 30313337 30313337 3
77 73145224 73145224 2
81 62331429 62331429 2
106 68378182 68378182 2
164 81761135 81761135 4
132 6888818 6888818 1
78 78182365 78182365 3
115 48516298 48516298 5
98 92228615 92228615 4
117 52139010 52139010 2
168 74411520 74411520 2
105 3794282 3794282 5
174 22893820 22893820 4
153 23994716 23994716 5
148 18573654 18573654 5
98 33848728 33848728 3
136 50777875 50777875 1
75 92811467 92811467 1
208 83262380 83262380 1
116 91566770 91566770 3
85 725834 725834 4
105 73673228 73673228 5
105 64879721 64879721 1
75 44520447 44520447 1
146 64197633 64197633 5
103 71561262 71561262 5
213 11077289 11077289 5
116 25898021 25898021 3
241 895069 895069 1
143 19383966 19383966 2
75 78418469 78418469 1
102 72280080 72280080 2
106 27908732 27908732 4
103 14301133 14301133 4
112 32224680 32224680 4
101 80903101 80903101 5
170 41724244 41724244 2
101 23530900 23530900 5
163 29732980 29732980 5
75 94216648 94216648 1
141 58402986 58402986 5
138 63498882 63498882 5
102 5150743 5150743 5
120 91936633 91936633 3
106 80405766 80405766 5
158 71286669 71286669 4
93 57660185 57660185 4
149 66049895 66049895 1
115 76711779 76711779 1
70 84372796 84372796 4
117 9213562 9213562 2
105 94090208 94090208 5
105 47589944 47589944 5
79 86550756 86550756 3
75 37087798 37087798 1
131 45427361 45427361 3
138 98316293 98316293 3
75 15718675 15718675 1
162 64618537 64618537 4
187 2276329 2276329 4
131 41832104 41832104 4
139 47632934 47632934 3
143 27719185 27719185 5
75 14552883 14552883 3
72 47414027 47414027 4
75 40726007 40726007 1
85 96762011 96762011 2
75 97750406 97750406 1
76 85357429 85357429 4
79 48607058 48607058 3
82 15920803 15920803 4
143 33688206 33688206 4
146 29619100 29619100 3
230 76664807 76664807 5
75 28035130 28035130 1
86 2610401 2610401 2
77 98363717 98363717 3
212 46971933 46971933 5
203 87951742 87951742 5
104 61616623 61616623 5
170 88533231 88533231 2
106 50743636 50743636 5
75 23246179 23246179 1
178 15146446 15146446 1
80 23483672 23483672 3
139 94924622 94924622 1
75 11888061 11888061 1
85 74573529 74573529 4
137 43259599 43259599 5
152 714286 714286 3
92 53591903 53591903 3
75 79532257 79532257 1
75 51342099 51342099 1
103 78288127 78288127 5
127 96710874 96710874 3
112 14623089 14623089 3
75 47739777 47739777 1
107 34363639 34363639 4
76 9489277 9489277 2
93 38989753 38989753 3
200 1071414 1071414 5
120 91292609 91292609 4
242 23572407 23572407 5
75 5412545 5412545 1
108 46136208 46136208 4
98 3864894 3864894 3
104 71081455 71081455 5
145 26155335 26155335 4
103 29338013 29338013 5
75 85304917 85304917 1
175 81817118 81817118 1
105 27638177 27638177 1
120 7922013 7922013 3
63 39925873 39925873 4
98 34378252 34378252 2
104 87250677 87250677 3
100 1105211 1105211 5
162 36015304 36015304 1
77 5825366 5825366 4
182 75396606 75396606 5
180 81490177 81490177 2
230 40017720 40017720 5
75 12588293 12588293 1
110 53520796 53520796 4
172 30877199 30877199 3
211 51250510 51250510 5
127 44301660 44301660 4
117 14511910 14511910 4
154 49095085 49095085 3
106 69565548 69565548 3
77 79740316 79740316 2
148 75385637 75385637 3
116 98610251 98610251 5
88 63479197 63479197 2
180 83193785 83193785 2
75 48715101 48715101 1
141 32028795 32028795 2
103 42729746 42729746 5
112 54956526 54956526 3
138 14490918 14490918 1
101 26661767 26661767 5
185 27556522 27556522 5
166 12730395 12730395 2
137 91265679 91265679 3
92 2541366 2541366 4
167 33717841 33717841 1
169 47432094 47432094 2
144 1494454 1494454 2
115 2643689 2643689 3
232 19282682 19282682 1
75 59917965 59917965 1
84 16717281 16717281 2
174 13566661 13566661 2
129 7498864 7498864 4
157 55835030 55835030 3
98 95306653 95306653 2
103 19860870 19860870 5
244 6347832 6347832 5
84 63396551 63396551 2
202 81175979 81175979 5
172 3785059 3785059 5
73 13302154 13302154 4
75 88515075 88515075 1
70 81316675 81316675 4
75 30340052 30340052 1
63 66846398 66846398 4
80 45371836 45371836 4
101 95103594 95103594 5
119 97235789 97235789 5
80 9707031 9707031 4
75 60993489 60993489 1
121 27186104 27186104 3
111 58655305 58655305 2
252 25701297 25701297 1
127 39404670 39404670 1
164 69889743 69889743 5
256 50433565 50433565 5
160 82319137 82319137 1
134 57940588 57940588 3
204 72585757 72585757 5
245 39573136 39573136 5
98 62817004 62817004 4
111 92716411 92716411 2
106 83413882 83413882 5
75 49007224 49007224 3
114 39866682 39866682 3
119 93049938 93049938 2
92 78465028 78465028 2
167 58422813 58422813 3
191 65663678 65663678 2
81 62681896 62681896 4
121 47642104 47642104 2
105 44751111 44751111 2
201 16521666 16521666 5
128 78666332 78666332 1
118 57996358 57996358 2
75 94896108 94896108 1
111 40969737 40969737 3
162 93710343 93710343 2
86 41872802 41872802 3
101 24890945 24890945 5
101 49988760 49988760 4
183 62376361 62376361 2
86 22026229 22026229 2
103 60578034 60578034 4
118 23690137 23690137 4
104 33361700 33361700 5
167 22481588 22481588 5
71 41597390 41597390 4
246 4067955 4067955 5
111 28772383 28772383 2
106 6531353 6531353 5
100 8546695 8546695 4
103 43093680 43093680 2
78 9766933 9766933 4
184 10877651 10877651 2
75 80258319 80258319 1
133 42861868 42861868 1
105 91850972 91850972 5
170 97735442 97735442 1
108 69930752 69930752 5
85 89527894 89527894 3
121 97823566 97823566 3
106 83743749 83743749 5
75 39386906 39386906 1
80 30389460 30389460 3
91 68460439 68460439 1
176 54782860 54782860 5
153 94084783 94084783 3
103 37900473 37900473 5
96 38404789 38404789 2
138 78537899 78537899 3
82 98999101 98999101 3
121 20230537 20230537 2
213 62883746 62883746 5
203 59066575 59066575 1
106 97018414 97018414 5
108 56814113 56814113 2
100 35420838 35420838 4
88 94458502 94458502 3
109 98501866 98501866 4
109 37873431 37873431 1
143 91190317 91190317 3
243 7242316 7242316 5
75 77891276 77891276 1
125 16949240 16949240 3
143 19781303 19781303 4
171 92255915 92255915 2
150 32273998 32273998 4
152 33293546 33293546 2
155 66412508 66412508 2
80 87001 87001 1
102 82162149 82162149 5
102 56070514 56070514 5
152 20195948 20195948 3
75 3662789 3662789 1
147 88457115 88457115 2
81 35168689 35168689 3
121 83184552 83184552 3
157 18034512 18034512 5
75 85635345 85635345 1
116 20276935 20276935 5
198 77202163 77202163 2
92 93400991 93400991 1
90 7184454 7184454 3
100 59253570 59253570 2
114 43400740 43400740 4
78 64774740 64774740 3
112 57399344 57399344 3
100 51535624 51535624 3
110 86598832 86598832 3
98 54826985 54826985 3
105 4750562 4750562 5
105 87527515 87527515 2
139 98470534 98470534 5
76 35468730 35468730 3
204 16805775 16805775 2
75 45047886 45047886 1
128 2033035 2033035 3
125 34667629 34667629 1
75 98623360 98623360 1
154 10500346 10500346 3
101 99166648 99166648 2
91 13435653 13435653 2
83 61941649 61941649 2
2 84114193 84114193 313
59 17304297 17304297 170
1 50105492 50105492 368
2 72626907 72626907 299
3 51042488 51042488 204
0 6854784 6854784 392
6 12118194 12118194 110
8 64926699 64926699 148
211 19068567 19068567 152
44 61614642 61614642 283
5 31519756 31519756 129
6 93742444 93742444 217
102 75465300 75465300 377
5 69886330 69886330 236
33 37246826 37246826 116
3 33612727 33612727 100
203 45489045 45489045 227
73 88495726 88495726 343
4 40881264 40881264 58
7 82393502 82393502 120
400
157 9687808 9687808 2
3 52148955 52148955 2
4 5504219 5504219 3
8 75424300 75424300 7
10 17340781 17340781 7
146 27398837 27398837 6
4 22610875 22610875 3
6 46709498 46709498 10
7 11548316 11548316 11
99 73323393 73323393 20
9 87899188 87899188 22
7 49194119 49194119 11
5 40586553 40586553 20
16 35130497 35130497 14
14 71815654 71815654 13
85 39382141 39382141 11
3 9342982 9342982 2
14 67661871 67661871 12
26 97030358 97030358 34
4 14021089 14021089 3
8 44174178 44174178 14
125 87996687 87996687 13
6 58082356 58082356 24
2 37426850 37426850 5
19 44946752 44946752 1
156 70171376 70171376 35
10 82076226 82076226 7
174 20716806 20716806 21
35 75597452 75597452 45
172 15831152 15831152 18
55 21672599 21672599 46
53 65122589 65122589 64
59 23723127 23723127 62
55 53371928 53371928 67
33 91820783 91820783 39
31 98001258 98001258 58
139 97620787 97620787 38
26 13395420 13395420 56
78 21689377 21689377 77
10 79309482 79309482 10
8 98682243 98682243 7
10 23530690 23530690 53
38 14911814 14911814 37
15 19695854 19695854 28
8 17629278 17629278 66
14 27184578 27184578 88
78 46971238 46971238 54
161 53742999 53742999 38
169 22264094 22264094 9
157 32150412 32150412 43
18 17706749 17706749 29
15 4639608 4639608 29
56 9120209 9120209 94
16 51726806 51726806 16
22 56893327 56893327 59
144 22109602 22109602 39
47 8287769 8287769 114
21 88761683 88761683 60
52 57472407 57472407 79
53 53115725 53115725 46
140 76908185 76908185 64
79 95741328 95741328 68
60 14069255 14069255 96
152 12473366 12473366 17
53 20570381 20570381 58
43 67208306 67208306 43
66 18930030 18930030 63
4 93950230 93950230 81
133 37008670 37008670 53
98 94703293 94703293 89
4 57758053 57758053 51
143 1662194 1662194 31
114 18863445 18863445 136
54 67184018 67184018 38
9 55919677 55919677 120
137 25227261 25227261 43
103 98944459 98944459 116
20 28674283 28674283 31
40 94700527 94700527 117
50 40041695 40041695 118
90 2235220 2235220 120
25 48309214 48309214 96
12 59493210 59493210 25
49 15534821 15534821 53
69 41429803 41429803 134
104 33122750 33122750 161
117 14072620 14072620 27
15 22770829 22770829 133
63 19617226 19617226 116
168 42911684 42911684 11
64 98888536 98888536 118
36 60976073 60976073 33
43 95628874 95628874 54
41 66915914 66915914 147
100 93123869 93123869 86
64 18387071 18387071 93
16 36147323 36147323 20
54 84547010 84547010 137
18 33665028 33665028 24
30 15218750 15218750 64
70 93064079 93064079 141
34 30798923 30798923 158
28 79194191 79194191 160
25 33192158 33192158 64
30 76035375 76035375 122
32 45839381 45839381 93
134 95907905 95907905 155
21 70356391 70356391 133
15 73844691 73844691 12
30 7019431 7019431 96
168 19234685 19234685 51
88 75779941 75779941 99
27 12680908 12680908 181
63 21257771 21257771 162
47 63081738 63081738 133
127 47950714 47950714 54
66 96018840 96018840 110
62 55677469 55677469 79
136 81485059 81485059 152
123 74903290 74903290 94
42 17165794 17165794 29
22 66818908 66818908 93
60 1753036 1753036 202
129 87411032 87411032 65
21 43132009 43132009 47
49 23365539 23365539 246
71 27575219 27575219 10
58 55091314 55091314 169
10 47148716 47148716 7
158 47765988 47765988 49
14 33013099 33013099 46
7 32009886 32009886 224
85 24700829 24700829 258
70 62380981 62380981 57
88 79369950 79369950 79
32 92420438 92420438 261
23 74025096 74025096 25
12 55969544 55969544 84
51 51239476 51239476 128
147 37791262 37791262 21
77 69607013 69607013 125
11 61020632 61020632 245
25 47284750 47284750 220
82 24889444 24889444 129
121 98040237 98040237 179
27 96082721 96082721 285
1 77289325 77289325 1
167 63601282 63601282 255
165 95369124 95369124 247
122 38627626 38627626 142
196 29502229 29502229 6
22 76566041 76566041 211
127 2363396 2363396 204
48 91810164 91810164 279
175 87181001 87181001 301
48 64416761 64416761 245
41 9875640 9875640 74
103 75411495 75411495 85
5 21333016 21333016 298
5 34721587 34721587 217
17 10737315 10737315 234
16 45977284 45977284 187
46 96180618 96180618 237
3 39341249 39341249 8
21 55797084 55797084 56
121 36191543 36191543 169
4 62923063 62923063 248
78 91015298 91015298 152
36 36196579 36196579 168
60 711127 711127 101
43 329375 329375 196
121 52853290 52853290 163
57 1523745 1523745 219
55 16569301 16569301 133
16 13098909 13098909 250
38 38700183 38700183 52
12 41159066 41159066 270
15 32369888 32369888 174
55 70792119 70792119 174
55 27330014 27330014 201
30 23071131 23071131 86
136 70099850 70099850 237
18 31530894 31530894 298
10 59476607 59476607 112
41 15982557 15982557 161
95 90701548 90701548 151
37 33037098 33037098 37
46 86070281 86070281 227
96 79262748 79262748 296
49 84175608 84175608 215
26 91150939 91150939 54
169 39482049 39482049 367
59 57449873 57449873 115
65 14555446 14555446 98
4 25051870 25051870 368
84 28192997 28192997 305
54 80716004 80716004 33
69 85859171 85859171 121
87 51694349 51694349 45
12 95029587 95029587 123
84 50482813 50482813 280
34 45517021 45517021 100
132 13192994 13192994 399
6 92094400 92094400 390
48 47000052 47000052 224
64 92126802 92126802 77
90 2386304 2386304 141
97 22140433 22140433 87
45 48874589 48874589 54
17 55133246 55133246 204
7 58428197 58428197 266
74 81657648 81657648 84
37 81137680 81137680 126
167 82212663 82212663 322
105 67132455 67132455 72
12 79711154 79711154 359
17 27249507 27249507 148
24 92570919 92570919 274
17 77341430 77341430 63
5 37890003 37890003 347
169 69853440 69853440 324
47 77091105 77091105 111
71 13937827 13937827 66
11 19408547 19408547 26
22 76338455 76338455 269
112 61739221 61739221 400
15 35797673 35797673 42
161 70923023 70923023 41
53 67474509 67474509 141
163 73457929 73457929 47
21 84859636 84859636 211
8 52971516 52971516 71
88 30685063 30685063 307
124 87844721 87844721 277
140 63913857 63913857 170
4 56771059 56771059 15
19 92935397 92935397 287
67 21614978 21614978 143
133 21410613 21410613 371
27 85450154 85450154 74
38 34985748 34985748 168
59 66518714 66518714 200
24 97889473 97889473 205
13 90338649 90338649 288
127 1300508 1300508 157
113 14314850 14314850 137
146 33989281 33989281 228
3 71263980 71263980 383
4 64037083 64037083 369
44 73948925 73948925 12
74 59919552 59919552 144
35 31757554 31757554 127
49 64274855 64274855 271
49 30765489 30765489 186
60 51701097 51701097 193
2 16633343 16633343 395
74 86991462 86991462 204
31 86623327 86623327 180
169 73854807 73854807 9
35 92845888 92845888 339
49 53286402 53286402 361
5 16373089 16373089 378
73 69094281 69094281 141
34 96150631 96150631 270
17 82411309 82411309 168
102 76447032 76447032 135
31 60703034 60703034 52
79 41858486 41858486 122
47 98411755 98411755 150
61 72181251 72181251 170
140 20564839 20564839 176
145 86856203 86856203 260
51 156312 156312 73
98 60149541 60149541 382
4 91230853 91230853 321
26 32255646 32255646 238
23 54835533 54835533 284
14 2660096 2660096 294
105 86690286 86690286 13
38 40253133 40253133 150
14 95890942 95890942 52
31 84331248 84331248 297
9 31357872 31357872 32
120 2949279 2949279 318
14 8825746 8825746 40
48 98152685 98152685 55
192 26007084 26007084 303
28 22719652 22719652 53
7 14290085 14290085 36
34 42002248 42002248 242
111 89863504 89863504 163
14 25159830 25159830 315
15 34813899 34813899 316
16 3235721 3235721 329
10 18203296 18203296 134
78 95614780 95614780 89
44 68951927 68951927 222
2 5884239 5884239 393
82 52717972 52717972 130
151 67472681 67472681 44
182 59375698 59375698 308
91 45081646 45081646 109
119 36644256 36644256 276
37 60496305 60496305 241
102 32176784 32176784 202
11 47942995 47942995 66
198 79012681 79012681 28
6 53027505 53027505 215
74 8907662 8907662 97
95 12314677 12314677 370
16 25713585 25713585 330
72 1346940 1346940 266
81 68079838 68079838 49
19 99461617 99461617 318
12 98627410 98627410 227
39 40608497 40608497 122
3 65050136 65050136 376
16 98083412 98083412 165
5 25937651 25937651 390
137 34434827 34434827 340
28 4257673 4257673 364
95 991467 991467 106
26 20247292 20247292 285
31 2576385 2576385 210
56 15040155 15040155 83
35 75951684 75951684 104
30 42209360 42209360 106
13 75466634 75466634 219
48 29578549 29578549 295
111 24984663 24984663 333
46 11281840 11281840 44
95 80870698 80870698 147
58 8706312 8706312 195
4 90375932 90375932 251
82 74929917 74929917 391
57 18133603 18133603 29
47 33234105 33234105 254
3 72765708 72765708 391
5 10879507 10879507 369
17 32079450 32079450 294
39 70095016 70095016 160
108 57651408 57651408 138
25 73663259 73663259 281
82 48529787 48529787 97
28 42529979 42529979 306
11 25540766 25540766 356
35 10098951 10098951 43
86 59838904 59838904 160
157 67880619 67880619 301
5 24853162 24853162 370
169 57051451 57051451 33
63 21762816 21762816 157
11 96634348 96634348 142
128 83246209 83246209 252
6 38312242 38312242 238
20 51240094 51240094 37
60 20283826 20283826 191
76 25697083 25697083 170
49 95331618 95331618 52
80 27421520 27421520 39
83 9054777 9054777 343
47 34848919 34848919 257
13 25585575 25585575 328
64 56385472 56385472 24
166 75829529 75829529 315
69 94499002 94499002 274
127 1632459 1632459 144
174 2593802 2593802 331
135 86813462 86813462 236
16 83032888 83032888 249
67 21958723 21958723 191
24 92812660 92812660 148
109 48090210 48090210 259
12 81399465 81399465 23
89 35945410 35945410 11
28 48472437 48472437 210
39 30793349 30793349 266
205 31469232 31469232 332
22 76511881 76511881 203
133 94700869 94700869 57
38 67983336 67983336 146
13 5510844 5510844 28
11 94472029 94472029 33
24 88433556 88433556 106
3 83249451 83249451 377
33 11443565 11443565 250
3 27944816 27944816 173
7 19013482 19013482 344
61 18532937 18532937 149
28 88605203 88605203 121
30 58109513 58109513 136
21 34033579 34033579 210
148 50125774 50125774 82
17 512058 512058 71
57 3034035 3034035 143
115 14962577 14962577 275
62 89662914 89662914 87
93 5709678 5709678 233
59 2183010 2183010 182
34 20655095 20655095 248
400
99 50421328 50421328 2
34 42153072 42153072 4
7 21586079 21586079 6
8 64507856 64507856 6
122 60962481 60962481 7
16 84913672 84913672 1
88 36456091 36456091 9
194 47077594 47077594 2
28 36041479 36041479 10
6 94089761 94089761 3
170 39977732 39977732 15
12 22170728 22170728 4
4 69696888 69696888 2
76 14123654 14123654 18
12 61724950 61724950 12
9 89303870 89303870 5
12 95934526 95934526 18
177 39293462 39293462 28
21 11109998 11109998 26
43 20630913 20630913 29
16 57934648 57934648 9
13 63846196 63846196 27
103 5615116 5615116 14
73 28421993 28421993 48
12 98916940 98916940 39
134 92876179 92876179 9
43 84735762 84735762 39
30 3445684 3445684 32
72 75541776 75541776 4
119 77494416 77494416 35
20 13847359 13847359 25
139 41678351 41678351 39
33 73800865 73800865 65
9 55623523 55623523 40
86 79620339 79620339 52
8 86174681 86174681 4
21 65607220 65607220 10
23 22382574 22382574 38
7 31557758 31557758 54
145 56996369 56996369 46
38 41890137 41890137 69
88 77679461 77679461 37
88 55632237 55632237 26
44 87725531 87725531 71
21 70597676 70597676 28
14 83517507 83517507 64
12 2730893 2730893 31
65 33507717 33507717 88
10 17979154 17979154 12
69 53333117 53333117 83
14 28403222 28403222 65
18 22384862 22384862 12
52 8371934 8371934 50
17 63902152 63902152 36
16 62627882 62627882 99
11 9486856 9486856 8
38 93054623 93054623 49
117 10271504 10271504 71
14 79497619 79497619 117
10 69182596 69182596 23
32 48189291 48189291 82
171 95819184 95819184 37
10 82788443 82788443 4
52 42859521 42859521 106
17 78246720 78246720 73
28 85232206 85232206 58
21 41365950 41365950 54
83 36508064 36508064 111
32 99660850 99660850 60
11 37974107 37974107 39
84 26243421 26243421 91
47 60229069 60229069 12
113 73800623 73800623 25
32 51078444 51078444 19
103 72606304 72606304 41
21 92742412 92742412 7
56 8907844 8907844 133
84 33607159 33607159 99
29 77489202 77489202 154
45 84632973 84632973 91
23 38363490 38363490 80
59 74530600 74530600 80
87 45261084 45261084 48
107 91990793 91990793 105
51 27691923 27691923 66
94 231949 231949 87
35 61881623 61881623 108
45 32446629 32446629 68
9 77367026 77367026 99
38 74185084 74185084 39
13 46432553 46432553 74
42 70399237 70399237 48
165 66774329 66774329 12
55 20002726 20002726 73
6 13751162 13751162 30
41 68988869 68988869 30
50 31112877 31112877 45
72 4253133 4253133 111
20 4549878 4549878 18
93 4587850 4587850 179
113 49409091 49409091 40
67 76692247 76692247 31
22 66933486 66933486 106
45 8109167 8109167 6
8 18808448 18808448 98
29 72444592 72444592 68
30 68630761 68630761 122
27 80203745 80203745 38
74 41315818 41315818 125
79 87743914 87743914 138
79 895003 895003 1
11 13672932 13672932 79
100 31221061 31221061 206
27 53111566 53111566 203
61 86918200 86918200 185
44 25494058 25494058 213
114 39090396 39090396 51
66 55997978 55997978 167
18 96419124 96419124 201
125 51446007 51446007 143
48 32086616 32086616 240
18 29483136 29483136 182
61 29316864 29316864 235
107 57451595 57451595 85
70 41767585 41767585 35
78 63506532 63506532 175
25 50156362 50156362 93
51 49648532 49648532 13
8 46592170 46592170 221
37 89978338 89978338 206
54 63643786 63643786 73
35 74768205 74768205 223
70 17159244 17159244 166
103 15097454 15097454 246
10 8615884 8615884 105
73 71424027 71424027 109
51 18957180 18957180 105
81 77983528 77983528 228
25 3627087 3627087 48
106 76357157 76357157 48
104 85269757 85269757 63
53 9181967 9181967 260
42 89005787 89005787 151
11 14699038 14699038 30
139 80731403 80731403 22
44 11654846 11654846 122
26 81909419 81909419 211
53 58383219 58383219 252
96 26133321 26133321 42
110 44453191 44453191 4
57 47797667 47797667 251
21 34351328 34351328 45
36 11447317 11447317 25
51 4974342 4974342 244
7 63695460 63695460 56
68 83389057 83389057 38
55 56343302 56343302 166
36 88519601 88519601 142
4 74413649 74413649 74
8 55824328 55824328 40
136 48670513 48670513 235
102 14677821 14677821 205
22 76324664 76324664 17
78 64196526 64196526 187
147 78749683 78749683 219
45 35859312 35859312 233
56 53619792 53619792 293
136 61251255 61251255 260
70 37880773 37880773 131
79 35611945 35611945 82
92 85732510 85732510 196
33 27496287 27496287 316
65 98680753 98680753 304
120 98958637 98958637 343
26 59386567 59386567 230
7 34689763 34689763 293
53 99956874 99956874 349
105 15322467 15322467 220
112 10660041 10660041 222
11 3933274 3933274 358
174 46108826 46108826 357
33 68448606 68448606 156
12 59690989 59690989 363
74 33226196 33226196 86
112 97128172 97128172 300
46 80811536 80811536 44
27 70263918 70263918 170
172 81338999 81338999 362
92 44449186 44449186 119
102 31745448 31745448 296
65 76126123 76126123 369
76 57124359 57124359 63
111 28130424 28130424 109
132 66862015 66862015 199
60 49403348 49403348 76
82 72624217 72624217 201
84 15729539 15729539 225
7 86562249 86562249 8
170 77429011 77429011 372
63 46214902 46214902 381
101 2944908 2944908 149
138 19173886 19173886 314
156 98936048 98936048 360
64 80752238 80752238 360
14 7731634 7731634 291
11 80176936 80176936 268
86 55273450 55273450 311
54 3962958 3962958 107
17 97189821 97189821 167
12 25971778 25971778 3
20 55350604 55350604 362
130 32333200 32333200 80
36 48385220 48385220 148
148 52305777 52305777 324
27 43736299 43736299 119
156 84132572 84132572 13
102 59272189 59272189 384
7 51694675 51694675 69
6 70680602 70680602 395
82 69779994 69779994 62
92 69831487 69831487 143
66 66424456 66424456 75
34 2945122 2945122 171
84 85667887 85667887 62
36 99084901 99084901 250
12 19844126 19844126 372
147 77058032 77058032 319
45 27661994 27661994 119
123 23949393 23949393 73
16 88761850 88761850 16
9 72804337 72804337 210
24 18812013 18812013 180
14 81315887 81315887 343
112 92855944 92855944 319
13 20447910 20447910 232
16 62546535 62546535 332
8 32141871 32141871 11
74 85084708 85084708 78
53 53617823 53617823 254
4 30552075 30552075 395
23 33659732 33659732 101
9 79540548 79540548 248
23 86052101 86052101 31
87 98586141 98586141 118
128 13557229 13557229 239
8 62318875 62318875 205
122 74094096 74094096 52
129 36974708 36974708 37
102 40002804 40002804 255
61 77325335 77325335 106
69 9119144 9119144 64
16 98055900 98055900 373
29 62565941 62565941 65
91 94699353 94699353 307
101 83675005 83675005 132
9 96581242 96581242 345
138 14072668 14072668 383
48 6157549 6157549 95
62 20448656 20448656 170
57 69433279 69433279 171
73 15305921 15305921 149
41 62545982 62545982 273
141 64034772 64034772 390
14 65975694 65975694 189
100 10541967 10541967 128
27 85739188 85739188 104
19 88683552 88683552 80
56 32028923 32028923 252
55 73809260 73809260 50
90 44420848 44420848 170
29 42242702 42242702 42
63 98769293 98769293 7
74 35980482 35980482 133
69 84702979 84702979 332
121 52787671 52787671 266
31 66004292 66004292 349
10 93326130 93326130 322
142 89189368 89189368 369
97 93065522 93065522 120
9 83399503 83399503 380
110 45722572 45722572 102
104 43582058 43582058 15
37 19633793 19633793 76
63 49177818 49177818 123
7 21198902 21198902 349
134 97431803 97431803 258
62 14573384 14573384 222
51 99644367 99644367 156
6 94209825 94209825 327
25 10917491 10917491 16
32 61941665 61941665 144
21 19235827 19235827 224
108 93156514 93156514 390
50 16007671 16007671 297
159 23450903 23450903 373
67 99209067 99209067 119
156 31065774 31065774 365
13 78452967 78452967 91
107 9942395 9942395 379
57 38069882 38069882 257
29 57666919 57666919 39
12 79850790 79850790 251
37 12717705 12717705 213
82 59320294 59320294 24
10 85658261 85658261 332
28 56958430 56958430 326
94 38767175 38767175 374
125 55348393 55348393 338
67 22959351 22959351 114
8 64966278 64966278 385
17 98899857 98899857 255
50 28761790 28761790 54
186 28430815 28430815 13
15 39714001 39714001 79
36 61603589 61603589 184
143 84376282 84376282 70
129 25732034 25732034 288
118 2778889 2778889 6
42 70275277 70275277 60
108 43850742 43850742 121
107 2583756 2583756 132
75 60444890 60444890 255
46 27770019 27770019 240
29 3063114 3063114 323
81 35287913 35287913 201
173 21104150 21104150 302
31 95602148 95602148 161
14 93137569 93137569 38
128 72983585 72983585 77
41 11921275 11921275 86
30 37643335 37643335 130
36 42557285 42557285 170
73 39308690 39308690 94
8 59586494 59586494 393
7 70151158 70151158 89
33 43935783 43935783 354
149 45228056 45228056 393
92 85175997 85175997 56
86 1869737 1869737 299
40 69275121 69275121 271
70 24495120 24495120 214
22 14963087 14963087 171
11 40813390 40813390 285
39 29661942 29661942 144
11 40514109 40514109 344
19 51971062 51971062 361
84 50151406 50151406 89
15 24401025 24401025 174
6 15771732 15771732 390
35 57985844 57985844 204
32 35082712 35082712 339
69 65653143 65653143 83
90 28877337 28877337 168
103 67296549 67296549 290
24 16368624 16368624 218
32 80188862 80188862 111
14 93654707 93654707 30
45 91583969 91583969 308
44 86885559 86885559 260
19 29029630 29029630 11
65 9541429 9541429 71
137 99345144 99345144 365
16 85882546 85882546 321
133 87920095 87920095 282
110 33584882 33584882 398
44 17419572 17419572 397
22 50579288 50579288 323
103 37194992 37194992 138
98 28518909 28518909 117
78 31318410 31318410 88
56 45777956 45777956 137
27 11952356 11952356 53
24 52605704 52605704 309
51 9179649 9179649 96
5 57500819 57500819 351
134 2378445 2378445 344
32 60426228 60426228 377
142 54767027 54767027 370
92 91539227 91539227 247
61 66984293 66984293 238
61 4801247 4801247 54
95 34240463 34240463 344
189 52913291 52913291 398
60 33732480 33732480 266
135 84679475 84679475 185
13 9315390 9315390 241
5 91458722 91458722 393
161 33491318 33491318 399
49 8585657 8585657 319
64 27436297 27436297 284
138 53006999 53006999 327
196 56005860 56005860 6
14 11774925 11774925 328
87 32452827 32452827 21
167 973568 973568 14
22 60447565 60447565 235
76 90485924 90485924 196
129 93346806 93346806 205
166 52563821 52563821 7
9 56332428 56332428 227
