0
4
70
46 34219241 33125579 1
24 81763053 80471395 2
19 67406129 32897418 2
33 68317453 33201280 3
42 8616623 39869327 1
15 95193896 28908137 3
32 49542873 82428450 3
18 20453793 49044030 2
24 65383957 29167347 1
24 21983977 60770634 1
24 88650274 25014513 1
21 86520321 52769774 3
24 48792120 32048311 1
24 56894437 13367550 1
18 67251959 94257065 2
36 2728332 60153300 1
41 51046735 87191884 1
17 67861816 60433419 3
19 76385766 12556822 2
24 30270133 91071690 1
30 83158500 62115096 1
21 60344469 22955141 2
17 35271782 42582990 3
48 22313803 32818333 1
32 29555172 71235113 1
22 97615104 86094894 2
24 25670312 79884704 1
34 89968563 931783 1
23 31993404 28384022 2
26 98525990 45558178 2
24 52287502 5342422 1
18 39342387 91828644 3
16 51744339 21647291 3
24 79416707 21982389 1
24 36212805 44591203 1
24 55449995 83640546 1
26 55138304 15686208 2
24 39183419 46052010 1
39 61510782 9571724 1
24 49768792 36123266 1
37 10345526 40811535 1
26 90249112 86931995 2
29 41936726 86207086 3
17 97081733 25079631 3
24 79101470 91013243 1
20 13744110 11962741 2
24 20538093 5402609 2
24 89760555 33911425 2
14 18620633 86998521 3
22 55397197 79280392 3
21 63594361 48159976 53
0 83169345 88054522 63
5 2507304 77279106 47
8 27890717 36538120 14
12 43293598 34195264 51
3 39796530 6475771 28
27 80137024 30684707 25
4 53840180 97626203 29
4 54384087 76627320 23
2 81320082 35601558 53
3 76519732 10325114 35
7 79241594 80039967 47
24 12098724 49809124 1
28 73995476 99666628 59
21 50588378 78098456 27
22 31858283 81121060 29
6 54829476 83219650 20
24 37328527 85775573 10
5 38138462 27493654 48
0 48962839 51131269 64
70
7 17324950 9467668 4
36 94035565 35671607 1
5 22773540 59308109 1
5 45043212 38990415 1
34 83498951 5403222 3
34 38817204 16144007 3
14 31933811 59236576 2
26 48128063 19847029 1
14 90992561 66911135 2
13 13294566 88973022 5
5 18666678 57741735 1
13 51968969 28795537 5
25 14845241 18111902 3
23 94253588 31409196 5
11 55154381 3159461 5
19 33472004 46372165 4
34 38324649 62356348 3
6 34383313 51332296 4
47 27111865 5869201 2
35 7352386 71804989 3
31 97675357 88514274 3
22 68528790 38478788 5
26 88656970 12058774 3
27 25780255 67285917 3
23 62309226 32664996 2
28 87017598 24817242 3
24 74164167 32801792 3
33 55303147 51327645 3
11 96504569 908033 2
28 46686207 23504437 2
33 72481265 45549441 3
13 78910189 27689362 5
28 68630203 21218606 2
30 57852429 42290579 3
5 46503670 83813934 1
22 10643220 635751 5
26 72781004 97003093 3
44 92561508 51384110 2
28 4846716 84236312 3
26 13788058 64731371 3
30 73855250 35545651 3
17 9524045 69939376 5
28 4196918 16251945 3
28 61999188 69297582 3
12 74504561 40034551 4
22 46070486 71079426 5
32 34433469 79394551 3
40 96833338 47072499 3
30 25080046 53013086 2
27 39373797 14845934 3
22 80978098 33231328 18
6 34442227 13900610 23
6 79633402 25589951 38
5 21228936 93196177 33
2 67434513 66886967 52
10 5975774 24655742 62
27 97355312 51779652 36
3 57027990 22398677 8
31 3096503 76776614 34
28 48344305 45008644 44
34 25851821 9205161 41
5 82585569 38735518 37
1 27921405 19756120 50
2 44506453 50989803 52
23 76204079 31714311 31
6 30720447 1115524 33
17 20642525 21203328 33
23 32498986 83551118 46
7 38448490 87599881 38
11 95212017 34477474 2
70
10 47340035 63057709 2
26 36915741 68699793 5
23 36463101 72896309 5
12 63317069 75120672 5
12 54657180 14741811 2
8 9378482 88063472 7
25 45871469 70621999 5
16 6526595 6306097 3
17 77285419 47339539 6
28 93234063 64787157 2
11 55136791 20757428 3
14 78785571 28549448 5
16 15117681 5749076 3
26 85771248 5719904 5
5 46651492 57203338 1
15 65512274 51173793 3
12 25295312 17167348 2
11 29306732 15894874 4
12 16353738 19985033 6
14 34005609 88930690 3
12 99976240 37320672 7
24 19280996 41888234 3
14 38476781 98670486 4
29 8147677 33528109 6
24 58707297 81023967 6
11 97958007 4125273 2
25 232810 23638702 6
21 92258021 9999003 5
5 43526391 76033917 1
8 31411930 9123524 1
9 99521777 68378367 7
36 4642306 29153916 2
19 97008766 74928000 6
17 12697506 72499837 5
11 11642626 77729539 4
23 24582158 38215543 7
12 37145065 54975361 3
15 32212023 66028579 7
21 61709276 49170502 2
29 42783297 89395695 3
16 16564027 74077172 6
20 5609471 3427820 1
30 7505955 74660792 1
20 1647867 3475471 5
16 2863831 63122105 6
19 67613805 57560785 5
30 27195645 1025763 6
12 92157585 55316330 2
7 65559803 83835941 4
17 97138518 56794829 7
4 58415111 96695461 16
3 33540435 81544627 59
17 54315853 81395047 55
29 73233893 48544661 15
6 52132155 58291746 35
5 78013289 56823168 9
0 24955739 99678059 66
34 48568117 76391150 26
3 46197990 74731409 46
7 59380372 49689518 28
14 83916631 45588049 12
27 73548656 58390865 64
40 78035094 10452042 65
1 1564316 91386868 65
5 45545020 33032297 1
12 10991908 42399163 64
4 99998265 63635218 12
17 88408345 95275761 36
20 48826204 6411448 25
13 85392205 54355875 3
70
18 24429855 69623188 8
22 36268048 27374832 3
7 4669323 69949218 9
10 24628107 71636024 7
15 57597354 43348274 8
22 30467150 36781330 11
29 56922537 72059559 10
12 98136762 53745655 11
9 14134221 58884296 4
22 26406790 52756122 9
17 30276781 24030075 5
19 95496412 46604170 10
8 2476855 36107467 5
15 20816930 37965262 11
19 54018682 90886210 10
24 34757281 63914575 5
4 62524531 16205407 2
11 96714600 35597751 10
11 20004858 4146840 3
16 79281592 44163971 8
12 62278214 25375687 4
8 8013302 5500692 4
15 37434877 60876554 10
19 37666021 83715356 4
35 24167388 84655794 11
26 22903201 45916478 1
12 43693332 53679497 10
14 71555615 23015983 2
8 33865482 16245329 7
13 99833689 3477207 11
7 81652637 23992699 6
16 52650059 35390353 3
19 64901751 34244711 3
13 75771092 88982180 11
7 86877600 13151538 6
17 15908484 73818798 8
16 39173657 24809604 2
10 48925417 98224592 1
17 81279638 929227 7
13 43127410 55056832 10
18 73233780 49992381 6
14 43931371 40945974 10
14 17271200 39400552 11
12 2983307 99090229 11
11 34275602 35164239 10
16 98895316 19751092 11
17 64094014 32257856 6
19 28228867 14219042 8
7 72561866 6643337 6
2 18714714 70764849 1
5 2470254 75964482 13
12 95927270 38485212 19
3 78885935 16446173 56
5 27628845 33449601 47
6 88690457 76295121 19
9 35542707 87060943 8
26 55513096 10770758 64
6 4602476 53442463 13
41 86179099 15854422 60
7 83513437 55244005 20
1 26043212 37889607 67
15 82697303 69217285 8
7 26960088 76701695 43
42 37526089 881482 61
17 32030119 19332882 42
23 24971646 8322615 5
6 91658119 2733309 41
5 1782531 19522158 21
29 14048338 50229397 69
38 98920051 18735992 45
