0
4
400
139 50634238 20244526 1
181 46789727 80803485 2
34 74865020 83735823 3
196 35375962 10606866 4
6 13371183 62778892 5
46 28105843 83953453 6
104 15723252 24748336 7
7 85699007 66311038 8
4 50264400 69261209 9
7 96799776 30897531 10
5 92526575 7816914 11
3 29207824 64931147 12
188 82112667 61679232 13
87 17836042 52772169 14
4 37207998 55086225 15
5 61589687 27101736 16
141 4904132 73909921 17
8 24621574 79476722 18
36 4889002 99067538 19
6 88379127 45120965 20
5 60838401 93215417 21
180 66460037 34433262 22
5 73999733 40563349 23
4 17779800 95523478 24
146 41085259 34870274 25
10 24202845 20039172 26
182 58946832 56057988 27
12 95041241 46585374 28
16 14838198 7419193 29
120 52175456 94912577 30
4 9229111 93675762 31
35 98823441 11051369 32
176 99403986 82427478 33
7 9159459 17298371 34
7 12565249 19516581 35
13 29886927 68052694 36
186 83320078 41852965 37
5 32073939 14228032 38
111 87106537 68426648 39
22 10940316 20212532 40
20 22879679 72090460 41
18 99421665 19656346 42
184 5375191 6306771 43
109 17305300 88061715 44
98 88039276 91070611 45
11 41972639 44608274 46
18 90826902 26718564 47
182 47051796 84852377 48
83 88430813 34208372 49
25 86829907 50147080 50
14 49921709 40566935 51
15 30775966 49334815 52
3 81885990 22465996 53
44 34934527 32250256 54
22 43290827 81873699 55
7 34501831 57874879 56
81 79982176 82320130 57
20 53273474 48413411 58
86 23294881 64353717 59
12 9625972 2526081 60
18 41928889 47940181 61
17 95032756 27893713 62
6 96857811 14880910 63
118 69966770 1320383 64
93 89653677 29077919 65
36 44726061 79063383 66
34 76449063 30148021 67
19 96988414 62319920 68
47 75799100 89909228 69
24 52150348 75571996 70
155 36014297 45603793 71
131 76439588 83288609 72
12 79208492 43888349 73
20 99671656 9100766 74
22 84271314 56455860 75
163 12572136 64189495 76
156 64040800 43748221 77
149 99939339 60855271 78
19 33453238 95085574 79
36 94859952 88080439 80
46 59066423 11224849 81
24 25590715 22275441 82
71 28531580 16351234 83
99 86182340 37059050 84
11 90512383 86539746 85
18 79926956 56454100 86
12 71513107 82001656 87
50 73094826 33174344 88
5 58552570 26700601 89
16 89119254 81929623 90
41 11750800 2682215 91
91 52461656 66123702 92
118 86010940 54963779 93
58 64922728 58344566 94
92 55178177 91305352 95
3 69178648 14603428 96
52 11534571 43177325 97
160 32615078 87475070 98
59 43479241 1006814 99
121 81196397 30399396 100
58 38094304 90013467 101
40 64549307 39926246 102
7 44138414 19164200 103
38 91941049 23430377 104
11 96205595 92625052 105
115 93194392 70286715 106
85 43571076 66375604 107
41 28621686 50118053 108
35 28675648 97638180 109
89 91160440 55738357 110
42 12263308 48250620 111
110 5332757 66055980 112
22 69537936 91137163 113
47 55999891 20039933 114
151 53189552 6299888 115
51 6709358 94490487 116
89 99478961 4204508 117
145 14440774 56863082 118
28 75843685 17759911 119
75 71866843 51886646 120
52 26128831 14180384 121
13 24484422 19781421 122
67 10469672 50493046 123
33 78071240 90741449 124
25 60701604 47171345 125
28 66560884 40154461 126
27 83717962 87160267 127
55 25299006 57917365 128
55 1426460 8744338 129
28 43732523 556203 130
139 87033791 86148086 131
11 56002191 86233803 132
12 72641993 38520822 133
8 12325584 1362339 134
123 91512673 59967747 135
8 70355405 86640310 136
81 37425717 34175747 137
113 25213743 10330329 138
8 29782607 86988691 139
124 67088045 64307298 140
78 61348623 55900817 141
35 29652842 34056699 142
118 56487415 68803336 143
17 19886289 22338621 144
85 51097411 49116449 145
14 64883199 53266657 146
139 16446143 12925911 147
79 51045321 95723905 148
17 48354366 65329686 149
71 44220468 22899982 150
90 42773401 4376673 151
80 81712766 17427900 152
33 49561470 91675835 153
71 7708609 77523107 154
77 31286577 85606212 155
87 57887217 85131891 156
18 15374427 52757411 157
86 19492570 67324202 158
80 13796279 39292268 159
30 67078872 76595332 160
76 34124301 69654041 161
37 57770435 91862117 162
21 23772337 20900269 163
36 33671173 96477619 164
61 34778788 17591712 165
50 18168160 5252325 166
39 12448610 4144614 167
95 91452370 95239474 168
5 71663612 332050 169
5 78821775 58188900 170
32 72372196 59706355 171
62 44478969 80415987 172
45 74089377 63640627 173
16 14779714 77375299 174
118 33870389 34122625 175
32 27511375 7016767 176
27 18906087 6582585 177
4 19655609 27683099 178
47 74182355 96688674 179
14 51524467 98879509 180
11 65824093 25669616 181
52 46214966 99958728 182
76 43649105 89609524 183
21 63535966 96010104 184
57 60575087 85777444 185
106 21114642 99471253 186
7 47427828 642220 187
100 97571461 36364111 188
32 60191571 21071193 189
115 50158676 51096944 190
65 37000023 52539240 191
20 74762290 22432229 192
115 2672492 24198825 193
103 70008800 70364269 194
50 7718503 87145365 195
37 74930323 76555992 196
112 65171633 11515523 197
16 27328074 6961356 198
19 71225164 52930571 199
105 11454835 73367446 200
91 933579 10425459 201
35 39420753 2932535 202
41 76591008 85511840 203
81 3246559 91316464 204
15 79089660 24247571 205
36 46261952 57093344 206
24 30296519 17382715 207
72 7994192 2332202 208
94 83663551 48317555 209
50 22856408 9251195 210
51 11404033 19355101 211
39 68994072 12080268 212
114 59858607 9560395 213
46 1535683 17774117 214
64 24952778 96759205 215
45 92616526 32551475 216
78 88712438 60040451 217
95 38445582 88680700 218
54 67057844 27248410 219
4 36041086 56944788 220
65 3456738 63916684 221
15 38037869 43201858 222
17 25148646 41126124 223
102 94162852 69855862 224
28 55205555 2491288 225
62 62518164 47061185 226
64 66089589 74541349 227
53 41385425 61491974 228
5 15028478 7486465 229
98 77761881 40829829 230
37 14913004 77003674 231
21 9118601 35990047 232
134 44443184 99811989 233
122 88397192 34189105 234
87 30768887 53253323 235
36 30059721 56833925 236
72 46624291 14990555 237
48 20740180 87365575 238
120 42202178 99482337 239
77 54973567 24710654 240
140 99372558 27786488 241
28 25977032 10478884 242
82 68619938 47691905 243
65 98826660 72752995 244
110 33991451 37160416 245
58 86091014 38021491 246
45 1618232 45375134 247
71 22255271 24123597 248
4 16333810 70674833 249
122 49792016 44565454 250
94 84967335 26351379 251
15 289420 9255300 252
6 73097990 4165022 253
17 50360661 72155548 254
53 37994626 15582227 255
23 70257956 94583239 256
60 2388678 53017958 257
17 1786333 54300841 258
114 88261337 69023536 259
51 47576463 77348216 260
86 97729054 90698737 261
102 40531635 44335461 262
27 17189712 57339574 263
22 47556484 18498281 264
11 40605593 66564185 265
7 67925624 84029719 266
24 20942870 28504233 267
17 2121508 61581125 268
123 48345830 58544510 269
55 90015121 20171486 270
143 9797093 66104773 271
112 39458044 42059891 272
40 32387525 69730979 273
7 63331281 31636308 274
12 10896530 27604008 275
134 58483364 47589125 276
18 36652043 94981817 277
156 37292865 98826160 278
27 14444235 40151445 279
113 66203448 21211557 280
25 27531698 83860743 281
22 81194407 81382235 282
23 17521062 90884978 283
62 57785951 35580904 284
47 1028236 62037872 285
21 69513932 80184739 286
49 38867607 50505130 287
30 9387029 49415826 288
23 4235040 59483776 289
51 43618167 54154257 290
50 19757464 34982990 291
7 28546384 3970280 292
32 21536389 32026300 293
28 7335594 1261542 294
6 13888036 44675112 295
147 32521876 11964102 296
129 68482054 20645636 297
55 89100908 94856138 298
15 32532579 94810510 299
47 63062966 78037814 300
170 24547194 1433568 301
141 41431193 27718204 302
24 46223198 43120354 303
40 43883598 45005485 304
50 97805569 70719992 305
51 84430813 14677391 306
69 79325204 12054071 307
20 17679920 66914638 308
153 9255151 1902669 309
37 73371573 56038207 310
21 22651417 64100408 311
73 18292898 90417427 312
34 14446616 40583318 313
73 33250352 6207194 314
20 97432386 47627491 315
26 12355445 77976062 316
32 14455448 86708763 317
162 64101247 64516426 318
12 70028841 70265993 319
32 79449729 19354118 320
49 47003394 1091874 321
29 68907244 25782895 322
75 55638781 38470142 323
12 66699838 61721804 324
47 86205216 84275997 325
7 75848990 10230568 326
29 3917194 88797439 327
150 74636277 39593718 328
15 9212035 32239707 329
30 12013787 72546369 330
26 56471910 36676282 331
5 29597443 71785624 332
25 38870507 93263056 333
127 74020108 88779316 334
83 51841609 35780492 335
31 97686248 80414823 336
10 6411563 59285079 337
193 17430755 39630105 338
36 20312401 9620051 339
36 95419562 86091438 340
20 27834316 74040678 341
14 99711389 67447670 342
58 97793081 14993564 343
5 16301 86589580 344
50 63574531 25744492 345
16 26446959 80887579 346
181 50273611 30922465 347
82 6925602 48387304 348
30 85226955 78872260 349
3 97683269 85109821 350
14 73670973 18053038 351
15 44075473 39921396 352
88 81261774 81712061 353
26 44428874 53337339 354
79 42526420 63133081 355
60 10960617 85335326 356
22 23132845 70404870 357
132 50762386 57987292 358
11 57118542 27865711 359
146 58104261 35337196 360
10 67102870 75601975 361
22 58155797 59099368 362
131 23729319 27785784 363
15 46799081 58723759 364
9 94306068 20520199 365
164 95368371 68087549 366
9 92538220 692762 367
108 23026581 42865659 368
9 12668006 3020175 369
123 40259764 72830662 370
38 83286510 86419146 371
126 19888452 28972125 372
170 26588927 18636997 373
125 24668333 60460770 374
13 62708159 4486579 375
13 99134878 77472823 376
14 28483961 29219847 377
8 55076818 20537098 378
4 53841108 50717550 379
145 54795867 31937292 380
157 39777179 87367545 381
8 96583324 66415167 382
5 4376759 69097366 383
18 17191669 63254619 384
7 25606371 10879124 385
57 32739491 59565061 386
4 55527764 16578887 387
7 60077095 8963459 388
5 1845072 71959521 389
3 79741637 40320862 390
3 21420242 38358387 391
161 31256275 14882607 392
214 70994366 46735216 393
2 29788497 87174894 394
2 90348897 77775398 395
2 99123397 68814568 396
157 18804354 86446290 397
1 78295033 40167017 398
1 95728450 40176812 399
141 49980429 94241982 400
400
77 16526879 28347925 1
1 52448826 13226101 2
121 33025877 37985896 3
210 85861360 12528301 4
4 71635204 68936501 5
4 81232544 58797067 6
42 57618223 33851124 7
37 24003061 68944268 8
7 22221233 72922704 9
7 39753936 68512711 10
24 25968042 62620727 11
107 38959093 43294390 12
209 13369728 16337550 13
23 26598277 77411703 14
48 82132543 41514736 15
178 59922557 71674922 16
8 2711109 76594967 17
5 92159335 42552912 18
8 48544057 47016191 19
122 36026638 10710588 20
82 85064734 46860449 21
169 16039786 87312538 22
199 81842405 16380490 23
16 98954789 2779557 24
10 43575248 96314312 25
3 3782329 23981737 26
14 96359303 40321506 27
13 17217180 4903056 28
14 84098585 28329554 29
11 70942330 43566084 30
112 63666674 15833878 31
6 4196197 7363270 32
60 32391149 12546991 33
20 73800628 29754289 34
170 27135322 19828382 35
17 68440371 28109131 36
5 61048652 67585230 37
4 46852909 67926721 38
89 85846589 70742886 39
6 66516207 43681342 40
21 93695470 12372260 41
3 60171794 47299558 42
45 1314798 67758232 43
157 73627227 84410011 44
113 97320408 13264607 45
23 92361668 58281376 46
23 21193666 93758814 47
124 30642253 5312055 48
100 13203493 13199875 49
61 43195898 81352408 50
19 607968 16331364 51
9 39310501 80494770 52
7 4959813 17533586 53
137 12193444 19120521 54
24 63539175 63487926 55
16 89314401 90754702 56
4 98050230 93359132 57
33 29039682 29771870 58
90 36563563 91937676 59
25 93820107 29994863 60
96 55940464 62828396 61
27 38366344 74940811 62
135 14949068 48798014 63
106 41301894 1860219 64
156 26777808 75062218 65
40 39010038 50685334 66
32 79056517 24219965 67
99 14883413 19671777 68
6 3006265 61927978 69
61 63127145 34939768 70
5 64202943 57530768 71
13 1554152 9128597 72
12 65141882 56626199 73
9 85853993 38648149 74
145 16054394 73847479 75
18 98248970 3819110 76
116 82613639 58074357 77
19 91177483 11382083 78
136 13332780 90737951 79
44 10573695 39423727 80
44 83469975 50092762 81
45 52141697 86420981 82
34 85411082 9664583 83
32 11037326 8312332 84
40 5836293 77403808 85
59 71194207 32469997 86
35 585463 74254709 87
97 48629482 50525419 88
120 69767396 17512191 89
44 65676501 5582072 90
58 3346996 57276837 91
6 88137722 12368034 92
100 96294996 45755465 93
58 87839465 24079708 94
42 54784131 4690302 95
146 77238606 67237224 96
26 43515264 53685325 97
19 75128682 95955881 98
40 5254919 35363917 99
25 26691761 43353038 100
156 67513106 37935340 101
27 39431313 36648199 102
34 24317352 53835985 103
146 12114513 34490280 104
65 47395349 33904052 105
38 24785220 76295396 106
59 25130419 6945408 107
47 68073721 58450803 108
40 42699882 26713952 109
42 72946840 49652800 110
4 53514681 40286031 111
27 34973367 80553201 112
45 84887799 51604190 113
41 11747358 40423581 114
22 34492838 23037103 115
35 22238678 35623008 116
60 49003930 345781 117
129 18794347 75505829 118
48 80088419 55607775 119
11 41193775 91624912 120
38 62265113 19832538 121
48 37532010 89092911 122
74 41461558 63603379 123
62 13784187 5558465 124
54 14847212 31820007 125
130 73273428 84944618 126
95 73877538 76463728 127
25 32243515 56394859 128
55 35831176 10041521 129
9 82657615 9508533 130
76 73319392 79687463 131
54 6352421 98974393 132
45 92818149 37677840 133
17 47568191 2551881 134
20 15814399 93652950 135
10 70851139 15345647 136
50 55071384 30095029 137
20 95692235 33765598 138
20 58107463 43008915 139
25 91464452 75117413 140
64 36797685 8787381 141
12 23716206 79655031 142
12 90322882 28929928 143
63 36150048 42478959 144
70 97905177 91207361 145
76 83577858 33376705 146
21 83045810 20811512 147
74 44354192 17861249 148
39 8662533 53802654 149
13 39624529 24929489 150
102 92482018 95420069 151
96 39188486 38332950 152
9 85147147 28873370 153
88 26725715 79892548 154
74 25148114 47273048 155
52 4899760 50728165 156
11 42346659 57642819 157
31 71450456 30738897 158
65 9621396 16355647 159
12 52197669 61836568 160
40 80937574 62975991 161
3 85114787 52960415 162
72 61400694 53169622 163
5 49457650 4284823 164
83 55872383 64757804 165
60 61156412 56914723 166
22 20475088 39278745 167
78 39393043 71001443 168
7 37098901 45273203 169
56 70220658 68664987 170
59 9743791 68165503 171
87 40599524 57539236 172
30 92663388 42293555 173
78 7175933 33106658 174
56 56556067 57630925 175
113 52767331 40306409 176
27 9180553 20735408 177
30 88218075 31168615 178
75 45796130 91495471 179
39 36890267 8886341 180
79 5163689 258561 181
49 78830100 43579609 182
72 81470393 33706581 183
63 13487938 34909472 184
39 67131430 44302783 185
30 3771068 41869718 186
68 83739140 51775317 187
99 6420345 79211666 188
14 41325389 43064290 189
59 6655308 76777511 190
95 47340262 51945066 191
19 29518461 45578342 192
51 77389051 12461723 193
83 20580611 16776153 194
25 2259463 88684870 195
4 7231084 80649749 196
17 48064684 15849911 197
44 99629419 77107390 198
12 43652196 74022382 199
100 99217792 1948769 200
4 8414333 43473715 201
45 84054843 99235061 202
3 24790811 67296583 203
29 20035109 62851994 204
47 94880262 47445391 205
73 10411512 2601879 206
72 58759413 83051609 207
51 26374635 16806553 208
69 35909363 19528324 209
91 34598501 66994252 210
56 56531723 18126761 211
29 15283633 24016354 212
97 39578551 15128862 213
15 86488694 3816299 214
43 75030138 57267647 215
35 4086064 51798441 216
5 80802563 78124580 217
68 68227410 25398885 218
48 67851153 86068481 219
79 81336033 63437732 220
8 52993704 71730840 221
71 93736705 21068917 222
5 40277635 20973213 223
107 60271324 96806300 224
21 3311889 12339843 225
58 1679938 80235266 226
20 98824114 16484959 227
71 16052438 51602681 228
38 27651770 10865166 229
71 58214731 55618021 230
50 21286808 36897335 231
43 30181336 12474165 232
40 70667459 17405398 233
121 20844872 50744902 234
116 15372985 64932823 235
69 85253333 60727997 236
88 6043145 36809034 237
88 76927907 10522762 238
121 75401375 89478328 239
67 20525434 3142295 240
31 5805531 85482857 241
15 10583891 66278731 242
43 34565209 72073404 243
90 96050236 71859591 244
26 62272683 70546091 245
40 33546358 19449755 246
65 56825827 90939680 247
47 48262212 46460402 248
5 15630966 62832328 249
28 31447666 27782886 250
12 99692654 2577787 251
54 58895350 61829957 252
18 48638980 5391749 253
69 4444694 82808388 254
13 2009643 2761275 255
49 33776806 12083765 256
30 74484810 70264939 257
61 92775460 37109347 258
62 31935336 85169946 259
34 85005678 18467309 260
37 73413326 74101407 261
30 16534305 93200217 262
114 51478874 90675566 263
65 71522741 58417529 264
19 73409879 90266231 265
39 58122 43857155 266
45 21453812 85585994 267
24 931138 61449393 268
41 63691519 11605744 269
41 93411724 74267818 270
35 52313434 86807118 271
31 93055886 4763452 272
63 37634056 66809361 273
119 18153570 91344387 274
123 58706734 19286028 275
56 49615675 95787034 276
69 48141632 86298296 277
16 9857176 8148980 278
54 67381179 46504673 279
20 74704812 22993260 280
137 15277805 67318195 281
80 27756668 94242371 282
53 1104790 43949256 283
38 50887364 41439544 284
51 99989764 63161154 285
47 40493039 38870940 286
51 72506608 63432442 287
42 60943518 67300342 288
21 85149951 85565377 289
15 25083578 65861533 290
52 81077674 62701544 291
45 16340416 56620353 292
38 50649258 51355966 293
29 12873657 1297171 294
44 9976703 34711717 295
3 21498325 61734583 296
28 68336699 97868070 297
44 31179057 39509446 298
21 63971593 35188582 299
137 51943552 75798192 300
42 80225301 97429851 301
10 57384318 77964436 302
19 2868698 80908883 303
28 51829262 68008328 304
31 62493979 43425570 305
49 79043427 60242877 306
44 4887440 92563766 307
75 5273603 3065031 308
154 64478348 26156167 309
44 47479790 3421894 310
39 19905319 70464315 311
151 54482089 81975288 312
24 67055086 40431268 313
131 45575515 18474022 314
13 99287863 55279669 315
145 49758533 48646918 316
108 95330221 47547505 317
13 46352244 79148498 318
33 22635904 77237326 319
139 42562477 51230035 320
152 43284820 28471533 321
99 98252460 84513512 322
33 2731676 94569511 323
41 33735776 37588876 324
20 6871866 86666384 325
15 14226625 7124035 326
126 72358727 29665038 327
18 6015944 31698974 328
74 91644347 43904837 329
3 38181800 66529967 330
32 58819436 92079596 331
25 92622848 98842657 332
5 67249045 44192549 333
25 51410632 33594531 334
23 98179759 61489630 335
9 42585143 70375839 336
189 45724882 21294777 337
27 259399 33278508 338
16 55128203 90314266 339
12 19297882 24738609 340
14 59072486 3329823 341
21 43075595 74783653 342
15 14714782 76724755 343
23 66029845 97277477 344
5 57762165 90581454 345
24 41132946 68239868 346
44 65131779 10819495 347
180 9666963 30338356 348
128 9296139 94286120 349
21 18113339 49547006 350
118 32799305 15906385 351
121 45623498 43446044 352
8 87232890 59986698 353
18 32666169 26276666 354
23 34714567 83761674 355
63 13655451 81946030 356
72 16666059 26002624 357
19 90503519 9364649 358
21 23432855 86235542 359
172 8169281 90078693 360
71 55059408 82064454 361
12 25761428 72578728 362
15 14830407 54300371 363
47 70887999 71005311 364
9 41676812 30004587 365
17 27319181 72645865 366
55 31246987 43944914 367
208 56164830 93156105 368
15 30361784 95945227 369
150 41436816 61834637 370
194 87291990 87704696 371
128 64660539 78732461 372
3 26971574 13265980 373
6 48349946 43005317 374
5 70956584 62896296 375
179 16110297 47444844 376
6 67272870 49311393 377
55 44534813 74570822 378
6 82057393 52650521 379
10 70975538 36445796 380
16 91497973 26162874 381
7 45792346 63148082 382
4 3220157 40932832 383
71 92201088 58267852 384
214 48690294 15068892 385
197 68888389 59515490 386
135 77983556 90615620 387
5 75239147 44779253 388
6 59438171 56553210 389
4 61041702 87701510 390
6 85338417 97861901 391
4 87774464 31685464 392
222 47068479 96053293 393
4 26766616 12545727 394
3 61971717 74790699 395
213 54636155 35140329 396
4 65193060 93217343 397
122 69045085 9949392 398
212 1116540 20399893 399
49 24552185 13284102 400
400
0 68829129 31699624 1
0 31193854 87635767 2
0 73841137 46883058 3
111 93021999 53167529 4
28 14095985 40631701 5
161 54447873 53258361 6
3 25848899 51485784 7
90 30452706 63275318 8
6 76671149 76226642 9
39 1482461 64454481 10
4 36324290 83147355 11
66 48374945 72952507 12
141 66001911 54973578 13
5 21848164 45096619 14
3 63981088 36204951 15
63 11656441 9910148 16
3 41179909 84458256 17
4 25084029 18251674 18
128 93087851 43217374 19
6 46611138 11352775 20
60 49692741 67664719 21
10 61599075 45190531 22
54 8059360 9852335 23
13 78830751 68092197 24
7 92441943 32143691 25
11 54977998 53614081 26
131 95356338 33495832 27
3 44640828 25542241 28
12 40069118 47505489 29
175 78018561 96087256 30
51 40870946 69602253 31
42 76838480 17295924 32
168 25289544 83284915 33
159 89340560 20751479 34
33 55192277 18805365 35
14 26112273 48699363 36
30 78471400 91299059 37
16 87303857 4048289 38
18 25699760 86553343 39
111 40388423 30538381 40
5 51404947 32708825 41
19 47661552 20088053 42
9 21589199 94037408 43
8 61705809 73337023 44
22 18982095 62530236 45
161 59689217 52811428 46
75 63826876 5619180 47
22 32652845 11902860 48
15 57552864 13700028 49
4 50305182 82185937 50
26 17029566 52051337 51
18 61366498 16346828 52
15 47400719 31191339 53
17 46565250 97330415 54
77 31852632 24404479 55
8 30302388 73956449 56
91 61545818 17612459 57
17 39368417 23162922 58
167 42734278 67740874 59
17 48273837 82750417 60
20 46258325 94696976 61
8 57945414 90233191 62
14 7712943 16633615 63
27 54801024 22547778 64
15 11281240 11718458 65
30 15188519 2979638 66
69 90782746 25644131 67
28 80572770 26630238 68
115 89308731 619235 69
7 80645138 99517206 70
151 72636992 12864801 71
7 28423556 93556393 72
31 21245464 90853873 73
6 31688509 23913009 74
156 6552702 24367459 75
56 72567425 25088284 76
14 41039040 19270896 77
19 30023601 87851887 78
33 97992750 44310850 79
17 43102154 95509780 80
29 60405753 10166799 81
4 5317333 10404249 82
11 37903751 99813335 83
66 79606553 31462861 84
14 8386685 31263231 85
19 48932855 66375150 86
100 80579961 39765234 87
33 2961436 99574494 88
50 67337041 20820979 89
26 27405708 87882436 90
43 59462984 84954478 91
19 61782919 4495373 92
146 94391112 37206364 93
39 41468500 35923324 94
44 21236421 37520199 95
34 38738849 48260388 96
82 20190704 46853970 97
39 17556253 73837175 98
44 84563945 83072654 99
85 47904249 39171177 100
3 73310257 7464538 101
29 47264602 78402409 102
31 57557906 24835828 103
101 78045218 46638034 104
148 49784652 13677172 105
80 35548571 94011882 106
121 67018018 88511054 107
48 47093151 12662330 108
53 76915095 23738941 109
135 88766526 15475885 110
17 6720300 35561933 111
11 4384856 92420388 112
50 68956925 69121578 113
56 48926952 35590698 114
86 40238371 39524311 115
33 154788 72031082 116
15 66332909 30154790 117
78 50008017 16392604 118
22 36149585 44794546 119
53 24970273 40075353 120
39 36178035 27364493 121
145 83631266 79144771 122
20 28614866 12931772 123
58 59718204 67665479 124
11 96757267 44800532 125
23 8761474 24315655 126
62 21847443 59751278 127
56 20325207 94582457 128
96 36837606 10461559 129
5 81604222 99977781 130
14 67043086 95358810 131
33 25317771 86153934 132
14 35909908 97303549 133
57 4594564 32397433 134
41 12586273 22437371 135
129 11263146 66865743 136
4 30958566 72758680 137
60 971877 67693980 138
19 19123651 92222846 139
68 7372444 51865698 140
69 48257596 41929494 141
117 69046002 11333535 142
71 21378412 57557867 143
46 43270039 19120662 144
67 9848743 14909085 145
20 12033149 11674878 146
126 93665427 37972296 147
30 62993668 85086970 148
130 93729391 71949900 149
15 50378456 46901906 150
5 68313900 77521278 151
105 61628480 11245911 152
8 92912696 72233646 153
20 83515448 56625472 154
26 44243785 55563851 155
14 10525376 78955897 156
48 46042862 609302 157
40 97030266 64480893 158
81 84067245 46053253 159
57 10029032 91865544 160
3 77731136 80150400 161
19 58326335 64469434 162
103 678120 62292163 163
97 51675413 90772327 164
38 33649445 60844536 165
11 28858088 37832457 166
57 55619399 56849190 167
48 76314811 8267565 168
46 8602542 30248647 169
45 35893878 55455772 170
67 2395992 28565406 171
13 18932386 74787338 172
68 55451085 91187683 173
69 45027256 51473001 174
50 74398268 4915363 175
71 93205764 1130475 176
64 29926242 68635168 177
30 3844992 25287932 178
7 26185173 35545911 179
24 86136199 14647980 180
7 94879962 19013601 181
78 53481048 1891149 182
14 69094226 90536651 183
42 13974483 75040344 184
39 30338443 53337784 185
41 34385665 26625640 186
13 35405243 14304982 187
21 71966036 49197577 188
79 72608603 59343936 189
12 74678799 14125707 190
59 9877129 15492393 191
38 49098877 45199172 192
93 26128581 59778228 193
93 85902924 38944098 194
55 90543051 15975990 195
17 77776388 97721419 196
112 26980122 29017951 197
99 81577849 15149947 198
22 8494349 91729389 199
84 20466828 48340123 200
77 84444188 32204452 201
27 1020031 80731543 202
25 11848975 31496130 203
32 16940429 71157232 204
85 47667920 50756738 205
37 87772835 28783690 206
70 49033460 49630435 207
74 8213122 47722211 208
70 70292787 51828304 209
5 25954273 77292969 210
97 28461793 77007942 211
28 54208619 39312271 212
21 80878255 79428637 213
40 76006127 28696836 214
58 71602495 43598519 215
67 19201909 56680975 216
95 16063921 3398711 217
84 27577145 16765064 218
37 53271934 15697233 219
60 86530098 16871148 220
89 81418548 86403692 221
63 80738738 94403515 222
26 42053510 52600986 223
46 74272207 75143497 224
28 9379885 39865659 225
59 1528390 74711013 226
75 45484564 7586550 227
78 21691247 57485896 228
50 9561697 95037065 229
88 90175920 15046192 230
104 44218758 81937254 231
24 66590640 10434386 232
108 41970581 74260555 233
7 37132185 36361148 234
6 34789855 82316781 235
59 34834677 55411902 236
117 71052107 29667049 237
15 60101371 15199031 238
47 62320053 53605032 239
83 66328006 5414412 240
55 21363268 53486227 241
16 71300879 86632257 242
87 202408 16311834 243
62 39731728 45881236 244
35 90053759 85687896 245
40 74194773 19859926 246
54 48921366 91416369 247
80 74076980 67849456 248
91 97764877 42786250 249
31 50045031 63117504 250
16 34010629 87690043 251
83 25294043 47131518 252
33 10810861 88044126 253
74 29582314 49729625 254
52 22099701 81908603 255
70 52957514 95773187 256
61 24505251 57851247 257
86 97317739 80360716 258
22 22353423 42713253 259
98 13289697 39566953 260
31 16629362 64334015 261
74 28973513 94737862 262
101 40142561 24027295 263
50 70622032 75527598 264
72 46021197 72920988 265
52 2038123 54595741 266
53 52570863 2606382 267
140 55424821 88193964 268
58 38674644 11657453 269
65 12993431 24938749 270
18 27240403 62633420 271
47 92226331 63964292 272
102 12626111 63253120 273
72 48248018 76785822 274
112 92882965 56076321 275
16 34553142 45971150 276
47 39517497 96241992 277
98 57744989 88083149 278
23 92848855 28081818 279
10 6996308 91480017 280
15 80853679 20935513 281
25 86961059 95055268 282
61 88711186 37549736 283
116 64602981 15128240 284
16 86846485 72715622 285
4 5904180 81815064 286
70 7019902 98571164 287
13 49394881 88147453 288
63 34601254 3628540 289
84 22717832 7191984 290
96 39935155 79312061 291
121 42511218 76890373 292
7 81813784 72599499 293
10 65600205 92250369 294
149 91329560 96102177 295
90 53848311 30330262 296
105 92491667 34457191 297
3 93019281 39786064 298
23 41161569 61871224 299
22 16082310 87423232 300
92 67379694 31619484 301
129 54500560 82168425 302
140 74579785 53329769 303
61 82872955 83315864 304
138 87107527 3017832 305
63 12889229 66556518 306
136 88920983 46113572 307
162 42738101 21771453 308
48 77901038 82060642 309
42 99330917 7461456 310
4 79988821 38181859 311
24 58717043 11493533 312
50 90266530 32430297 313
23 55191838 5097791 314
33 51123247 66094611 315
105 46350370 58351774 316
46 42393258 75140279 317
13 18330053 3341587 318
14 65051066 76881542 319
122 76799412 92254718 320
19 56680970 24143947 321
4 98729259 76602213 322
79 84831730 49460026 323
22 58137656 61059619 324
65 41367609 72062529 325
33 84753584 17210618 326
31 61796285 75161718 327
35 88826611 75934309 328
75 28628945 54561505 329
8 21329571 99874609 330
33 56349193 19323471 331
15 49687412 7990077 332
9 94728999 85071734 333
145 71152206 29974157 334
17 12946260 71234357 335
24 60514326 21484165 336
21 76350107 78150771 337
178 67380345 71506552 338
23 21819737 35470004 339
106 17846001 27272898 340
133 24376072 91808443 341
155 81490548 46035559 342
43 75808711 14070048 343
16 11235328 76348182 344
7 10269121 85012518 345
89 31814308 75418295 346
150 95043780 76105000 347
22 49031955 7741053 348
17 35023549 13643035 349
23 28096390 33368425 350
23 98424953 49726041 351
81 73623492 4950944 352
168 32208316 43863662 353
40 47237709 98707437 354
8 3172253 28656833 355
12 15976100 54767170 356
55 20799377 11238740 357
175 25635567 90658447 358
107 32146302 55481544 359
107 7288567 15267971 360
9 96341335 55060243 361
20 2352695 7015946 362
3 65588738 44088575 363
181 3760692 77825662 364
106 66916799 37440072 365
5 3095037 47083058 366
14 28641455 21226272 367
3 74546279 25894453 368
153 80919732 11342588 369
19 53533380 66881365 370
148 60108326 69589747 371
177 5272049 9554975 372
15 7759090 44484066 373
10 51071690 96053173 374
67 72303029 23470315 375
9 19887837 28598684 376
10 20367076 74127842 377
7 59923295 95698992 378
4 38092228 60599183 379
17 35783266 91532048 380
100 54753777 79268413 381
10 2682287 48276124 382
4 48092272 41206667 383
7 94098124 98404232 384
10 67758020 14761465 385
207 96345133 94573620 386
16 63238033 60531896 387
18 21173286 34359549 388
7 58053283 58867683 389
19 61246126 54090909 390
7 26265533 79292559 391
34 34054348 91227760 392
26 63407555 29845465 393
3 26300587 55230322 394
4 65281862 53565766 395
99 21355296 76118550 396
2 91325214 84666098 397
15 99246940 29826537 398
192 57534263 41047218 399
0 17804862 75178509 400
400
71 1180001 50623855 1
201 13054305 69731221 2
167 60863108 46268401 3
49 35709025 11356560 4
65 44805355 19943094 5
150 20840128 20418622 6
121 36714646 26289392 7
85 51772547 7185994 8
123 37943795 65052468 9
9 37807371 68414699 10
200 30300621 54497298 11
6 44676148 84834 12
6 68870372 33091967 13
55 55646032 68817745 14
129 900720 55924803 15
11 64944148 12436237 16
4 93243021 62548016 17
12 66752195 71364756 18
8 33707443 95191861 19
11 96257459 39291854 20
27 95528737 18103515 21
5 24097134 63942499 22
8 14901989 44266830 23
101 57097736 76205808 24
51 97127928 84987874 25
5 13773876 49406850 26
183 82237471 69265698 27
102 20750537 95030173 28
19 32138987 3535378 29
141 90403891 60757945 30
20 88737182 39709007 31
16 77608866 21697333 32
38 56297382 58141918 33
169 64778230 40696500 34
106 55883323 63734488 35
12 72165274 49047969 36
72 29968761 67712469 37
51 52716791 9865546 38
73 12528467 42943420 39
20 68751940 45992559 40
6 66643417 2163810 41
23 24680541 94065306 42
76 65738347 64269935 43
5 32837478 69654787 44
46 1537390 98622788 45
14 14292114 1356862 46
22 74621917 82480615 47
116 96258774 69738076 48
9 55872660 47913045 49
7 35558910 42386981 50
5 56585476 62954213 51
70 58070665 49815854 52
23 57270181 14091609 53
64 32757394 42996788 54
55 38073053 19688052 55
98 27074017 51834714 56
134 99753855 28471378 57
31 51230803 91883248 58
29 44060624 39766522 59
11 60468360 51538547 60
88 57104474 58168825 61
176 48074914 72014618 62
15 76949875 18226074 63
24 44711659 56386656 64
165 10613317 81703406 65
6 38729146 50307703 66
29 73701091 80324657 67
4 40781784 74591648 68
24 78810071 59463458 69
84 86195740 87183084 70
14 70179456 89939635 71
165 99190836 30177437 72
21 34469552 72728586 73
23 33797897 46091953 74
18 70068032 35745796 75
70 13758719 68892772 76
30 36127097 75356320 77
110 78528170 75996585 78
119 91962589 18877153 79
21 49747279 12016388 80
118 96060447 58821703 81
3 59962058 16443478 82
30 40679558 10914522 83
36 3980905 53696997 84
114 69071879 12723364 85
104 72439345 19047893 86
47 28477029 30173869 87
62 59067147 52872488 88
116 71694713 3265411 89
113 48921662 61149785 90
17 40055365 52104359 91
57 75002801 5763592 92
24 9884910 80795686 93
158 99350004 14153089 94
47 60375840 86712258 95
98 19871236 90154815 96
73 90441192 68724106 97
21 56564988 92457741 98
119 76638025 97472994 99
22 90190429 38311882 100
130 86793607 60634404 101
96 15396281 25220263 102
150 57286888 42257064 103
8 46341900 3861124 104
89 109541 75101756 105
142 58472784 49399045 106
113 76266538 8477091 107
37 53335725 99472650 108
21 14271509 28847389 109
49 65408877 74107081 110
36 8041183 50487236 111
29 84974393 53384932 112
77 72130328 86280055 113
97 74201886 39963034 114
52 93072933 41614204 115
21 36797646 38602041 116
38 68312160 64690016 117
41 14544395 47295444 118
20 50664705 3829241 119
62 35152566 41584642 120
47 70991204 378039 121
65 78816027 21837649 122
44 12801331 30195157 123
58 98419239 96240972 124
46 74945570 49937451 125
65 73162036 25311199 126
89 56635976 30184877 127
116 77030265 14662080 128
85 64550560 82281870 129
37 80480733 83217754 130
18 69458406 62057775 131
34 54456591 13140187 132
112 49268321 87615341 133
66 19595777 46125260 134
38 52377632 59397953 135
11 44469123 80616285 136
64 90898134 12755638 137
98 4259385 90619693 138
10 2839917 63247257 139
64 2227669 82554249 140
75 45064609 22848182 141
71 881457 52823836 142
126 3163049 55589491 143
109 56900376 5225156 144
26 55301864 31396001 145
74 90395711 16346652 146
76 17402094 41358230 147
32 10820158 18768688 148
84 76188947 81369676 149
113 43437030 91932556 150
95 62188561 31735130 151
62 73945425 87159340 152
36 70896065 8153369 153
38 44327105 53827225 154
18 4028565 21306897 155
13 8150098 8139652 156
68 95113701 6400465 157
101 80285045 98888170 158
10 78690887 23050790 159
83 48232368 44433915 160
63 67224272 20625003 161
9 45858935 80504786 162
31 78453931 34369690 163
11 33286786 88841558 164
57 56246261 43895701 165
14 70459300 28127709 166
75 36053586 9954182 167
14 90864480 63182658 168
58 15266957 39984565 169
70 26251756 46072495 170
49 92377161 16281572 171
5 7744434 33870879 172
53 29796430 59677725 173
93 31554475 87347718 174
46 80642613 61271659 175
13 48730115 90215193 176
39 63753260 53321801 177
83 15713014 53962316 178
41 31873387 9321311 179
62 79989938 46189040 180
82 7727572 60699979 181
113 90336045 57195952 182
24 45230318 62419858 183
91 56132498 64668317 184
61 78403885 19885295 185
27 86194892 98651129 186
63 12105181 84885172 187
95 97161964 68725420 188
77 57955187 77517459 189
83 52725574 80059567 190
27 96262861 88972884 191
9 39987539 25432090 192
85 69117093 10912173 193
44 76441058 24482779 194
7 84207690 6361392 195
55 41113629 2664794 196
84 43656723 44133534 197
55 21185597 15540932 198
69 86139641 8843576 199
49 93118137 66201265 200
63 2219028 14526293 201
100 88305963 18748436 202
47 28779356 82474716 203
62 16465373 65699027 204
64 59238282 5608089 205
41 85378556 83313592 206
5 96886212 21853950 207
66 9240919 99768122 208
90 87764808 34352211 209
24 43595936 5152695 210
26 94405076 79771545 211
51 46597066 81176221 212
74 65611872 48811742 213
7 71554768 80554542 214
31 98373945 29733268 215
24 62725121 81009260 216
44 29820124 87160041 217
54 71620819 75436129 218
53 32371981 36690772 219
29 5148244 82525090 220
29 98938481 60438400 221
13 96380749 356711 222
58 65926566 15223154 223
31 31978235 93271381 224
87 91950623 73440039 225
40 82628424 39720899 226
32 29738695 87158939 227
43 70659679 99988613 228
34 57146693 30324842 229
59 7144899 23282767 230
93 61452808 53945150 231
46 80547478 91720885 232
42 80596895 77073438 233
95 39073693 84330058 234
99 87986157 7295412 235
22 37775827 26962737 236
46 58008882 55794017 237
7 66056511 67412579 238
47 58905502 63126296 239
110 53046071 84076745 240
48 91737869 1370901 241
63 48420825 83187923 242
83 20788765 82210411 243
39 49258731 4780887 244
117 41200012 77458754 245
57 54423388 26019136 246
93 14298212 37906801 247
63 15602325 93904512 248
49 80963169 1363632 249
50 19930259 27040629 250
60 80881637 66698197 251
82 30497616 22989128 252
41 81699686 13103573 253
119 19698605 93371430 254
42 82310126 86687147 255
40 34168423 25277349 256
60 58592684 80873775 257
71 58112621 60571944 258
66 60935683 44160909 259
83 71018539 46164903 260
54 29204659 46243731 261
43 109251 55384046 262
20 4960652 72239992 263
42 67181082 47134495 264
55 43151282 58472606 265
34 3765657 1430807 266
16 1440030 45231147 267
49 57783092 58192764 268
60 40247393 66623899 269
15 95020684 72216614 270
26 33256556 81831698 271
112 52669748 22032271 272
125 90565203 29386047 273
50 75673601 99513501 274
77 39478177 38336333 275
72 56235254 72124093 276
29 14638474 32294082 277
56 43715669 33203208 278
10 98079654 66709400 279
42 73663327 41773679 280
10 55427826 10241724 281
26 18094775 90545907 282
40 36482700 14806580 283
48 75545555 94606723 284
26 23496529 17376865 285
51 40827302 91763513 286
55 28426531 28504420 287
43 15056002 49276099 288
29 22877978 82667032 289
12 23206247 54572665 290
66 83455245 37331203 291
72 49120860 39410553 292
10 75449692 96532890 293
14 4660382 66033456 294
99 41268839 73539310 295
30 96226183 23023478 296
27 78410440 14158718 297
26 60523486 6970559 298
137 66352098 93906613 299
104 80773975 16920169 300
45 47881329 59268188 301
6 75626282 26896822 302
105 10281595 15920634 303
11 55382855 83000623 304
86 73204929 84719824 305
37 79014282 14535494 306
15 80950994 69300091 307
12 45942013 65922958 308
42 78012938 13578028 309
35 49713372 83277428 310
25 31488425 13885107 311
39 11553596 47650666 312
111 73607392 21525954 313
38 76033241 201413 314
42 85344620 86102085 315
12 50702307 67655335 316
3 36867315 37234092 317
144 78470089 59481641 318
69 43590259 97252179 319
9 22901788 81362898 320
119 60872644 84380150 321
57 9450532 88182191 322
3 2192206 89544447 323
40 19661950 79486363 324
12 84496943 59078898 325
19 66772062 61236221 326
158 78931952 72777325 327
13 45812371 98567991 328
11 18841872 35794143 329
18 21696678 38735280 330
31 3772602 33429140 331
88 56883539 21231879 332
9 97023154 28198458 333
17 24097039 35489735 334
57 48589651 95649107 335
21 35802322 43962627 336
33 41063662 42901200 337
113 64728269 67254868 338
11 92075445 44889138 339
70 3421730 60612364 340
106 70897400 24233653 341
5 15670860 6863230 342
12 94680606 56658725 343
122 14318242 73145033 344
110 35477465 25490113 345
9 76408258 70457254 346
50 76073721 13754364 347
25 55019724 12207041 348
7 71669084 64071950 349
11 89774594 77585442 350
10 17865224 63847902 351
24 71477874 41099139 352
4 38973982 67788576 353
28 42991519 93249895 354
13 69287563 38911531 355
93 5830908 31459294 356
17 54867006 4834932 357
8 70737603 78761459 358
41 92985523 73251013 359
31 93838186 78185698 360
16 16165495 77414292 361
111 24478045 14127467 362
21 91759817 97799723 363
6 92130466 56554301 364
16 50126168 37469804 365
106 22849079 59474292 366
4 2192590 24179531 367
60 90102201 39331917 368
29 98731693 93424204 369
160 41051602 74219282 370
58 38126908 37342082 371
15 66681725 47911736 372
168 13094755 51056441 373
13 15980257 29851372 374
15 87122858 18632901 375
11 72768755 12276895 376
116 60703244 26689490 377
102 17859881 80021129 378
11 65599904 1036967 379
9 40863679 65482159 380
128 33809449 78267891 381
128 20516156 28251045 382
12 68950142 16749816 383
5 90278881 24760920 384
7 73595984 21010029 385
25 7605472 10063838 386
46 47986371 9970719 387
38 50480811 48034966 388
91 53350781 30364410 389
123 91102696 62750915 390
126 292910 7365864 391
87 363805 62647531 392
3 11208455 15194318 393
25 70376503 62462449 394
175 38640031 4408580 395
110 58664769 78250039 396
1 20260675 25047547 397
1 21888370 52287730 398
145 53245823 18152161 399
0 57367195 55861358 400
