0
4
400
63 19840907 19840907 1
1 65227271 65227271 2
191 19609824 19609824 3
2 9292991 9292991 4
146 62562282 62562282 5
3 47395781 47395781 6
70 85067797 85067797 7
141 60416175 60416175 8
73 99189971 99189971 9
55 72604120 72604120 10
107 5314139 5314139 11
171 59201611 59201611 12
147 99143034 99143034 13
5 3659903 3659903 14
3 61943434 61943434 15
12 66708677 66708677 16
5 55860495 55860495 17
9 58937948 58937948 18
169 46129067 46129067 19
9 67679208 67679208 20
166 91821269 91821269 21
15 99112346 99112346 22
117 97870729 97870729 23
150 72033917 72033917 24
120 39805101 39805101 25
80 43086816 43086816 26
116 4681895 4681895 27
5 36157894 36157894 28
17 75137676 75137676 29
49 36503553 36503553 30
6 49818163 49818163 31
118 42366315 42366315 32
22 42003503 42003503 33
3 90170929 90170929 34
43 38365478 38365478 35
140 90874941 90874941 36
108 97248097 97248097 37
23 38893225 38893225 38
3 7139388 7139388 39
10 48846284 48846284 40
140 46332383 46332383 41
9 41659862 41659862 42
156 69390041 69390041 43
152 10719364 10719364 44
63 22503737 22503737 45
27 85499905 85499905 46
7 58913843 58913843 47
84 37275782 37275782 48
65 14305520 14305520 49
4 51964828 51964828 50
44 32536080 32536080 51
7 6247267 6247267 52
100 50718855 50718855 53
22 50890230 50890230 54
140 48388309 48388309 55
11 52074759 52074759 56
30 7925623 7925623 57
11 58468203 58468203 58
8 23412540 23412540 59
18 83940171 83940171 60
169 29260995 29260995 61
97 65968429 65968429 62
70 59581797 59581797 63
35 23651749 23651749 64
15 65202159 65202159 65
4 58041291 58041291 66
4 20647153 20647153 67
67 7937325 7937325 68
62 84802775 84802775 69
61 67662807 67662807 70
12 97744070 97744070 71
126 37548384 37548384 72
3 59597748 59597748 73
31 83848144 83848144 74
11 22952722 22952722 75
84 36296274 36296274 76
35 70572871 70572871 77
35 87996098 87996098 78
88 8630833 8630833 79
107 41148236 41148236 80
164 70361576 70361576 81
28 84242897 84242897 82
18 20049578 20049578 83
10 29660205 29660205 84
40 61971447 61971447 85
33 36796497 36796497 86
48 92710909 92710909 87
52 68414579 68414579 88
6 41012139 41012139 89
170 52510803 52510803 90
45 50929925 50929925 91
41 57068005 57068005 92
43 59947441 59947441 93
18 25607467 25607467 94
11 44049621 44049621 95
95 48039645 48039645 96
56 73211591 73211591 97
26 98372260 98372260 98
30 48723610 48723610 99
8 87448758 87448758 100
9 80087153 80087153 101
133 85930096 85930096 102
99 38084747 38084747 103
49 57291993 57291993 104
35 13377254 13377254 105
48 42987428 42987428 106
157 16740771 16740771 107
80 34077960 34077960 108
49 55991959 55991959 109
116 82912689 82912689 110
63 9775315 9775315 111
56 77365977 77365977 112
63 76949157 76949157 113
60 60664498 60664498 114
87 76861140 76861140 115
105 62952753 62952753 116
12 56522778 56522778 117
112 44155347 44155347 118
37 92091627 92091627 119
12 41455305 41455305 120
56 44546598 44546598 121
64 16872288 16872288 122
90 88023542 88023542 123
19 24296893 24296893 124
83 56071163 56071163 125
52 39155793 39155793 126
25 69504188 69504188 127
50 23519541 23519541 128
4 54653703 54653703 129
6 68764948 68764948 130
121 19772261 19772261 131
23 37454266 37454266 132
45 81955901 81955901 133
54 61614887 61614887 134
49 34409399 34409399 135
44 71033673 71033673 136
113 96223912 96223912 137
133 60968342 60968342 138
35 68796616 68796616 139
23 55420625 55420625 140
91 97035114 97035114 141
76 78535320 78535320 142
138 36195764 36195764 143
20 34030466 34030466 144
110 72387565 72387565 145
21 989206 989206 146
22 57318078 57318078 147
24 7973380 7973380 148
13 85937100 85937100 149
57 49092752 49092752 150
63 38929024 38929024 151
35 23767331 23767331 152
58 19590695 19590695 153
43 41786192 41786192 154
33 40737987 40737987 155
84 57671816 57671816 156
100 99528111 99528111 157
95 36762988 36762988 158
26 94235476 94235476 159
43 71033016 71033016 160
58 5447363 5447363 161
33 96652421 96652421 162
14 71769198 71769198 163
63 79203987 79203987 164
52 20426199 20426199 165
10 16247633 16247633 166
62 72264416 72264416 167
56 61232177 61232177 168
79 19060051 19060051 169
107 33387674 33387674 170
111 51653903 51653903 171
83 15787405 15787405 172
48 16850683 16850683 173
48 89657448 89657448 174
63 57289718 57289718 175
67 68588593 68588593 176
10 88910425 88910425 177
93 70089552 70089552 178
96 16495881 16495881 179
91 19113967 19113967 180
35 34303876 34303876 181
61 11872921 11872921 182
106 99580069 99580069 183
86 71785728 71785728 184
15 39000930 39000930 185
57 32994950 32994950 186
5 38457021 38457021 187
85 61658123 61658123 188
18 15568714 15568714 189
45 23266102 23266102 190
35 928649 928649 191
36 56821214 56821214 192
94 61622420 61622420 193
56 15473143 15473143 194
59 10132293 10132293 195
101 65885700 65885700 196
71 74859891 74859891 197
92 28742654 28742654 198
85 37423640 37423640 199
86 33833767 33833767 200
65 35323163 35323163 201
25 49839315 49839315 202
64 36885486 36885486 203
34 88685602 88685602 204
29 58204961 58204961 205
74 67880213 67880213 206
63 82293234 82293234 207
96 73915488 73915488 208
78 90693802 90693802 209
20 85760081 85760081 210
50 21002294 21002294 211
98 73044920 73044920 212
56 50373061 50373061 213
52 3871323 3871323 214
47 69318391 69318391 215
64 91869290 91869290 216
112 89250167 89250167 217
93 88485327 88485327 218
85 59018349 59018349 219
46 75262220 75262220 220
90 55403241 55403241 221
8 51364098 51364098 222
19 82584221 82584221 223
71 57596294 57596294 224
58 18512673 18512673 225
86 86570173 86570173 226
16 44227112 44227112 227
30 55195465 55195465 228
30 87016582 87016582 229
129 11223884 11223884 230
11 62990457 62990457 231
52 68031974 68031974 232
98 5949357 5949357 233
65 46345265 46345265 234
13 47565562 47565562 235
70 78517395 78517395 236
95 42804434 42804434 237
34 12850574 12850574 238
32 88885407 88885407 239
14 84851204 84851204 240
65 99928554 99928554 241
103 59944330 59944330 242
85 94531116 94531116 243
12 24600053 24600053 244
31 78202895 78202895 245
4 97387217 97387217 246
26 10514736 10514736 247
108 14292501 14292501 248
110 57600442 57600442 249
26 37827737 37827737 250
22 91973286 91973286 251
107 52956915 52956915 252
19 69766195 69766195 253
73 27088442 27088442 254
94 90032881 90032881 255
122 29909739 29909739 256
45 21908538 21908538 257
95 31551 31551 258
102 16687965 16687965 259
45 8166457 8166457 260
27 69695879 69695879 261
37 87980111 87980111 262
25 20734770 20734770 263
46 18832719 18832719 264
134 40636563 40636563 265
19 63124769 63124769 266
4 87514813 87514813 267
11 44072924 44072924 268
63 62385346 62385346 269
14 19409409 19409409 270
46 1508801 1508801 271
10 99454096 99454096 272
60 86501033 86501033 273
55 44107830 44107830 274
103 23679609 23679609 275
65 74523033 74523033 276
68 2506582 2506582 277
53 12919908 12919908 278
56 20972664 20972664 279
27 26503172 26503172 280
95 52334392 52334392 281
51 74158284 74158284 282
4 23398794 23398794 283
49 48195738 48195738 284
80 27127046 27127046 285
114 52742741 52742741 286
74 27861727 27861727 287
11 25302905 25302905 288
58 67676267 67676267 289
60 15256395 15256395 290
32 78067147 78067147 291
11 39037879 39037879 292
7 14852642 14852642 293
48 28719740 28719740 294
126 87745292 87745292 295
38 42833929 42833929 296
103 3744599 3744599 297
5 89796177 89796177 298
117 77713561 77713561 299
42 89396467 89396467 300
58 7409895 7409895 301
14 429087 429087 302
41 42078552 42078552 303
43 433888 433888 304
38 85167720 85167720 305
56 45549236 45549236 306
45 3622544 3622544 307
36 34020587 34020587 308
15 61120780 61120780 309
37 25985786 25985786 310
32 88847361 88847361 311
66 10041183 10041183 312
42 23204069 23204069 313
41 2101489 2101489 314
138 96526791 96526791 315
29 93861932 93861932 316
15 71176460 71176460 317
112 12601530 12601530 318
7 43215150 43215150 319
92 5371968 5371968 320
43 74488312 74488312 321
26 10114255 10114255 322
6 86865552 86865552 323
6 3097086 3097086 324
37 34466165 34466165 325
14 58712435 58712435 326
178 52667372 52667372 327
35 68455503 68455503 328
37 54111818 54111818 329
39 43469813 43469813 330
3 95400159 95400159 331
139 11798023 11798023 332
126 81746438 81746438 333
26 90500718 90500718 334
22 60316475 60316475 335
106 58808291 58808291 336
175 56608773 56608773 337
23 49838028 49838028 338
179 8020788 8020788 339
70 63233692 63233692 340
11 44930029 44930029 341
3 88787782 88787782 342
174 68186490 68186490 343
14 91077749 91077749 344
48 20774393 20774393 345
80 69160386 69160386 346
115 25263377 25263377 347
75 58372077 58372077 348
22 97873112 97873112 349
24 66551029 66551029 350
5 94782553 94782553 351
82 75137968 75137968 352
12 41506222 41506222 353
25 36939372 36939372 354
45 25286315 25286315 355
4 21554023 21554023 356
17 44376007 44376007 357
14 64127628 64127628 358
6 41133810 41133810 359
21 88809217 88809217 360
60 21539740 21539740 361
9 78307554 78307554 362
12 91026173 91026173 363
154 4541499 4541499 364
138 71335584 71335584 365
165 92817801 92817801 366
37 5624283 5624283 367
11 83248804 83248804 368
98 65365607 65365607 369
105 86235695 86235695 370
11 76804805 76804805 371
12 76246967 76246967 372
114 27614875 27614875 373
61 14426165 14426165 374
9 21958438 21958438 375
6 69979423 69979423 376
114 14628425 14628425 377
96 42364335 42364335 378
4 28454214 28454214 379
4 54592759 54592759 380
5 36288765 36288765 381
3 55966095 55966095 382
175 91869330 91869330 383
76 30923440 30923440 384
4 70525301 70525301 385
7 66018730 66018730 386
9 94191475 94191475 387
30 12599344 12599344 388
4 51221308 51221308 389
139 66291191 66291191 390
2 96374723 96374723 391
2 89184941 89184941 392
2 86817615 86817615 393
2 97222747 97222747 394
2 75173183 75173183 395
79 58787008 58787008 396
143 3048433 3048433 397
0 53255233 53255233 398
0 48401449 48401449 399
0 94369547 94369547 400
400
88 61694542 61694542 1
157 62445137 62445137 2
8 7253623 7253623 3
5 37799803 37799803 4
26 19265216 19265216 5
208 56721177 56721177 6
13 83308204 83308204 7
7 22316414 22316414 8
69 44771040 44771040 9
142 40126589 40126589 10
8 10703103 10703103 11
9 29739048 29739048 12
32 96905100 96905100 13
9 48808223 48808223 14
7 81107074 81107074 15
76 9860412 9860412 16
174 21352893 21352893 17
9 36361123 36361123 18
13 48804840 48804840 19
3 28011038 28011038 20
4 75288434 75288434 21
23 96465917 96465917 22
11 16158492 16158492 23
13 45080221 45080221 24
55 28355794 28355794 25
115 400589 400589 26
175 16985470 16985470 27
80 35200211 35200211 28
125 39390902 39390902 29
184 84237601 84237601 30
183 62731940 62731940 31
20 69997825 69997825 32
58 41961020 41961020 33
9 59959671 59959671 34
25 79218213 79218213 35
12 96888848 96888848 36
10 78575449 78575449 37
97 13611430 13611430 38
131 92421801 92421801 39
85 19002468 19002468 40
4 9648720 9648720 41
20 75297486 75297486 42
126 35307659 35307659 43
5 90943638 90943638 44
157 22292052 22292052 45
17 10462001 10462001 46
23 63757098 63757098 47
146 95495537 95495537 48
32 86037478 86037478 49
31 2076959 2076959 50
93 39227651 39227651 51
134 64912941 64912941 52
152 86131168 86131168 53
20 98885720 98885720 54
148 42954909 42954909 55
79 43046625 43046625 56
4 7259214 7259214 57
22 86297469 86297469 58
31 80452782 80452782 59
39 29040047 29040047 60
97 52294951 52294951 61
35 32286252 32286252 62
31 20536585 20536585 63
118 70740871 70740871 64
26 56135911 56135911 65
26 31573202 31573202 66
126 6864481 6864481 67
172 44338969 44338969 68
24 84375563 84375563 69
26 35851854 35851854 70
60 84197843 84197843 71
52 84779142 84779142 72
106 31290974 31290974 73
92 94674647 94674647 74
39 69503047 69503047 75
79 11484665 11484665 76
5 48439978 48439978 77
22 63832393 63832393 78
73 48590512 48590512 79
101 49542660 49542660 80
49 75382568 75382568 81
26 12709181 12709181 82
130 73547265 73547265 83
13 96060898 96060898 84
36 84015988 84015988 85
39 22905714 22905714 86
152 31874184 31874184 87
64 73340197 73340197 88
12 28544207 28544207 89
142 5462290 5462290 90
96 29677860 29677860 91
18 55486177 55486177 92
10 53242167 53242167 93
36 79818394 79818394 94
24 55866619 55866619 95
47 45024832 45024832 96
40 36020058 36020058 97
60 73646752 73646752 98
124 85082532 85082532 99
12 62562091 62562091 100
23 20548994 20548994 101
25 62883711 62883711 102
117 77380257 77380257 103
46 71994571 71994571 104
64 4965393 4965393 105
38 33831589 33831589 106
52 86632907 86632907 107
30 79212850 79212850 108
23 23653185 23653185 109
6 25336451 25336451 110
63 45749458 45749458 111
29 19092873 19092873 112
75 37277746 37277746 113
30 17394562 17394562 114
62 10011359 10011359 115
38 88849584 88849584 116
71 37519954 37519954 117
52 98923703 98923703 118
16 30887557 30887557 119
30 33679597 33679597 120
24 28532573 28532573 121
126 58768013 58768013 122
117 51280294 51280294 123
70 4949999 4949999 124
38 99158657 99158657 125
30 76172504 76172504 126
64 18655510 18655510 127
132 77680547 77680547 128
22 20247868 20247868 129
46 31829399 31829399 130
66 42205158 42205158 131
80 58440106 58440106 132
31 61530492 61530492 133
47 5612673 5612673 134
29 16168651 16168651 135
16 6195832 6195832 136
92 20279708 20279708 137
98 55873594 55873594 138
40 64065880 64065880 139
8 24318126 24318126 140
91 53919915 53919915 141
25 48961596 48961596 142
51 75077123 75077123 143
81 26969435 26969435 144
29 39777704 39777704 145
81 40029147 40029147 146
59 72262223 72262223 147
65 82900166 82900166 148
121 91972617 91972617 149
75 80434655 80434655 150
82 4971741 4971741 151
51 78017914 78017914 152
53 94531151 94531151 153
119 68472608 68472608 154
68 95459915 95459915 155
68 27549058 27549058 156
44 29480837 29480837 157
77 55715087 55715087 158
88 37320996 37320996 159
22 67275001 67275001 160
46 98822338 98822338 161
91 86079854 86079854 162
81 87997512 87997512 163
20 24403961 24403961 164
99 22737958 22737958 165
57 98310555 98310555 166
24 96437618 96437618 167
79 80482532 80482532 168
36 18180879 18180879 169
34 96197628 96197628 170
68 52473945 52473945 171
16 11060934 11060934 172
25 44821110 44821110 173
32 14336213 14336213 174
12 16001876 16001876 175
36 97865942 97865942 176
35 83381730 83381730 177
86 41913727 41913727 178
101 99206593 99206593 179
40 73873617 73873617 180
101 49787299 49787299 181
55 72209763 72209763 182
104 72888298 72888298 183
27 10699498 10699498 184
77 30307665 30307665 185
44 52545163 52545163 186
72 91334902 91334902 187
13 54693102 54693102 188
107 99591656 99591656 189
88 52542900 52542900 190
29 73072607 73072607 191
50 1759585 1759585 192
37 77785332 77785332 193
27 56116437 56116437 194
53 65561188 65561188 195
103 78308416 78308416 196
94 43059103 43059103 197
79 79394382 79394382 198
81 24562850 24562850 199
16 44191203 44191203 200
89 49436802 49436802 201
25 55912192 55912192 202
116 55152322 55152322 203
45 56420946 56420946 204
53 19734418 19734418 205
116 42884802 42884802 206
11 6008359 6008359 207
7 36577028 36577028 208
66 76960900 76960900 209
104 15297308 15297308 210
12 17513317 17513317 211
50 4200308 4200308 212
24 59549244 59549244 213
77 45867667 45867667 214
83 26756146 26756146 215
3 38826283 38826283 216
64 36772168 36772168 217
47 99846474 99846474 218
93 70484558 70484558 219
91 77180104 77180104 220
45 87393938 87393938 221
86 64419761 64419761 222
35 67953393 67953393 223
12 77963553 77963553 224
77 34938712 34938712 225
99 84034771 84034771 226
63 17828375 17828375 227
94 48673874 48673874 228
25 73180586 73180586 229
84 25928722 25928722 230
82 9915759 9915759 231
32 44596430 44596430 232
63 75421247 75421247 233
9 43075312 43075312 234
39 88575168 88575168 235
13 78054211 78054211 236
15 26585718 26585718 237
122 30325897 30325897 238
48 56062073 56062073 239
35 18828871 18828871 240
124 94199171 94199171 241
9 9329385 9329385 242
36 23904906 23904906 243
128 92467806 92467806 244
107 82287323 82287323 245
38 51066443 51066443 246
80 90891438 90891438 247
61 11134040 11134040 248
3 12150365 12150365 249
49 49727168 49727168 250
83 41419023 41419023 251
19 38607275 38607275 252
29 42602596 42602596 253
47 9931474 9931474 254
53 40132505 40132505 255
82 58049496 58049496 256
70 99685162 99685162 257
99 95065046 95065046 258
115 47230135 47230135 259
104 3200951 3200951 260
32 24916500 24916500 261
3 99533255 99533255 262
36 66619134 66619134 263
57 65682906 65682906 264
52 47342090 47342090 265
60 66934845 66934845 266
57 77972648 77972648 267
98 64213283 64213283 268
86 41608937 41608937 269
66 13746245 13746245 270
33 99141214 99141214 271
32 39642127 39642127 272
157 74363080 74363080 273
112 60809847 60809847 274
51 47308761 47308761 275
21 92083616 92083616 276
138 56037662 56037662 277
70 32951303 32951303 278
10 20446222 20446222 279
23 73515581 73515581 280
23 34582708 34582708 281
4 19369179 19369179 282
4 87676806 87676806 283
67 78995442 78995442 284
45 55623012 55623012 285
47 32312890 32312890 286
8 69685314 69685314 287
148 68935387 68935387 288
30 83029292 83029292 289
69 70688687 70688687 290
157 49848541 49848541 291
89 21477769 21477769 292
78 16529474 16529474 293
6 42229243 42229243 294
32 38598486 38598486 295
72 39449366 39449366 296
54 49754427 49754427 297
54 66888782 66888782 298
137 36201651 36201651 299
151 20454363 20454363 300
30 27725903 27725903 301
62 86972834 86972834 302
36 15457695 15457695 303
141 25011933 25011933 304
45 7551315 7551315 305
110 67277608 67277608 306
24 92359887 92359887 307
10 17822601 17822601 308
26 60862766 60862766 309
50 80844222 80844222 310
22 70442699 70442699 311
119 34563132 34563132 312
27 808386 808386 313
8 42100381 42100381 314
145 35915590 35915590 315
73 32662714 32662714 316
22 82607224 82607224 317
29 97790475 97790475 318
60 51343556 51343556 319
184 26785890 26785890 320
64 16943644 16943644 321
40 87066057 87066057 322
9 96975633 96975633 323
134 48397915 48397915 324
18 71958947 71958947 325
79 58465272 58465272 326
40 74823185 74823185 327
160 1094735 1094735 328
35 27601384 27601384 329
115 27798148 27798148 330
12 78549006 78549006 331
191 25342097 25342097 332
25 39051205 39051205 333
12 16626526 16626526 334
8 80740475 80740475 335
3 14701798 14701798 336
93 5898329 5898329 337
193 57637858 57637858 338
157 76752870 76752870 339
17 52375576 52375576 340
101 97854256 97854256 341
28 85288976 85288976 342
3 95971915 95971915 343
24 22413564 22413564 344
164 47683169 47683169 345
5 20220993 20220993 346
59 90584672 90584672 347
8 63677757 63677757 348
39 68841457 68841457 349
29 5688908 5688908 350
16 28849571 28849571 351
16 59334898 59334898 352
3 64540597 64540597 353
118 56907171 56907171 354
90 24254995 24254995 355
23 2003838 2003838 356
18 9969198 9969198 357
112 87668121 87668121 358
5 94858254 94858254 359
8 81297264 81297264 360
177 48383204 48383204 361
14 59862148 59862148 362
35 93248579 93248579 363
3 98005516 98005516 364
129 36507059 36507059 365
7 67673055 67673055 366
138 98269440 98269440 367
11 80102242 80102242 368
8 17485912 17485912 369
40 51860897 51860897 370
117 61760059 61760059 371
98 30439996 30439996 372
4 57424480 57424480 373
4 55023761 55023761 374
6 11242414 11242414 375
4 25483648 25483648 376
112 99405628 99405628 377
14 71419343 71419343 378
76 93521024 93521024 379
190 55930287 55930287 380
12 16007250 16007250 381
6 60886318 60886318 382
173 85258201 85258201 383
9 60565842 60565842 384
9 10795261 10795261 385
6 43962662 43962662 386
6 83022466 83022466 387
7 85721263 85721263 388
215 82288128 82288128 389
36 40643478 40643478 390
5 91067337 91067337 391
42 27327447 27327447 392
6 18665326 18665326 393
5 659787 659787 394
3 21466572 21466572 395
120 18479245 18479245 396
4 47100123 47100123 397
98 84821499 84821499 398
86 80424337 80424337 399
63 49057043 49057043 400
400
193 44353944 44353944 1
111 18972718 18972718 2
2 55348371 55348371 3
54 84073449 84073449 4
9 44984522 44984522 5
3 80520982 80520982 6
4 46395248 46395248 7
144 85815034 85815034 8
201 84526532 84526532 9
73 21621297 21621297 10
172 29409401 29409401 11
69 84301236 84301236 12
170 79359527 79359527 13
4 44141486 44141486 14
154 69086780 69086780 15
70 89779372 89779372 16
4 23063707 23063707 17
42 56397532 56397532 18
83 92750154 92750154 19
5 81313591 81313591 20
45 88041719 88041719 21
108 29037220 29037220 22
23 12721660 12721660 23
46 9797458 9797458 24
7 45707242 45707242 25
9 12593842 12593842 26
10 82476786 82476786 27
13 92391119 92391119 28
31 54422394 54422394 29
33 41111350 41111350 30
125 71473192 71473192 31
21 72156637 72156637 32
54 79173200 79173200 33
155 84389452 84389452 34
3 68932767 68932767 35
27 93975092 93975092 36
21 29880035 29880035 37
147 49262115 49262115 38
33 27422386 27422386 39
3 38902086 38902086 40
129 36362115 36362115 41
21 40850509 40850509 42
32 22232284 22232284 43
5 96526941 96526941 44
20 64185081 64185081 45
23 1837006 1837006 46
17 33309652 33309652 47
132 28204787 28204787 48
36 77731326 77731326 49
126 90721489 90721489 50
173 31387283 31387283 51
99 42789924 42789924 52
118 11004573 11004573 53
33 71213447 71213447 54
5 88000568 88000568 55
128 44570967 44570967 56
28 86110973 86110973 57
40 49027593 49027593 58
26 38816153 38816153 59
72 88989220 88989220 60
13 19315269 19315269 61
166 13069473 13069473 62
151 94072860 94072860 63
4 59394815 59394815 64
86 24418975 24418975 65
37 47169545 47169545 66
20 47506583 47506583 67
138 82608581 82608581 68
32 65233194 65233194 69
120 97306614 97306614 70
42 10619560 10619560 71
77 35067056 35067056 72
13 54392553 54392553 73
17 77801647 77801647 74
21 66503896 66503896 75
58 54893196 54893196 76
121 31695658 31695658 77
94 22986378 22986378 78
45 47606528 47606528 79
46 54138679 54138679 80
12 87478207 87478207 81
46 95145294 95145294 82
35 85067992 85067992 83
64 96422321 96422321 84
31 79920402 79920402 85
106 8959239 8959239 86
5 5830065 5830065 87
11 46437448 46437448 88
3 39612335 39612335 89
79 88370749 88370749 90
9 64542563 64542563 91
11 33923119 33923119 92
65 54782520 54782520 93
141 63848948 63848948 94
77 91669822 91669822 95
37 41959623 41959623 96
36 34258628 34258628 97
74 32817949 32817949 98
83 42532917 42532917 99
69 8320721 8320721 100
23 19956918 19956918 101
123 39624320 39624320 102
99 92332239 92332239 103
37 51517034 51517034 104
103 62159043 62159043 105
62 70313603 70313603 106
130 4485782 4485782 107
5 95735053 95735053 108
129 34590471 34590471 109
155 23337903 23337903 110
14 70134019 70134019 111
45 77957085 77957085 112
42 65199167 65199167 113
108 60480144 60480144 114
25 6847015 6847015 115
62 42977586 42977586 116
106 19896248 19896248 117
149 98023031 98023031 118
47 611170 611170 119
50 29285775 29285775 120
38 58379794 58379794 121
43 31596620 31596620 122
50 39339207 39339207 123
95 42870676 42870676 124
111 74232616 74232616 125
24 57365660 57365660 126
107 51618641 51618641 127
62 97832251 97832251 128
25 20930339 20930339 129
13 10102288 10102288 130
55 20100817 20100817 131
68 67368279 67368279 132
81 85199777 85199777 133
20 41910041 41910041 134
135 11859647 11859647 135
18 72405996 72405996 136
78 99709410 99709410 137
58 72478610 72478610 138
4 75954100 75954100 139
135 32456297 32456297 140
132 46995115 46995115 141
73 57824188 57824188 142
26 69980661 69980661 143
42 31820260 31820260 144
3 18734684 18734684 145
138 43691604 43691604 146
78 40581 40581 147
82 15673585 15673585 148
40 33824487 33824487 149
56 84348420 84348420 150
14 91021801 91021801 151
30 34855563 34855563 152
14 87747707 87747707 153
29 44532524 44532524 154
56 23671699 23671699 155
40 769762 769762 156
48 74238385 74238385 157
49 76649518 76649518 158
79 58008559 58008559 159
60 52304257 52304257 160
25 16792799 16792799 161
86 21249149 21249149 162
109 27204727 27204727 163
119 7077369 7077369 164
53 6517285 6517285 165
12 68383923 68383923 166
103 43721341 43721341 167
10 66933536 66933536 168
20 57179481 57179481 169
61 16986433 16986433 170
73 21381487 21381487 171
70 67739799 67739799 172
41 59356533 59356533 173
15 2121262 2121262 174
75 49869433 49869433 175
55 76973259 76973259 176
71 66194618 66194618 177
115 70641655 70641655 178
62 3579914 3579914 179
87 97813400 97813400 180
80 1652860 1652860 181
60 11504767 11504767 182
88 63904912 63904912 183
7 61362380 61362380 184
108 95612791 95612791 185
61 63016541 63016541 186
22 25219816 25219816 187
54 47272164 47272164 188
38 94962394 94962394 189
38 71494565 71494565 190
104 27314960 27314960 191
77 7331706 7331706 192
26 31384593 31384593 193
78 26598570 26598570 194
3 6869631 6869631 195
55 48197137 48197137 196
65 6572716 6572716 197
21 38116444 38116444 198
41 50805310 50805310 199
63 67866860 67866860 200
8 62832275 62832275 201
5 87044054 87044054 202
55 61238714 61238714 203
102 22701388 22701388 204
100 65186588 65186588 205
69 60218558 60218558 206
18 53940865 53940865 207
99 41093299 41093299 208
72 49644057 49644057 209
103 53984230 53984230 210
64 50562214 50562214 211
88 1047106 1047106 212
107 75946925 75946925 213
88 73819840 73819840 214
72 15454185 15454185 215
104 14020645 14020645 216
81 30524250 30524250 217
83 35909465 35909465 218
137 3718648 3718648 219
80 31836471 31836471 220
101 71434488 71434488 221
92 74076487 74076487 222
22 58286797 58286797 223
69 54153299 54153299 224
30 2133780 2133780 225
89 43974282 43974282 226
72 70399952 70399952 227
36 12397394 12397394 228
98 73170176 73170176 229
6 46366639 46366639 230
35 73957233 73957233 231
97 28909533 28909533 232
50 24090645 24090645 233
49 27765403 27765403 234
61 70136535 70136535 235
34 57245942 57245942 236
54 17019221 17019221 237
60 19460159 19460159 238
11 92386868 92386868 239
40 96918931 96918931 240
4 39207322 39207322 241
23 40711094 40711094 242
71 35629464 35629464 243
38 42142038 42142038 244
95 33669422 33669422 245
67 19833810 19833810 246
72 94145000 94145000 247
29 41884446 41884446 248
146 38706354 38706354 249
102 86621335 86621335 250
88 19589807 19589807 251
148 51937279 51937279 252
33 17048893 17048893 253
13 92801335 92801335 254
31 27288595 27288595 255
14 97936190 97936190 256
40 59991341 59991341 257
5 3284664 3284664 258
31 53007385 53007385 259
19 57321518 57321518 260
115 73961777 73961777 261
64 89076195 89076195 262
39 75438901 75438901 263
49 85852563 85852563 264
113 96919175 96919175 265
60 79913705 79913705 266
8 4917272 4917272 267
30 187606 187606 268
12 13497339 13497339 269
59 23496634 23496634 270
21 23621904 23621904 271
31 52593908 52593908 272
124 67598337 67598337 273
166 8323086 8323086 274
100 59717387 59717387 275
60 85192183 85192183 276
109 18647080 18647080 277
15 39922252 39922252 278
142 92887510 92887510 279
49 51971505 51971505 280
61 536065 536065 281
35 34847668 34847668 282
22 82074443 82074443 283
157 62274094 62274094 284
39 7785388 7785388 285
14 29428654 29428654 286
103 78166721 78166721 287
54 5584223 5584223 288
54 67609728 67609728 289
31 43368836 43368836 290
95 56572037 56572037 291
110 21198368 21198368 292
41 52679552 52679552 293
53 99103316 99103316 294
16 24245148 24245148 295
121 61580747 61580747 296
4 31131984 31131984 297
119 24310515 24310515 298
47 97262695 97262695 299
14 78609356 78609356 300
48 38589143 38589143 301
59 84501404 84501404 302
49 85381611 85381611 303
44 66923573 66923573 304
140 54073993 54073993 305
21 44839971 44839971 306
49 46628108 46628108 307
13 59417755 59417755 308
155 29673873 29673873 309
7 99564097 99564097 310
167 96229844 96229844 311
78 53956575 53956575 312
6 90044427 90044427 313
32 32324308 32324308 314
131 54051831 54051831 315
152 42269873 42269873 316
23 23106922 23106922 317
45 93184895 93184895 318
116 87100172 87100172 319
116 15335401 15335401 320
20 1225544 1225544 321
31 51793924 51793924 322
11 24486102 24486102 323
41 67425335 67425335 324
106 52024212 52024212 325
50 20113223 20113223 326
129 4703114 4703114 327
77 5002882 5002882 328
27 75619920 75619920 329
9 56559499 56559499 330
27 11263004 11263004 331
160 94652380 94652380 332
149 64375284 64375284 333
123 58117766 58117766 334
34 42864805 42864805 335
10 21480437 21480437 336
195 67694179 67694179 337
5 79094010 79094010 338
4 52103543 52103543 339
27 39632936 39632936 340
86 77531408 77531408 341
128 30777872 30777872 342
145 96203343 96203343 343
19 61593679 61593679 344
158 82871252 82871252 345
16 17775390 17775390 346
140 7309833 7309833 347
13 78760279 78760279 348
19 42980735 42980735 349
15 71067438 71067438 350
12 57162718 57162718 351
96 55257249 55257249 352
5 69476977 69476977 353
159 4021316 4021316 354
70 63132476 63132476 355
19 68566921 68566921 356
49 49675620 49675620 357
53 96987963 96987963 358
17 94384350 94384350 359
16 72036717 72036717 360
13 52424985 52424985 361
9 40166523 40166523 362
9 32918558 32918558 363
108 18397848 18397848 364
6 89075069 89075069 365
13 50081480 50081480 366
9 12005595 12005595 367
17 7301506 7301506 368
81 56510812 56510812 369
140 64254995 64254995 370
48 62918041 62918041 371
14 61650205 61650205 372
33 17827763 17827763 373
9 59341703 59341703 374
9 34455046 34455046 375
8 22049791 22049791 376
153 18422276 18422276 377
4 93032721 93032721 378
156 25179649 25179649 379
9 73991320 73991320 380
7 9886320 9886320 381
180 98251662 98251662 382
8 29212115 29212115 383
7 2968295 2968295 384
109 90298123 90298123 385
17 74965329 74965329 386
4 88152455 88152455 387
5 75354343 75354343 388
216 48276803 48276803 389
3 29238203 29238203 390
126 35084382 35084382 391
4 80267871 80267871 392
201 50021743 50021743 393
2 85722002 85722002 394
2 92961723 92961723 395
2 55764866 55764866 396
2 8905285 8905285 397
217 94282729 94282729 398
1 81229564 81229564 399
148 615606 615606 400
400
65 72956505 72956505 1
28 68273457 68273457 2
2 27102109 27102109 3
2 84091543 84091543 4
8 47919169 47919169 5
3 78146697 78146697 6
5 79391798 79391798 7
3 66057296 66057296 8
176 21441659 21441659 9
97 11999956 11999956 10
5 55350677 55350677 11
4 61923042 61923042 12
174 1674661 1674661 13
96 44391046 44391046 14
119 85832760 85832760 15
82 94520798 94520798 16
10 87901503 87901503 17
8 89413558 89413558 18
31 4361044 4361044 19
7 41120077 41120077 20
111 99435546 99435546 21
5 6434999 6434999 22
4 73039293 73039293 23
84 55972401 55972401 24
12 72067060 72067060 25
7 30467316 30467316 26
5 52315457 52315457 27
148 57150384 57150384 28
121 74538184 74538184 29
85 76072221 76072221 30
140 61115944 61115944 31
12 40247590 40247590 32
54 15280779 15280779 33
82 16835327 16835327 34
15 93138197 93138197 35
29 19023107 19023107 36
13 74457351 74457351 37
83 61398338 61398338 38
5 5387219 5387219 39
6 42370401 42370401 40
46 58081087 58081087 41
28 4286828 4286828 42
24 48425330 48425330 43
4 38225845 38225845 44
175 53160997 53160997 45
8 92860691 92860691 46
40 68513193 68513193 47
26 87300225 87300225 48
7 44039561 44039561 49
18 97924048 97924048 50
64 535693 535693 51
10 15605902 15605902 52
163 28976925 28976925 53
7 16650431 16650431 54
144 48146200 48146200 55
172 35410936 35410936 56
26 37993864 37993864 57
24 84861171 84861171 58
12 27839810 27839810 59
3 81381625 81381625 60
109 28448920 28448920 61
5 27217559 27217559 62
10 42947548 42947548 63
5 20405070 20405070 64
97 31671430 31671430 65
20 95736296 95736296 66
57 18556833 18556833 67
7 36545936 36545936 68
75 27583028 27583028 69
24 42170228 42170228 70
19 81281142 81281142 71
14 73283263 73283263 72
26 83265935 83265935 73
27 78971994 78971994 74
13 93992194 93992194 75
53 43517014 43517014 76
138 36675918 36675918 77
28 91710090 91710090 78
59 92049226 92049226 79
42 29986104 29986104 80
98 40512689 40512689 81
153 19785894 19785894 82
26 19564109 19564109 83
7 7728993 7728993 84
123 16019812 16019812 85
44 34959983 34959983 86
27 47838242 47838242 87
130 19646740 19646740 88
27 96417200 96417200 89
6 80440341 80440341 90
135 70759537 70759537 91
16 94958395 94958395 92
13 51663489 51663489 93
26 61690832 61690832 94
38 19458541 19458541 95
122 39999817 39999817 96
43 69032972 69032972 97
43 10724615 10724615 98
16 42016519 42016519 99
91 1596663 1596663 100
6 78087926 78087926 101
43 67764660 67764660 102
87 34272051 34272051 103
80 59275137 59275137 104
107 75880354 75880354 105
48 96792107 96792107 106
12 23870534 23870534 107
64 79943450 79943450 108
20 64579311 64579311 109
21 59458095 59458095 110
134 35961520 35961520 111
88 84098137 84098137 112
34 61888375 61888375 113
35 70715900 70715900 114
32 54944635 54944635 115
27 19036364 19036364 116
54 50790156 50790156 117
24 34874436 34874436 118
26 47184842 47184842 119
11 85519102 85519102 120
61 14743961 14743961 121
6 13527674 13527674 122
18 6459834 6459834 123
31 38501299 38501299 124
39 84844200 84844200 125
6 46263108 46263108 126
133 98530314 98530314 127
111 24793932 24793932 128
58 44921226 44921226 129
91 81716808 81716808 130
64 83021631 83021631 131
113 33834648 33834648 132
131 57666262 57666262 133
68 35284278 35284278 134
31 99335591 99335591 135
32 31299304 31299304 136
13 26808121 26808121 137
34 78395216 78395216 138
17 46221088 46221088 139
104 8943651 8943651 140
85 96939262 96939262 141
66 72440754 72440754 142
63 54481804 54481804 143
58 58409927 58409927 144
76 63382473 63382473 145
18 69504577 69504577 146
105 76031006 76031006 147
42 80176344 80176344 148
45 53928261 53928261 149
32 63627958 63627958 150
124 35897883 35897883 151
27 87979940 87979940 152
85 72041289 72041289 153
102 45434945 45434945 154
8 56656546 56656546 155
6 85766243 85766243 156
49 19347252 19347252 157
120 5869139 5869139 158
41 94087822 94087822 159
5 41232078 41232078 160
59 76429456 76429456 161
55 19529635 19529635 162
73 10162018 10162018 163
42 77265122 77265122 164
7 83102820 83102820 165
70 12215146 12215146 166
28 24226713 24226713 167
79 19072263 19072263 168
76 56840217 56840217 169
6 74796023 74796023 170
42 77675746 77675746 171
18 47291387 47291387 172
47 52987373 52987373 173
66 35125011 35125011 174
18 11466505 11466505 175
23 75244687 75244687 176
83 30645429 30645429 177
67 27241710 27241710 178
32 53207079 53207079 179
67 71602099 71602099 180
18 26713816 26713816 181
28 3168845 3168845 182
104 67029271 67029271 183
6 82996529 82996529 184
28 48269377 48269377 185
15 7707471 7707471 186
17 57668048 57668048 187
69 36786802 36786802 188
50 56528520 56528520 189
45 3296930 3296930 190
27 94773997 94773997 191
48 1314137 1314137 192
56 62245997 62245997 193
95 70760632 70760632 194
84 24119586 24119586 195
51 69373233 69373233 196
84 75630238 75630238 197
95 71995626 71995626 198
48 75452501 75452501 199
27 73101142 73101142 200
36 16947385 16947385 201
45 13030491 13030491 202
10 82138 82138 203
46 7698471 7698471 204
75 33436709 33436709 205
28 96708496 96708496 206
45 2268226 2268226 207
49 83082956 83082956 208
33 40201453 40201453 209
89 94007630 94007630 210
84 86052991 86052991 211
17 25385120 25385120 212
88 61716546 61716546 213
106 6742024 6742024 214
79 59795339 59795339 215
66 22728982 22728982 216
19 99197226 99197226 217
53 34715829 34715829 218
33 85439642 85439642 219
101 76152064 76152064 220
90 85223796 85223796 221
21 72403773 72403773 222
24 11390413 11390413 223
6 40096575 40096575 224
9 57916554 57916554 225
8 89087721 89087721 226
98 91272512 91272512 227
46 35016902 35016902 228
44 11501698 11501698 229
16 50206116 50206116 230
49 79456379 79456379 231
93 48303119 48303119 232
4 14626459 14626459 233
50 59395468 59395468 234
63 15194147 15194147 235
60 90314782 90314782 236
112 77742860 77742860 237
38 24954785 24954785 238
18 70950606 70950606 239
30 86609627 86609627 240
59 54070624 54070624 241
102 92669187 92669187 242
43 72502656 72502656 243
57 67462993 67462993 244
11 89963657 89963657 245
14 48526175 48526175 246
14 95622284 95622284 247
121 9682954 9682954 248
54 5750111 5750111 249
38 77268296 77268296 250
86 8694798 8694798 251
113 9346421 9346421 252
35 55730 55730 253
6 27881293 27881293 254
11 40783191 40783191 255
61 99417488 99417488 256
5 34444283 34444283 257
79 75173833 75173833 258
38 68426759 68426759 259
12 61889 61889 260
103 66148219 66148219 261
6 7407055 7407055 262
109 27170336 27170336 263
54 58899814 58899814 264
9 62476506 62476506 265
34 37582638 37582638 266
94 72656940 72656940 267
50 51168354 51168354 268
60 71943669 71943669 269
90 13005244 13005244 270
18 39991871 39991871 271
54 9419737 9419737 272
4 28837110 28837110 273
49 85385482 85385482 274
43 13655997 13655997 275
29 7513093 7513093 276
113 44144306 44144306 277
116 48319256 48319256 278
31 82621701 82621701 279
31 62661733 62661733 280
11 90062586 90062586 281
42 95594793 95594793 282
39 11246815 11246815 283
20 70891552 70891552 284
88 74524123 74524123 285
6 43185166 43185166 286
90 81487514 81487514 287
66 83230278 83230278 288
24 25664982 25664982 289
43 19414056 19414056 290
44 25729989 25729989 291
18 57926977 57926977 292
47 76645534 76645534 293
32 84820680 84820680 294
36 27600932 27600932 295
9 62029644 62029644 296
114 97580445 97580445 297
8 85118663 85118663 298
36 8182394 8182394 299
18 8350346 8350346 300
43 99945272 99945272 301
46 19729106 19729106 302
33 32444656 32444656 303
18 48029595 48029595 304
17 70303127 70303127 305
36 86041072 86041072 306
4 84488828 84488828 307
24 18670218 18670218 308
27 45130885 45130885 309
83 43943349 43943349 310
9 2751275 2751275 311
34 33466489 33466489 312
84 7541767 7541767 313
24 66879225 66879225 314
90 38236784 38236784 315
25 50746 50746 316
123 70031607 70031607 317
53 50032845 50032845 318
8 14368036 14368036 319
126 18882438 18882438 320
33 61322824 61322824 321
141 55501174 55501174 322
154 17058724 17058724 323
17 19947550 19947550 324
27 34202712 34202712 325
9 64777227 64777227 326
24 32507805 32507805 327
5 65307386 65307386 328
11 10214515 10214515 329
115 51012389 51012389 330
35 77924916 77924916 331
37 87451471 87451471 332
52 7790998 7790998 333
151 5405059 5405059 334
154 16335179 16335179 335
14 37732430 37732430 336
65 98430642 98430642 337
13 53624604 53624604 338
28 64105945 64105945 339
17 18176052 18176052 340
165 60516821 60516821 341
8 58124753 58124753 342
115 16965502 16965502 343
125 6766107 6766107 344
73 94994090 94994090 345
24 49981452 49981452 346
24 12731020 12731020 347
137 35174732 35174732 348
13 94461561 94461561 349
63 50954543 50954543 350
12 67583637 67583637 351
11 30470688 30470688 352
21 69344949 69344949 353
167 73193725 73193725 354
20 65143355 65143355 355
11 86530533 86530533 356
13 20444308 20444308 357
7 32088591 32088591 358
11 98534352 98534352 359
20 44018020 44018020 360
17 41589244 41589244 361
181 37413735 37413735 362
105 26596696 26596696 363
13 76955864 76955864 364
183 34919186 34919186 365
10 14201210 14201210 366
9 95114860 95114860 367
11 92780809 92780809 368
14 57138883 57138883 369
5 70165841 70165841 370
136 45038738 45038738 371
16 1635651 1635651 372
12 86334552 86334552 373
52 54694707 54694707 374
15 37653575 37653575 375
27 62880770 62880770 376
106 40418467 40418467 377
55 62623824 62623824 378
11 96478746 96478746 379
128 61834775 61834775 380
3 95233881 95233881 381
110 13350457 13350457 382
81 35618937 35618937 383
47 53247051 53247051 384
102 61259809 61259809 385
4 80837138 80837138 386
181 69261371 69261371 387
5 48251559 48251559 388
71 52277954 52277954 389
155 33382055 33382055 390
5 92745036 92745036 391
116 25486513 25486513 392
163 16538041 16538041 393
2 30290731 30290731 394
57 31951864 31951864 395
1 45307083 45307083 396
116 70766052 70766052 397
0 78743600 78743600 398
0 73851310 73851310 399
0 15955386 15955386 400
