0
4
60
49 1569163 70068007 1
33 22265235 41068780 1
37 13827059 58605489 2
33 88502121 25666181 1
37 35759811 20373866 1
33 46730502 78986214 1
33 79372699 80265913 1
25 7397097 21466614 2
33 20187903 32568917 1
33 37559177 50183351 1
36 67996437 67412412 1
42 91200000 61861849 1
33 88855918 21819433 1
33 95849390 93384596 1
25 93134235 74579929 2
33 33115062 14512354 1
25 45150781 38820379 2
42 89218659 14995055 2
44 83700098 89237058 1
33 54007197 4726210 1
36 69418718 81511450 1
33 65677535 99712957 1
31 50739444 67915565 2
48 15672860 33340681 1
50 84175068 65522106 1
33 74175557 80315124 1
37 87428604 23198224 2
31 35566597 2124286 2
37 1291043 79497786 2
49 38416572 40925642 1
25 26973738 30509134 2
25 60841402 92929105 2
25 35384604 92203125 2
46 16733113 32262011 1
33 21629341 35267791 1
25 20089192 92685436 2
33 82746384 39998510 1
44 55439316 29338713 2
30 61928476 34764998 2
33 23164307 7073780 1
50 13009695 92778936 1
28 41452201 6802757 2
46 62145867 18872125 1
45 56718206 72753560 1
35 76594381 1713571 2
25 50628730 98821722 2
25 30051954 98445007 2
50 22392762 60945700 1
25 2670808 69040867 2
47 77142952 79377013 1
33 50572822 69656971 1
41 51178663 32614256 2
40 39990770 21783934 1
44 33322045 77517943 1
33 82567246 28702044 1
25 38421927 29388831 2
39 8311504 59806100 2
32 46100624 79414692 2
40 1882708 75363783 2
34 80915647 20756564 2
70
33 20987633 88245081 1
33 36539073 33643460 1
33 27722736 78559251 1
33 24244764 47318182 1
47 44497337 39346260 2
50 11236546 32868631 2
53 23643062 50887811 2
35 96601462 59439244 2
43 68592079 47374652 2
33 5138207 56885580 1
35 69713702 40646769 2
53 92799867 391539 2
33 41679704 16212695 1
35 99989541 17728101 2
56 72242381 22990603 1
55 67762392 2668858 2
35 24195273 53560549 2
36 65160626 7591911 1
35 60130844 88538743 2
35 8775792 86832220 2
53 27377269 20238118 1
49 68981156 98788021 2
35 72251798 45211432 2
33 6624006 30795391 1
41 95167840 65375566 1
50 34266408 58809644 2
52 1155104 61139417 2
33 16133982 34355705 1
55 49259198 92541562 2
48 34870466 12621695 2
33 28849993 81965656 1
33 51682085 78841785 1
33 98700405 79464312 1
42 31233192 83390659 1
35 34937112 45078519 2
33 3398268 32028033 1
33 4700232 25861702 1
33 22806719 8361380 1
35 51633182 78827004 2
53 94979728 71179038 2
41 54184660 49568005 2
42 69004337 69642887 1
33 1803768 13409317 1
35 89177609 83657500 2
35 55259615 97154089 2
35 86240069 27944634 2
56 59707742 10210305 1
41 74219255 45205662 2
50 47123083 12622313 1
39 91336202 27273197 1
46 89404158 97430829 1
52 36668455 29575538 1
37 16765563 65631168 1
39 17849592 89012192 2
42 60632903 22755816 1
50 62414541 62613405 2
35 3940717 67064550 2
47 79602045 45745041 2
33 8404620 58772361 1
35 24652760 50792922 2
35 33093854 55319968 2
33 27614565 64142297 1
40 7045984 70432534 1
35 74649243 30570134 2
42 65673118 97801223 2
35 54890229 37376629 2
42 77750023 52100404 2
33 93133305 27227534 1
37 42684640 82306759 1
37 64071942 21963916 1
60
27 92749496 38955232 2
27 9082358 74172720 2
27 96937856 17355657 2
36 74276507 15502086 1
27 75272983 52852843 2
42 84244155 87888963 1
31 96973885 50628850 1
31 89169144 75393821 1
27 70307685 36151611 2
38 67839498 61929201 1
31 94763268 52865973 1
37 71838945 90001302 1
31 92329153 51649594 1
41 351334 96188976 1
36 38682383 27262938 2
47 85232596 55759831 2
34 20375582 91221606 1
36 87414985 20249057 1
27 38477485 73340551 2
31 81820822 39370413 1
27 17033880 65182859 2
31 10922001 139200 1
40 87271385 43387893 1
37 28114407 74109723 1
35 17769289 35744852 1
27 99217639 29524424 2
31 71462370 80047945 1
42 20729841 49855053 1
31 14864582 90428803 1
27 90356517 58626118 2
31 28003986 46923480 1
43 16222235 77635481 1
27 14704204 39905457 2
31 37550434 57564766 1
31 85514714 49126276 1
27 29798911 81427293 2
48 82050588 64679695 2
27 75039579 64745016 2
39 84979191 36684785 2
37 93229290 13874352 2
27 44240833 12505345 2
35 41150216 27036789 2
34 7540502 92847381 2
27 99992994 40625928 2
27 5852042 52748662 2
42 2382687 95306472 1
31 26854683 31801746 1
34 6283539 55036541 1
30 994119 74332849 2
27 65789637 91530540 2
43 84351590 72149082 1
27 71752572 39167845 2
34 18706911 14942866 1
27 79048482 67946379 2
27 98726373 5040569 2
44 2167607 7644048 2
38 67269631 50487861 1
42 20223457 26701613 1
39 10873648 9298732 1
41 16949272 98177963 1
70
44 76199623 78255365 1
41 27135569 20309829 1
48 57443394 52741345 2
38 49184253 82096269 2
30 38119571 18761220 1
45 8478739 72476575 2
55 50125212 12883429 2
38 23879346 62238760 2
38 61686373 89132613 2
30 75138372 25842253 1
30 39157268 47644671 1
44 54490577 41832015 2
38 49985198 18386051 2
30 71656105 20558324 1
41 25040557 85749371 2
36 50796766 74648438 1
40 97332590 87235028 1
44 48997188 35679689 1
38 75599709 54030060 2
41 22340253 17914125 1
48 65008016 91269825 2
38 99228865 18639984 2
51 89571432 74648984 2
38 53355338 50769616 2
44 29516735 38314896 2
38 37957752 89583310 2
41 41054232 90794004 1
38 44137497 64533934 2
30 43921067 11904150 1
38 8030321 49052158 2
30 48231622 33742548 1
38 78479619 53702026 2
38 19359686 38883186 2
30 79652302 31689804 1
30 28486409 25780131 1
38 38830580 81643671 2
55 80062248 13121607 2
30 80746240 37272811 1
38 94711363 86430875 2
30 4288995 78347730 1
30 23395102 38893262 1
30 43318442 84078569 1
42 59534410 98209439 1
38 52300288 29265180 2
38 37715079 64227724 2
38 73968688 85201804 2
30 1966913 97254949 1
47 54267514 91674170 2
38 71973183 73372059 2
38 27132689 73854829 2
38 21228956 29494796 2
30 21617965 19250 1
30 14652179 42452267 1
47 29893261 35163790 2
38 79230015 26246330 2
41 49958469 7048893 1
42 18638323 51325550 1
44 42235765 46520992 2
40 14392163 46490243 1
42 91379972 29957404 1
38 34229151 43279712 2
38 8462639 63448177 2
54 18352550 57011458 2
44 23818509 55962590 1
30 55841502 49456398 1
47 11413918 83223990 2
38 14295692 84081395 2
33 29363403 41785786 1
55 7256849 18945217 2
45 58952919 54781910 1
