5000 2
996205859 392438475 
1 2
2 2 1
2 2 1
1 2
1 2
2 1 2
2 1 2
2 1 2
1 2
1 2
2 1 2
1 1
2 2 1
1 2
1 1
1 1
2 2 1
2 1 2
1 1
1 2
1 1
1 2
1 2
1 2
2 1 2
1 2
1 1
2 2 1
1 1
1 2
2 2 1
2 1 2
1 1
1 1
2 1 2
1 1
1 1
1 1
1 2
1 2
1 1
1 1
1 2
1 1
2 2 1
1 1
2 2 1
1 2
1 2
2 2 1
1 2
1 2
2 1 2
1 1
1 2
1 2
1 1
1 2
1 2
1 2
1 2
1 2
1 1
1 2
1 2
2 1 2
1 2
2 2 1
1 2
2 2 1
2 2 1
1 1
2 1 2
1 2
1 2
1 2
1 1
1 1
1 2
1 1
2 2 1
1 1
1 2
1 1
1 1
2 2 1
1 2
1 1
1 2
1 1
2 1 2
2 2 1
2 1 2
2 1 2
1 1
2 2 1
1 2
2 2 1
1 2
1 2
2 1 2
2 1 2
2 2 1
1 1
1 2
1 2
1 2
1 1
1 2
2 1 2
2 1 2
1 1
1 2
1 2
1 1
2 2 1
1 2
1 2
1 2
1 2
1 2
1 2
2 2 1
2 2 1
1 1
2 1 2
2 1 2
1 2
1 1
1 1
1 2
1 1
1 1
2 2 1
2 1 2
1 2
1 1
1 1
1 1
2 1 2
1 2
1 2
2 1 2
1 2
1 1
1 2
2 2 1
1 1
2 2 1
1 1
1 1
1 2
1 2
1 2
2 1 2
1 2
1 2
1 1
1 1
1 2
1 2
2 1 2
1 1
1 1
2 2 1
1 2
1 1
2 2 1
1 2
1 1
1 2
2 2 1
1 2
1 1
2 1 2
1 1
1 1
2 1 2
1 1
1 1
1 1
1 2
2 1 2
1 1
1 2
1 2
1 1
1 2
1 2
2 1 2
2 1 2
2 2 1
2 1 2
2 1 2
1 1
2 2 1
2 1 2
1 1
1 1
1 1
1 1
1 2
2 1 2
2 1 2
1 2
1 2
1 1
1 1
1 1
1 2
1 1
1 2
2 2 1
1 1
1 2
2 1 2
1 1
1 2
2 1 2
1 2
1 2
1 1
2 2 1
2 1 2
1 1
1 1
2 2 1
1 1
2 1 2
2 2 1
1 1
1 2
1 1
1 1
2 1 2
2 2 1
1 2
2 1 2
1 1
2 2 1
1 2
2 1 2
1 2
1 2
1 2
1 2
2 1 2
2 2 1
1 2
2 1 2
1 2
1 1
1 1
1 1
1 1
1 2
1 2
1 1
1 1
1 2
1 1
1 2
2 1 2
1 2
2 1 2
1 1
2 2 1
1 1
2 1 2
1 2
2 1 2
1 2
1 2
1 1
1 1
2 1 2
1 2
2 1 2
1 2
2 1 2
2 2 1
2 2 1
1 2
1 2
1 1
1 2
1 1
2 2 1
1 1
1 1
1 2
1 1
1 1
1 1
1 1
1 2
1 1
2 2 1
2 1 2
1 1
1 1
1 2
1 1
1 2
1 1
1 2
2 2 1
1 2
2 2 1
1 2
1 1
2 2 1
2 1 2
1 2
2 2 1
1 1
1 1
1 2
1 1
1 2
2 2 1
1 1
1 2
1 1
1 1
2 1 2
1 1
2 1 2
1 2
2 1 2
1 1
1 2
1 1
1 1
2 2 1
2 1 2
1 2
2 1 2
1 2
2 2 1
2 2 1
1 1
2 2 1
1 2
2 1 2
1 1
1 2
2 1 2
1 1
1 2
1 1
2 2 1
1 2
1 1
1 1
1 1
1 2
1 1
2 2 1
2 1 2
2 1 2
1 1
1 1
1 1
1 1
1 2
1 2
1 1
2 1 2
1 1
1 2
2 2 1
2 2 1
1 1
1 1
2 1 2
1 2
2 1 2
1 1
1 1
1 2
1 1
1 2
1 1
1 2
2 1 2
2 1 2
1 2
1 2
1 2
1 1
2 2 1
1 1
1 1
1 1
2 2 1
1 2
2 2 1
1 1
2 1 2
2 1 2
2 1 2
1 1
1 2
2 1 2
2 1 2
1 1
2 2 1
1 1
2 1 2
2 1 2
1 2
1 1
1 2
1 1
1 1
1 2
1 1
1 1
2 2 1
2 2 1
1 2
1 2
1 2
2 2 1
2 1 2
1 2
1 2
2 1 2
1 1
1 1
1 2
2 1 2
1 1
1 1
2 2 1
1 2
1 2
1 1
2 1 2
1 2
2 1 2
1 2
2 2 1
1 1
1 1
2 1 2
2 2 1
1 2
1 2
1 1
1 1
1 1
2 2 1
1 1
2 1 2
1 1
1 1
2 1 2
1 2
1 2
1 2
2 2 1
1 2
1 1
2 1 2
2 1 2
2 2 1
2 1 2
1 2
1 2
2 1 2
1 2
1 1
1 2
1 2
1 2
1 1
1 1
1 1
2 2 1
2 1 2
1 1
1 1
1 1
1 2
2 2 1
2 1 2
1 1
1 1
1 2
2 1 2
2 1 2
1 2
1 1
1 2
1 2
1 1
1 2
2 1 2
2 2 1
2 2 1
1 2
1 2
1 1
1 2
2 1 2
1 1
2 1 2
2 2 1
1 2
1 1
1 1
1 2
1 2
1 1
1 1
1 1
2 1 2
2 2 1
2 1 2
1 1
1 1
1 2
1 1
1 1
2 2 1
1 1
1 2
1 1
1 1
1 2
1 1
1 1
2 1 2
1 2
1 1
2 2 1
2 2 1
1 2
1 2
1 1
2 1 2
1 1
1 2
2 2 1
1 2
1 1
1 1
1 2
1 2
2 2 1
2 1 2
1 2
2 1 2
1 2
2 2 1
2 1 2
1 1
2 1 2
2 1 2
1 2
1 1
1 1
2 2 1
2 1 2
1 1
2 1 2
1 2
2 2 1
1 2
1 1
1 1
1 2
2 2 1
1 1
2 1 2
2 2 1
2 2 1
1 1
1 2
2 1 2
2 2 1
2 1 2
1 2
1 1
1 1
2 1 2
2 1 2
2 1 2
1 2
1 2
2 1 2
1 1
2 1 2
1 1
1 1
1 1
2 2 1
1 2
2 2 1
2 1 2
1 2
1 2
2 2 1
2 1 2
2 2 1
1 1
1 1
2 2 1
1 1
2 2 1
1 1
1 1
2 2 1
1 1
1 1
2 2 1
1 2
1 2
1 1
1 1
2 1 2
1 2
2 1 2
2 2 1
2 1 2
1 2
1 1
1 1
1 1
1 1
1 2
1 2
2 1 2
1 2
1 1
1 2
1 1
1 2
2 2 1
1 2
1 1
1 2
2 1 2
1 1
1 1
2 2 1
2 2 1
2 2 1
1 2
1 1
1 1
2 1 2
2 1 2
1 1
1 1
2 1 2
1 1
1 1
1 2
2 2 1
2 2 1
1 1
1 2
1 1
1 1
2 2 1
2 1 2
1 2
1 2
2 1 2
1 2
1 2
2 1 2
1 2
1 1
2 2 1
2 2 1
1 1
1 1
1 2
1 1
2 1 2
2 2 1
1 1
1 2
1 1
2 2 1
2 2 1
1 2
1 1
1 2
1 1
1 2
2 2 1
2 1 2
2 2 1
1 2
1 2
1 2
1 1
1 1
1 2
1 2
1 2
1 2
1 1
2 2 1
2 2 1
1 1
1 2
2 2 1
2 1 2
2 2 1
1 2
2 2 1
2 1 2
1 1
1 1
2 1 2
1 1
2 2 1
2 2 1
1 2
1 2
1 2
1 1
2 1 2
1 2
2 2 1
1 1
2 1 2
1 2
1 2
1 1
1 2
1 2
1 2
1 1
2 2 1
1 1
1 1
1 2
1 2
1 1
2 1 2
1 2
1 2
2 2 1
1 2
2 1 2
2 2 1
1 2
2 1 2
1 2
1 2
2 2 1
1 2
1 1
2 2 1
1 1
1 1
1 1
1 2
2 2 1
1 2
1 2
2 1 2
2 1 2
1 2
1 1
1 2
2 2 1
1 1
2 2 1
1 1
1 2
1 1
1 2
1 1
1 2
1 2
1 1
2 1 2
2 2 1
1 1
1 1
1 2
2 2 1
1 2
1 1
1 2
2 2 1
1 1
1 1
1 1
1 2
2 2 1
2 2 1
1 1
2 2 1
1 1
1 1
1 2
1 1
1 1
1 1
1 1
1 2
2 1 2
1 2
1 1
1 2
2 2 1
1 1
2 2 1
1 2
2 1 2
1 2
2 1 2
2 2 1
2 2 1
1 2
1 2
2 2 1
1 1
1 1
2 1 2
2 1 2
1 2
1 2
1 2
1 1
1 1
1 1
2 1 2
2 1 2
2 2 1
1 2
1 2
1 1
1 2
1 1
2 2 1
1 2
1 2
1 2
1 2
1 1
2 1 2
2 2 1
1 2
2 2 1
1 1
1 2
2 2 1
1 2
1 1
1 2
1 2
1 1
1 1
2 1 2
1 1
1 2
2 1 2
1 1
2 1 2
2 2 1
1 1
1 2
1 1
1 1
1 1
1 1
2 1 2
1 1
1 1
2 2 1
1 2
2 2 1
1 2
1 2
1 2
2 2 1
1 1
1 2
1 2
1 2
2 1 2
2 1 2
1 1
1 2
1 1
2 1 2
2 2 1
1 1
1 1
2 2 1
1 1
2 1 2
1 2
2 1 2
2 2 1
2 2 1
2 2 1
1 2
1 2
1 1
1 1
1 2
1 2
1 1
1 1
2 2 1
1 1
2 1 2
1 1
2 2 1
1 2
2 1 2
1 1
2 2 1
2 1 2
1 2
1 1
1 2
1 2
1 2
2 1 2
2 2 1
1 2
1 1
2 1 2
1 2
1 1
2 1 2
1 2
2 2 1
1 2
1 2
2 1 2
1 2
1 2
1 2
1 2
1 2
1 1
1 2
1 1
2 1 2
2 2 1
1 1
2 1 2
1 1
1 1
1 2
1 2
1 2
2 1 2
2 1 2
1 1
1 1
2 1 2
2 2 1
2 1 2
2 2 1
1 2
1 1
1 1
1 2
2 2 1
1 1
1 2
1 2
1 1
1 2
1 2
1 1
2 1 2
1 2
1 1
2 1 2
1 1
1 1
1 1
1 2
1 1
1 1
2 1 2
2 1 2
1 1
1 1
2 1 2
1 2
2 2 1
2 1 2
2 2 1
1 2
2 2 1
1 1
1 2
1 1
2 2 1
1 2
2 1 2
1 1
1 2
1 2
2 1 2
2 1 2
1 1
1 2
2 1 2
1 2
1 1
1 2
2 1 2
1 2
1 2
2 2 1
1 1
2 2 1
1 2
1 1
1 2
2 2 1
2 2 1
2 2 1
1 2
1 1
2 1 2
2 2 1
1 1
2 1 2
1 1
2 1 2
1 2
1 2
1 2
1 1
1 1
1 1
2 2 1
2 1 2
1 2
1 2
2 2 1
1 2
1 1
1 2
1 2
1 1
1 1
1 2
1 2
2 2 1
1 2
2 2 1
2 1 2
1 2
2 2 1
1 2
1 2
2 1 2
1 2
1 1
1 2
1 1
1 1
1 1
1 1
1 2
2 1 2
2 1 2
1 1
1 2
1 1
2 1 2
1 1
2 1 2
1 1
1 2
2 1 2
1 1
1 1
2 1 2
2 2 1
1 1
2 1 2
1 1
1 2
2 1 2
1 1
1 2
1 1
2 1 2
2 1 2
1 1
1 1
1 1
2 2 1
2 1 2
1 1
1 2
2 2 1
2 2 1
1 2
1 1
2 2 1
1 2
2 1 2
1 2
1 2
1 2
1 2
1 2
2 1 2
1 2
2 1 2
2 2 1
1 1
1 1
1 1
2 1 2
2 2 1
1 2
2 2 1
2 1 2
1 2
1 1
1 1
2 2 1
1 2
2 2 1
1 2
1 1
1 1
1 2
1 2
2 2 1
2 1 2
1 1
1 1
1 1
1 2
2 1 2
2 1 2
2 2 1
1 1
2 2 1
2 2 1
2 1 2
1 2
1 2
1 2
1 1
1 2
2 1 2
2 2 1
1 1
1 2
1 1
1 2
1 2
2 2 1
1 2
1 2
1 2
1 2
2 2 1
2 2 1
1 1
1 1
1 2
2 1 2
1 1
1 1
1 1
1 1
2 2 1
1 2
1 2
2 2 1
1 2
1 2
1 1
2 1 2
1 1
1 1
2 2 1
2 1 2
1 2
1 2
1 2
2 2 1
2 1 2
2 1 2
1 1
2 2 1
1 2
1 2
1 2
2 1 2
2 2 1
1 2
1 2
1 2
1 2
1 1
2 2 1
2 2 1
1 1
1 1
1 1
2 2 1
1 1
1 2
1 1
1 1
1 2
2 1 2
1 2
1 1
2 2 1
1 1
2 1 2
1 1
1 1
2 2 1
1 2
2 1 2
2 2 1
1 1
2 2 1
1 2
1 1
1 2
1 1
2 2 1
1 2
1 2
1 2
2 1 2
1 1
2 2 1
1 1
1 2
2 1 2
1 1
2 2 1
1 1
1 1
1 2
1 1
2 2 1
1 2
2 2 1
1 1
1 2
1 1
2 1 2
1 2
2 2 1
2 1 2
2 2 1
1 2
1 1
2 1 2
1 1
1 2
2 2 1
1 2
1 1
1 1
1 2
1 2
2 1 2
1 1
1 2
1 2
1 1
2 1 2
1 2
1 2
1 2
1 1
2 2 1
1 1
1 2
1 1
2 1 2
1 1
1 1
1 2
1 1
1 2
1 1
1 2
1 1
1 1
2 2 1
1 1
1 1
1 2
1 1
1 2
1 2
1 1
1 1
2 2 1
2 2 1
1 1
1 2
2 1 2
2 2 1
2 2 1
2 2 1
1 1
1 1
1 2
1 2
1 1
1 2
2 2 1
2 2 1
1 1
1 1
1 2
2 1 2
1 1
1 1
1 1
1 2
2 1 2
2 2 1
1 1
1 1
2 2 1
1 1
1 2
1 2
1 1
1 2
1 1
2 2 1
1 1
1 2
1 2
1 2
1 1
1 2
1 1
1 2
2 1 2
1 2
1 1
1 1
1 1
2 1 2
2 2 1
1 2
1 1
2 2 1
2 2 1
2 2 1
1 2
2 1 2
1 1
1 2
1 1
2 1 2
2 2 1
1 1
1 2
1 1
2 1 2
2 1 2
2 1 2
1 2
2 1 2
1 2
2 2 1
1 1
1 1
1 2
2 1 2
2 1 2
2 2 1
1 1
2 2 1
1 1
1 2
2 1 2
2 1 2
1 1
1 2
2 1 2
2 1 2
1 2
1 2
1 1
2 2 1
2 1 2
2 2 1
1 1
1 1
1 2
1 1
2 2 1
1 1
1 2
1 1
2 1 2
1 1
2 1 2
2 1 2
1 1
2 1 2
1 2
1 2
1 2
1 1
2 1 2
2 2 1
1 1
1 1
2 1 2
1 1
1 2
1 2
1 1
1 1
1 2
1 2
1 1
2 2 1
1 2
1 2
2 2 1
2 2 1
1 2
1 1
1 2
2 1 2
1 2
1 2
1 2
2 2 1
1 2
1 2
1 2
1 2
1 2
1 1
1 1
1 1
2 2 1
2 2 1
1 1
1 1
2 2 1
1 1
1 2
2 1 2
1 2
2 1 2
1 2
1 1
1 2
2 1 2
2 2 1
1 1
1 1
1 2
1 1
2 2 1
1 2
2 2 1
1 2
1 2
2 1 2
1 2
2 2 1
1 2
1 1
1 2
2 2 1
1 1
2 2 1
1 1
1 2
2 2 1
1 1
1 2
1 2
2 1 2
1 2
1 1
1 2
1 1
1 2
1 2
2 2 1
1 1
1 1
2 1 2
2 1 2
2 1 2
2 1 2
1 1
1 2
2 2 1
2 1 2
1 2
2 2 1
2 1 2
1 2
2 2 1
1 1
1 1
2 2 1
2 2 1
1 1
1 1
2 2 1
1 2
1 2
1 2
1 1
2 2 1
1 2
1 1
1 2
1 2
2 2 1
1 1
2 2 1
1 1
1 1
1 1
1 2
1 2
2 1 2
1 2
1 1
1 2
1 1
1 2
2 2 1
1 2
2 2 1
2 1 2
1 2
1 1
1 1
1 2
1 2
1 1
1 2
1 2
2 2 1
2 2 1
1 1
1 1
1 1
2 1 2
1 1
1 2
1 2
1 1
1 1
2 1 2
2 2 1
1 1
2 2 1
1 2
1 2
2 1 2
2 1 2
2 2 1
1 1
1 1
1 2
1 1
1 1
1 1
1 1
1 2
2 1 2
2 1 2
1 1
1 2
1 1
2 1 2
1 2
1 2
2 1 2
1 2
2 2 1
1 1
2 2 1
1 2
1 2
1 1
2 2 1
1 2
1 2
1 2
2 1 2
1 1
2 2 1
1 2
1 1
2 2 1
1 1
2 2 1
1 2
1 2
2 2 1
1 2
2 2 1
1 1
2 2 1
2 1 2
1 1
1 1
1 2
1 1
2 2 1
2 1 2
1 2
1 2
2 1 2
2 2 1
2 1 2
1 2
1 1
1 1
1 1
2 2 1
1 2
1 2
1 2
1 2
2 2 1
1 2
1 1
2 1 2
1 2
1 2
1 1
1 1
2 1 2
2 2 1
1 1
2 2 1
1 2
1 2
1 1
2 2 1
2 2 1
1 2
1 1
1 1
1 2
1 1
2 2 1
1 2
1 1
1 2
1 1
1 1
1 1
1 2
1 2
2 1 2
2 2 1
1 2
2 2 1
1 2
2 2 1
1 1
1 2
1 1
2 2 1
1 2
1 1
2 1 2
1 2
1 2
1 2
1 1
1 1
2 2 1
1 2
1 2
1 2
1 2
2 2 1
1 2
1 2
1 1
2 1 2
1 2
2 2 1
1 2
1 1
1 1
2 1 2
1 2
1 2
2 2 1
1 1
1 2
1 2
1 1
2 2 1
2 1 2
1 2
2 2 1
1 1
1 1
2 2 1
1 2
2 2 1
2 2 1
1 1
1 2
1 2
2 1 2
2 1 2
1 1
1 2
2 1 2
1 1
1 1
1 2
2 1 2
1 1
1 1
2 1 2
1 1
1 2
1 2
2 1 2
1 1
1 2
2 2 1
1 2
2 2 1
1 2
2 2 1
1 1
1 2
1 1
1 1
1 1
1 2
1 1
2 1 2
1 2
1 1
1 2
1 1
1 2
2 2 1
2 2 1
1 1
2 2 1
2 1 2
1 2
1 2
1 1
1 2
1 1
2 1 2
1 2
2 2 1
1 1
1 1
1 1
2 1 2
1 1
1 1
1 2
2 2 1
1 1
1 1
2 2 1
2 1 2
1 2
1 1
2 2 1
2 1 2
1 2
1 2
1 1
1 1
1 1
1 1
1 2
1 1
1 2
1 2
1 1
1 1
1 1
1 1
1 2
2 2 1
1 1
2 1 2
1 1
1 1
1 2
2 1 2
1 1
1 2
1 2
1 1
1 2
1 1
1 2
2 1 2
2 1 2
1 1
2 2 1
2 2 1
1 1
1 1
1 1
2 1 2
2 1 2
1 1
1 1
1 1
1 1
1 1
1 2
1 1
1 2
1 2
2 2 1
2 2 1
2 2 1
1 2
1 2
1 2
1 2
1 1
1 1
1 2
2 2 1
1 1
1 2
2 1 2
1 2
1 1
1 2
2 1 2
1 2
1 1
2 1 2
1 2
1 2
1 2
2 1 2
1 1
2 2 1
1 1
1 2
1 2
2 1 2
1 1
1 1
1 2
1 2
2 1 2
1 2
1 1
2 1 2
1 2
1 1
1 1
2 1 2
2 1 2
1 1
1 2
1 2
2 2 1
1 1
1 1
1 1
2 2 1
1 2
1 2
1 1
1 2
1 2
1 1
2 1 2
2 1 2
2 2 1
1 2
1 2
1 2
1 2
1 1
1 2
1 1
1 1
2 1 2
1 2
2 2 1
1 2
2 2 1
1 2
2 1 2
1 1
1 1
1 2
1 2
2 1 2
2 1 2
1 2
1 1
1 2
1 2
1 2
1 2
1 2
1 1
1 1
1 2
1 2
1 2
1 2
1 1
1 1
1 1
1 1
2 1 2
1 2
1 1
1 2
1 1
1 2
1 2
2 1 2
1 2
1 2
1 1
2 1 2
2 2 1
1 2
2 1 2
1 2
2 1 2
1 1
1 2
1 2
1 1
1 1
1 2
1 2
1 2
1 2
2 1 2
2 2 1
1 2
1 1
2 2 1
2 1 2
1 2
1 2
1 1
1 1
1 2
1 2
1 2
2 2 1
1 1
2 2 1
2 1 2
1 2
1 1
1 1
2 1 2
1 2
2 2 1
1 2
2 2 1
1 2
2 1 2
1 1
1 2
1 1
1 2
1 1
2 1 2
1 2
1 2
2 1 2
1 1
1 2
2 1 2
1 1
1 2
1 2
1 1
1 2
1 2
2 2 1
1 2
1 2
1 1
2 1 2
1 2
2 2 1
1 1
1 1
1 1
1 2
1 1
1 1
1 2
1 2
2 2 1
2 2 1
1 1
1 2
2 1 2
2 2 1
1 1
2 2 1
2 1 2
1 1
1 2
1 2
1 1
1 2
1 1
2 1 2
1 1
1 2
1 2
2 1 2
1 1
2 2 1
1 2
1 2
2 2 1
1 2
2 2 1
2 2 1
2 1 2
1 2
1 1
1 2
2 1 2
1 2
1 1
2 1 2
1 1
1 1
1 2
1 1
2 1 2
2 2 1
2 1 2
2 1 2
1 2
1 2
1 1
1 1
1 2
2 2 1
1 2
2 1 2
1 2
2 1 2
2 1 2
1 2
2 2 1
1 1
1 1
1 2
1 1
1 2
1 2
1 1
2 2 1
2 1 2
1 2
1 1
1 2
2 1 2
2 2 1
1 2
1 2
1 2
1 2
1 2
1 1
1 2
1 2
1 2
1 2
1 2
1 2
1 1
1 2
1 2
2 2 1
1 1
1 2
1 2
1 1
1 1
1 2
1 2
1 2
1 1
1 1
2 1 2
1 1
1 1
2 2 1
2 1 2
1 1
2 1 2
1 1
1 2
1 1
1 2
1 1
2 2 1
2 2 1
1 1
2 2 1
1 1
1 1
1 2
1 2
1 1
2 1 2
2 1 2
2 1 2
1 2
1 2
1 1
1 1
2 1 2
2 2 1
1 2
2 1 2
1 1
2 2 1
2 1 2
1 2
1 1
2 2 1
2 1 2
1 1
1 1
1 1
2 1 2
1 1
1 1
2 1 2
2 2 1
1 1
2 1 2
1 2
2 1 2
1 1
2 2 1
1 2
2 1 2
2 1 2
1 1
1 1
2 1 2
1 1
1 1
1 1
1 1
2 2 1
1 1
2 1 2
1 2
1 2
1 2
1 1
2 1 2
1 2
1 1
1 2
2 1 2
1 1
1 1
1 2
2 1 2
2 2 1
1 2
2 1 2
2 1 2
2 1 2
2 2 1
1 2
1 2
1 1
1 2
1 2
1 2
1 1
1 1
2 1 2
1 1
1 2
1 2
1 1
1 2
1 2
1 1
1 1
1 2
1 2
1 1
2 1 2
1 1
1 2
1 1
1 2
1 2
1 2
1 2
1 2
1 1
2 1 2
1 2
2 2 1
1 2
1 2
1 1
1 2
2 1 2
2 1 2
1 2
1 1
1 1
2 1 2
1 2
1 1
2 1 2
1 1
1 1
1 1
1 2
2 1 2
2 2 1
1 1
1 2
2 2 1
1 1
2 2 1
1 2
1 1
1 1
1 1
2 1 2
2 1 2
1 2
1 2
2 1 2
2 1 2
2 2 1
2 2 1
1 1
1 1
2 2 1
1 1
1 2
1 1
2 1 2
1 1
1 1
1 1
1 1
1 1
1 1
2 1 2
1 2
2 2 1
2 2 1
1 2
1 1
2 2 1
1 1
1 1
1 2
2 2 1
2 2 1
1 2
1 2
1 2
2 2 1
1 2
2 1 2
1 2
1 1
1 2
2 1 2
2 2 1
2 1 2
2 2 1
1 1
1 1
2 1 2
1 2
1 1
2 1 2
2 2 1
2 2 1
2 2 1
1 1
2 1 2
1 1
1 1
1 1
1 2
2 1 2
1 2
1 2
1 1
2 2 1
1 1
1 1
1 1
1 2
1 1
1 2
1 1
2 1 2
1 2
1 1
1 1
1 2
1 1
1 1
2 1 2
1 2
2 2 1
1 2
1 2
2 1 2
2 2 1
1 1
1 2
1 1
1 1
1 2
1 2
1 2
2 1 2
1 2
2 2 1
2 1 2
2 2 1
2 1 2
2 1 2
1 2
1 2
1 2
1 2
2 2 1
1 1
1 1
1 1
1 2
1 2
1 2
1 1
1 2
1 1
1 1
1 2
1 1
1 2
2 1 2
1 2
1 1
1 1
1 1
1 1
1 1
1 2
1 1
1 1
1 1
2 1 2
2 1 2
2 2 1
1 2
1 1
1 2
2 2 1
1 2
1 1
1 2
1 1
1 1
2 1 2
1 1
1 1
1 1
1 2
1 2
2 2 1
2 2 1
1 2
1 2
1 2
1 1
2 2 1
1 1
2 2 1
2 2 1
1 2
1 2
2 2 1
2 2 1
2 2 1
2 2 1
2 1 2
1 1
1 1
1 2
1 2
1 2
1 1
1 2
1 1
2 2 1
1 1
1 1
2 2 1
1 2
1 1
1 1
1 2
1 1
1 2
2 1 2
1 2
2 1 2
1 1
1 1
1 1
1 1
1 2
1 2
1 2
1 2
2 1 2
1 1
1 2
1 1
1 1
1 2
2 1 2
2 2 1
1 2
1 2
2 2 1
1 1
1 2
1 2
1 2
1 1
1 1
1 2
1 1
1 1
2 1 2
1 2
1 1
1 1
1 2
2 1 2
1 1
1 1
2 2 1
2 2 1
2 1 2
2 1 2
1 2
1 2
2 2 1
1 2
2 2 1
1 2
1 2
1 2
1 2
1 1
1 2
1 2
2 1 2
1 1
1 2
2 1 2
1 1
1 2
1 1
2 2 1
1 1
1 2
2 2 1
1 1
1 1
2 1 2
2 2 1
1 1
2 1 2
1 1
2 1 2
1 1
2 2 1
2 2 1
2 1 2
1 2
1 1
1 1
2 1 2
2 2 1
1 2
2 2 1
2 1 2
1 2
1 2
1 2
1 2
1 1
1 1
2 1 2
2 1 2
1 1
1 1
1 2
1 1
1 2
2 1 2
1 1
2 1 2
1 2
1 2
1 2
1 2
1 2
1 1
1 2
2 1 2
1 1
2 2 1
2 2 1
1 1
1 1
1 1
1 2
2 2 1
1 1
1 1
1 1
1 1
1 2
2 1 2
1 1
1 2
1 2
1 2
2 2 1
1 1
1 2
1 2
1 1
2 2 1
2 1 2
1 1
2 2 1
2 2 1
1 1
1 2
1 2
1 1
1 2
1 2
1 1
1 1
1 2
2 1 2
1 2
1 1
1 2
2 1 2
1 1
1 2
1 1
2 1 2
1 2
1 1
2 2 1
1 1
1 1
2 1 2
2 1 2
1 2
2 1 2
2 2 1
2 1 2
1 1
1 1
2 2 1
1 2
1 2
1 1
1 1
2 2 1
2 2 1
1 2
1 2
1 1
1 1
2 1 2
2 2 1
2 1 2
2 1 2
2 1 2
1 1
2 1 2
1 1
1 1
1 2
1 2
1 2
2 1 2
2 2 1
1 1
1 2
2 2 1
2 2 1
2 2 1
2 1 2
2 1 2
2 1 2
2 1 2
1 1
2 2 1
1 2
1 1
1 2
1 1
1 1
1 2
2 2 1
1 1
1 2
1 1
2 1 2
1 1
2 1 2
1 2
1 2
1 2
1 2
1 2
1 1
1 2
1 1
1 2
2 1 2
2 1 2
1 1
2 2 1
1 1
2 2 1
1 2
1 2
2 1 2
1 2
2 1 2
1 2
1 1
1 2
1 1
1 1
1 2
2 1 2
2 2 1
1 2
2 1 2
1 1
2 1 2
2 2 1
1 2
1 1
1 1
1 2
1 1
1 2
1 1
2 1 2
1 1
1 1
1 1
1 1
1 2
1 2
1 1
2 2 1
1 1
2 2 1
1 2
2 2 1
2 2 1
2 2 1
1 1
1 1
1 2
1 1
1 2
1 2
2 1 2
2 2 1
1 1
1 1
1 1
1 1
2 1 2
1 2
1 2
2 2 1
1 2
1 2
1 1
1 2
1 1
1 1
1 2
2 1 2
1 2
1 1
1 2
1 2
1 1
2 2 1
1 1
2 2 1
1 1
2 1 2
2 1 2
1 1
1 1
2 2 1
1 1
1 1
1 1
2 1 2
1 1
2 2 1
1 2
2 1 2
2 2 1
1 2
1 1
2 1 2
2 1 2
1 1
1 2
1 1
1 2
1 1
1 1
1 2
1 1
2 2 1
1 1
1 2
1 2
1 2
2 2 1
2 1 2
2 2 1
1 2
1 2
2 2 1
1 2
1 1
1 2
2 1 2
2 2 1
1 2
2 2 1
1 1
2 2 1
1 2
1 2
1 2
1 2
1 1
1 1
1 2
2 2 1
1 2
2 1 2
1 2
2 2 1
1 1
1 1
1 2
2 2 1
1 1
2 1 2
1 1
1 1
1 1
1 2
1 2
1 2
1 1
1 2
1 1
1 1
1 2
2 1 2
2 1 2
2 1 2
1 1
1 1
1 2
1 1
1 2
1 2
1 2
2 2 1
1 1
2 1 2
2 2 1
1 2
1 1
1 2
1 1
1 2
1 2
2 1 2
1 1
2 2 1
2 2 1
1 1
1 2
2 1 2
1 2
1 2
1 1
2 1 2
1 2
1 2
2 1 2
1 2
2 2 1
1 2
1 2
2 2 1
1 2
2 2 1
1 2
2 1 2
1 2
1 2
2 2 1
1 1
2 1 2
1 2
1 2
1 1
1 1
1 1
1 1
2 2 1
1 2
2 1 2
1 1
1 1
1 1
2 2 1
2 2 1
1 1
1 2
2 2 1
1 1
2 2 1
1 1
1 1
1 1
1 2
1 2
1 1
1 2
1 2
1 2
1 2
1 1
2 2 1
1 2
1 2
1 1
2 2 1
1 2
1 2
1 2
1 2
2 2 1
1 1
2 1 2
1 2
1 2
1 2
1 2
1 2
2 2 1
1 1
1 1
1 1
2 2 1
2 1 2
2 1 2
1 2
1 2
1 1
2 1 2
2 1 2
2 2 1
2 2 1
2 2 1
1 2
2 1 2
1 2
1 1
1 1
1 2
2 1 2
1 2
1 2
1 2
1 2
2 1 2
1 2
2 1 2
1 2
1 1
1 1
1 2
1 1
1 1
2 2 1
1 2
1 2
1 1
2 2 1
1 2
2 1 2
1 1
2 1 2
2 1 2
1 1
2 1 2
1 1
2 2 1
1 2
1 2
1 1
2 2 1
2 2 1
1 1
2 1 2
2 2 1
1 2
2 1 2
2 2 1
2 2 1
1 1
2 1 2
1 1
1 1
1 2
1 1
2 1 2
1 1
1 1
2 1 2
1 1
2 2 1
2 1 2
1 1
1 2
1 2
2 2 1
2 2 1
2 1 2
1 1
2 1 2
1 1
1 1
2 2 1
1 1
2 2 1
2 2 1
1 2
2 2 1
1 2
2 1 2
2 1 2
1 2
2 2 1
1 1
1 2
1 2
1 2
2 1 2
1 1
1 2
1 1
2 1 2
1 1
2 1 2
2 2 1
1 1
1 2
1 1
1 1
2 2 1
1 1
1 1
1 2
2 1 2
1 2
2 2 1
1 1
1 2
1 1
1 1
1 1
2 1 2
1 2
1 2
1 1
1 2
1 2
1 2
1 2
2 2 1
1 2
1 2
1 2
1 2
2 2 1
2 2 1
1 1
2 2 1
1 1
2 1 2
1 2
1 2
1 1
1 1
1 2
1 2
1 1
2 2 1
2 1 2
1 2
1 2
2 1 2
2 1 2
1 2
2 1 2
1 1
2 2 1
1 1
1 2
1 1
1 2
1 2
1 2
2 2 1
1 2
1 1
2 1 2
1 1
2 1 2
2 2 1
2 2 1
1 1
2 2 1
1 1
2 1 2
1 2
1 2
1 1
2 1 2
1 1
1 1
2 1 2
1 2
1 1
1 2
1 1
2 2 1
2 2 1
2 1 2
1 1
2 2 1
1 1
2 2 1
2 1 2
1 2
1 1
1 2
1 1
2 2 1
2 2 1
2 2 1
1 2
2 2 1
1 2
1 1
1 1
1 1
2 1 2
2 1 2
1 2
1 1
2 2 1
1 2
1 1
2 1 2
1 2
1 2
1 2
1 2
1 1
2 2 1
1 1
1 2
1 1
2 2 1
2 2 1
1 1
1 2
1 2
1 1
1 2
2 1 2
1 2
1 1
2 2 1
1 2
1 1
2 2 1
1 2
1 2
1 1
1 1
1 2
1 2
1 1
2 2 1
2 2 1
1 1
1 2
1 2
1 2
2 1 2
2 2 1
1 2
1 2
2 2 1
1 2
2 2 1
1 1
2 1 2
1 1
1 1
1 2
1 2
2 2 1
1 1
1 1
1 2
1 1
1 2
2 2 1
1 1
1 2
1 1
1 1
1 1
1 2
1 1
1 2
1 2
1 2
1 1
1 1
1 2
2 2 1
1 2
1 2
2 1 2
2 2 1
2 2 1
1 2
1 2
1 1
1 2
1 2
1 2
1 1
2 2 1
1 2
1 2
1 2
1 1
2 1 2
1 1
1 2
2 1 2
1 2
2 1 2
1 1
1 2
1 2
1 1
2 1 2
2 2 1
2 2 1
1 1
1 2
1 2
1 2
2 1 2
1 2
1 2
1 1
1 1
2 1 2
1 2
1 1
2 2 1
1 1
2 1 2
2 2 1
2 2 1
2 1 2
2 2 1
2 1 2
1 2
2 2 1
2 1 2
1 1
1 2
2 1 2
1 2
1 1
2 2 1
1 2
1 2
2 1 2
1 2
1 2
2 1 2
1 1
2 1 2
2 2 1
1 2
1 2
2 1 2
2 1 2
1 1
1 1
1 1
2 1 2
1 2
1 2
1 2
1 1
1 2
1 2
2 1 2
2 2 1
1 1
2 1 2
1 1
2 2 1
2 1 2
1 1
1 1
1 1
1 2
1 2
1 1
2 1 2
2 2 1
2 2 1
1 2
1 2
1 1
1 1
2 1 2
2 2 1
1 2
1 1
2 2 1
2 1 2
1 1
1 2
2 1 2
1 1
1 1
1 2
1 2
2 2 1
1 1
2 1 2
1 2
1 2
1 2
2 2 1
2 1 2
1 2
2 1 2
1 1
1 1
1 2
2 2 1
1 2
1 2
2 1 2
1 2
1 2
1 1
1 2
1 2
1 1
1 2
1 2
1 1
2 2 1
1 1
1 2
1 2
1 2
2 2 1
1 1
2 2 1
1 1
1 1
1 2
1 2
2 2 1
1 1
1 1
2 2 1
1 2
1 2
1 2
2 1 2
2 2 1
2 2 1
2 1 2
1 1
1 1
1 1
1 1
2 2 1
1 2
2 2 1
1 2
1 1
1 1
1 2
1 2
2 1 2
1 1
1 1
1 1
2 1 2
1 2
1 2
1 1
1 2
1 2
1 2
2 2 1
1 1
1 2
1 1
1 2
1 2
2 2 1
1 1
1 2
2 2 1
1 1
2 1 2
1 1
1 1
2 1 2
1 1
2 2 1
1 1
2 1 2
1 2
1 2
1 1
1 1
1 2
1 2
2 2 1
2 2 1
2 1 2
2 1 2
2 2 1
2 2 1
1 2
1 1
2 2 1
1 1
2 1 2
1 2
1 2
1 2
1 2
2 1 2
2 2 1
1 1
2 2 1
1 1
2 1 2
1 2
1 1
1 2
1 1
1 2
2 2 1
2 1 2
1 1
2 2 1
2 2 1
2 2 1
1 2
1 2
2 1 2
2 1 2
1 2
1 2
1 1
2 1 2
1 2
1 1
2 2 1
1 2
2 1 2
1 2
2 2 1
2 2 1
1 1
2 2 1
1 2
2 2 1
1 1
1 1
1 2
2 2 1
1 1
2 2 1
1 2
2 1 2
2 1 2
1 2
1 2
1 1
1 1
1 2
1 2
1 1
1 1
2 2 1
2 2 1
1 1
1 1
2 2 1
1 2
1 2
1 1
2 1 2
1 2
1 1
1 2
1 2
2 2 1
1 2
2 2 1
1 2
1 2
1 2
1 2
2 2 1
1 1
1 1
1 1
1 1
1 2
1 1
2 2 1
2 1 2
2 1 2
1 2
1 1
1 1
1 1
2 1 2
1 1
2 2 1
1 2
1 2
2 1 2
1 1
2 1 2
1 2
1 2
2 1 2
1 1
1 2
1 2
1 2
1 1
1 1
1 2
1 2
1 2
1 2
1 1
1 2
2 2 1
2 1 2
2 1 2
1 1
2 2 1
1 2
1 2
1 1
2 2 1
1 2
2 1 2
1 1
1 2
1 1
2 1 2
1 1
1 2
2 2 1
2 2 1
2 1 2
1 1
1 2
1 2
2 2 1
2 1 2
1 2
2 1 2
1 2
2 2 1
1 2
2 1 2
1 2
1 2
1 2
1 2
1 1
1 2
1 1
1 1
1 1
2 2 1
2 2 1
1 1
1 1
1 2
1 1
2 2 1
1 2
1 2
1 1
1 1
1 1
1 1
1 1
1 2
1 1
1 1
1 1
1 2
1 2
2 1 2
2 1 2
1 1
2 2 1
2 2 1
1 1
1 1
1 1
1 1
1 1
1 1
2 1 2
1 2
2 2 1
1 2
1 2
1 1
1 2
2 1 2
1 1
2 2 1
1 2
1 2
2 1 2
1 1
1 2
1 1
2 1 2
1 1
1 2
1 2
1 2
2 2 1
2 2 1
1 2
1 1
1 1
2 2 1
1 1
1 1
2 2 1
2 2 1
2 1 2
1 2
1 1
2 2 1
1 1
2 2 1
2 2 1
2 2 1
1 1
1 2
1 1
1 1
1 1
1 1
1 2
1 1
1 2
1 1
1 2
2 1 2
1 1
1 2
1 2
1 2
1 2
1 2
1 2
1 2
2 2 1
1 1
1 1
1 2
1 2
1 1
1 2
2 1 2
1 2
2 1 2
2 1 2
2 1 2
2 2 1
2 2 1
1 1
1 2
2 1 2
1 2
1 2
1 1
1 1
1 2
2 2 1
2 2 1
2 2 1
1 2
1 2
2 2 1
1 1
1 2
2 2 1
2 1 2
1 1
1 1
2 1 2
2 2 1
2 1 2
1 1
2 2 1
1 1
2 1 2
1 1
2 1 2
2 2 1
1 2
2 2 1
1 2
1 2
1 1
1 1
2 2 1
2 2 1
1 1
1 1
1 2
2 2 1
2 2 1
1 2
2 2 1
1 2
1 2
2 2 1
2 2 1
1 1
2 2 1
2 2 1
2 2 1
1 1
2 1 2
1 1
2 1 2
1 2
1 2
1 1
1 2
1 1
2 1 2
1 1
2 1 2
2 1 2
2 2 1
1 1
2 1 2
2 2 1
2 1 2
1 2
2 1 2
2 1 2
2 2 1
1 2
1 1
1 2
2 1 2
1 2
2 1 2
1 1
1 1
1 2
1 1
2 1 2
1 1
2 2 1
1 2
1 1
1 2
1 1
1 1
2 2 1
1 2
1 1
1 1
2 1 2
2 2 1
2 1 2
1 1
2 2 1
1 2
2 1 2
1 2
2 1 2
1 2
1 2
1 1
1 1
2 2 1
1 2
1 1
2 2 1
1 2
2 2 1
1 2
1 1
1 2
2 1 2
2 1 2
2 2 1
1 2
1 2
2 1 2
1 1
1 1
1 2
2 2 1
1 2
1 2
1 1
2 1 2
1 1
1 1
2 1 2
1 1
1 1
2 1 2
2 1 2
2 2 1
2 1 2
1 1
2 1 2
1 1
2 1 2
2 2 1
1 1
2 1 2
1 1
1 1
1 1
2 1 2
1 2
1 1
2 1 2
1 2
2 1 2
2 1 2
1 2
1 1
2 2 1
1 2
1 2
2 2 1
2 1 2
1 1
1 2
2 2 1
1 2
2 1 2
2 2 1
2 1 2
1 1
1 2
1 2
1 1
1 1
2 1 2
1 1
2 2 1
2 1 2
1 2
1 2
1 2
1 2
1 2
1 1
1 2
1 1
1 2
1 2
1 1
1 2
1 1
1 2
2 2 1
1 2
1 2
1 1
1 2
1 1
1 1
1 1
1 1
1 2
1 1
1 2
1 1
2 1 2
1 1
2 1 2
1 1
1 2
1 1
2 2 1
1 2
1 1
1 1
1 2
1 2
1 1
1 1
1 2
2 2 1
2 1 2
2 1 2
2 1 2
1 1
2 2 1
2 1 2
1 2
2 1 2
1 2
1 2
1 1
2 2 1
2 1 2
1 1
1 2
1 1
1 2
1 1
1 1
2 1 2
1 1
1 2
2 2 1
2 1 2
1 1
1 1
2 1 2
2 1 2
1 1
1 2
1 2
1 1
1 1
1 2
2 1 2
1 2
1 1
1 2
1 1
1 1
2 1 2
1 1
1 1
1 1
2 2 1
1 1
1 1
2 1 2
1 1
1 2
1 2
1 2
1 1
1 2
2 1 2
1 2
2 2 1
1 1
1 1
2 1 2
1 2
2 2 1
1 2
1 2
1 1
2 1 2
1 1
2 2 1
2 2 1
1 2
1 2
1 1
2 2 1
1 1
2 2 1
1 2
1 2
2 2 1
1 2
2 2 1
2 1 2
1 2
1 2
1 1
1 2
2 1 2
1 2
1 1
1 1
1 2
1 1
1 2
1 1
1 1
1 1
1 2
2 1 2
2 1 2
1 1
1 2
1 1
1 1
1 2
1 2
1 1
1 1
1 1
2 1 2
1 2
1 2
1 1
1 1
2 1 2
1 1
1 2
2 1 2
1 1
1 2
2 1 2
1 2
1 2
1 2
1 2
1 1
1 2
2 1 2
1 2
1 2
1 1
1 1
2 1 2
1 1
2 2 1
1 2
1 2
2 2 1
1 2
1 1
1 2
1 2
1 2
1 1
2 2 1
1 2
2 1 2
1 2
2 1 2
1 1
1 2
2 2 1
2 1 2
2 1 2
1 2
1 1
1 2
2 2 1
2 1 2
1 1
2 2 1
1 1
1 1
2 2 1
1 1
2 2 1
1 1
1 1
2 1 2
1 1
2 1 2
1 2
1 1
2 1 2
1 1
2 2 1
1 1
1 1
2 1 2
2 1 2
1 1
1 1
1 1
1 1
1 2
1 1
1 2
2 2 1
1 1
2 1 2
1 2
2 1 2
1 2
1 2
2 1 2
2 1 2
1 1
2 1 2
1 1
1 1
1 2
1 2
2 2 1
1 2
1 1
1 2
2 2 1
1 2
2 2 1
1 1
2 2 1
2 1 2
1 1
2 2 1
2 1 2
1 1
1 1
1 1
1 2
2 1 2
2 1 2
1 1
1 1
1 1
1 1
2 2 1
1 2
2 2 1
1 1
1 1
2 2 1
1 2
1 2
1 1
1 2
2 1 2
1 1
2 1 2
1 2
1 2
1 2
1 2
1 1
1 2
1 2
1 1
2 2 1
1 2
1 2
1 1
1 2
1 1
2 1 2
1 1
1 2
1 1
1 2
2 2 1
2 2 1
2 1 2
1 2
2 2 1
1 1
1 1
1 2
2 2 1
1 2
1 1
2 1 2
2 1 2
2 2 1
2 2 1
1 2
1 2
1 2
1 2
1 1
1 1
1 2
1 1
1 2
1 2
1 2
1 2
2 1 2
1 1
1 2
1 2
1 1
1 2
1 2
2 1 2
1 1
1 2
1 1
1 1
2 1 2
2 2 1
1 1
1 1
2 2 1
1 1
1 1
1 1
1 1
2 2 1
2 1 2
2 1 2
1 2
1 2
1 2
1 1
1 1
1 1
1 2
1 1
2 1 2
2 1 2
1 1
1 2
1 1
1 1
1 1
2 1 2
1 1
2 2 1
1 1
1 1
2 1 2
1 1
1 2
1 1
1 2
1 2
1 1
2 1 2
1 1
2 2 1
2 2 1
2 2 1
2 1 2
1 1
1 2
1 1
2 1 2
2 1 2
2 2 1
1 1
2 2 1
2 1 2
1 2
1 1
2 1 2
2 1 2
2 1 2
1 2
1 2
1 1
1 1
2 1 2
1 2
2 2 1
1 1
2 1 2
1 2
1 1
1 2
1 1
1 1
2 2 1
1 1
2 1 2
1 1
1 2
1 2
1 1
2 1 2
1 2
2 1 2
1 1
1 2
1 1
2 2 1
2 1 2
2 2 1
2 2 1
1 1
1 1
1 2
2 1 2
1 2
1 2
2 2 1
1 1
1 1
1 2
1 2
2 1 2
2 2 1
1 1
1 1
1 1
2 2 1
2 2 1
1 2
2 1 2
2 2 1
2 2 1
1 2
2 2 1
1 2
2 2 1
2 1 2
1 1
1 2
2 1 2
2 2 1
1 2
2 2 1
1 2
1 2
1 1
2 2 1
2 2 1
1 2
1 1
2 1 2
1 1
2 1 2
1 2
2 2 1
1 2
1 2
1 2
2 2 1
1 1
2 2 1
1 1
2 2 1
2 2 1
1 1
1 2
1 2
1 2
1 1
2 1 2
1 2
2 2 1
2 1 2
1 2
1 1
1 1
2 2 1
1 1
1 2
2 1 2
1 2
1 1
1 2
2 2 1
1 1
1 2
1 2
1 1
2 1 2
1 1
1 1
2 2 1
1 2
1 2
2 1 2
2 2 1
1 2
1 2
1 2
1 2
1 2
1 2
1 2
1 1
1 2
1 1
1 2
1 2
2 2 1
1 2
1 1
2 1 2
2 1 2
1 1
1 1
1 2
1 2
1 1
1 1
2 2 1
1 1
1 2
1 1
1 1
1 2
1 2
2 2 1
2 2 1
1 2
1 1
1 1
1 1
2 2 1
1 1
1 1
1 1
1 1
1 2
1 2
1 2
1 2
1 1
2 1 2
2 2 1
1 1
1 1
2 2 1
1 2
2 1 2
2 2 1
1 1
1 1
1 2
1 1
1 2
1 1
2 1 2
2 1 2
2 2 1
1 2
1 2
1 2
1 2
1 2
1 2
2 1 2
1 1
1 1
1 1
1 1
2 1 2
1 2
1 2
1 2
1 2
2 1 2
2 2 1
2 2 1
1 2
2 1 2
2 1 2
1 2
1 1
2 2 1
2 1 2
2 1 2
1 2
1 1
1 1
1 2
1 1
2 2 1
1 2
2 2 1
2 1 2
2 1 2
1 1
1 2
2 1 2
2 2 1
2 2 1
1 2
1 1
1 1
1 2
1 2
1 1
1 2
1 1
1 1
1 1
1 1
1 2
1 2
1 1
1 2
1 1
2 2 1
2 1 2
2 1 2
1 2
1 1
1 1
2 1 2
1 2
1 2
1 2
1 1
2 1 2
1 1
2 2 1
1 2
2 1 2
1 2
1 1
2 2 1
1 1
1 2
2 2 1
1 2
1 1
1 1
1 2
2 2 1
1 2
2 2 1
1 1
1 2
2 2 1
2 1 2
1 2
1 1
2 2 1
1 2
2 2 1
2 2 1
1 2
1 2
1 2
1 1
1 1
1 1
1 2
1 2
1 2
2 2 1
1 1
2 1 2
1 2
1 1
2 2 1
1 1
1 1
1 1
2 2 1
2 2 1
1 1
2 1 2
1 1
1 1
2 1 2
2 2 1
1 1
1 2
1 1
1 2
1 2
1 2
1 1
1 2
1 1
1 2
1 1
2 1 2
1 2
1 2
1 2
2 1 2
1 1
1 1
1 2
1 2
1 1
1 1
1 2
1 2
1 2
1 1
1 1
1 2
1 1
1 1
2 1 2
1 2
2 1 2
1 1
1 1
1 1
1 1
2 2 1
2 1 2
1 2
2 1 2
1 2
1 2
1 2
1 2
2 2 1
1 2
1 2
2 1 2
2 1 2
2 1 2
2 2 1
1 1
2 1 2
1 2
1 1
1 2
1 1
2 2 1
1 1
1 2
2 2 1
2 2 1
1 2
1 1
1 2
1 2
2 2 1
2 2 1
2 2 1
1 1
2 1 2
1 1
1 2
1 2
1 2
2 1 2
2 2 1
1 1
1 2
2 2 1
1 2
1 2
1 2
2 1 2
2 1 2
2 2 1
1 2
1 1
1 2
2 1 2
1 2
2 2 1
1 2
1 2
1 1
1 1
1 2
2 2 1
1 1
1 1
1 2
1 1
1 2
1 2
1 2
1 2
2 2 1
1 1
1 1
2 1 2
1 1
1 1
1 2
1 1
1 2
1 1
1 1
1 2
2 1 2
2 1 2
2 2 1
1 2
1 2
1 2
1 1
1 1
2 1 2
2 1 2
2 1 2
1 1
1 1
1 1
1 1
1 1
1 2
2 1 2
2 1 2
1 1
2 2 1
1 2
1 1
2 1 2
1 1
2 2 1
2 1 2
1 1
2 2 1
2 2 1
2 2 1
1 1
1 1
1 2
2 1 2
2 1 2
1 1
1 1
2 1 2
2 2 1
1 1
1 2
2 2 1
1 2
1 2
1 1
1 2
1 2
1 2
2 1 2
1 1
2 2 1
1 1
1 2
1 1
1 2
2 1 2
1 1
2 2 1
2 2 1
1 2
1 1
2 1 2
1 1
2 1 2
1 1
1 1
1 1
1 1
1 2
1 1
1 1
2 1 2
1 2
2 1 2
1 1
1 1
1 1
1 1
1 2
1 2
2 2 1
2 2 1
2 2 1
1 2
1 2
1 2
1 2
2 1 2
1 2
1 1
1 2
1 1
2 2 1
2 2 1
1 1
2 2 1
1 2
1 2
1 1
2 1 2
1 2
2 1 2
2 2 1
1 2
1 2
2 2 1
1 1
1 1
1 2
1 2
1 2
2 1 2
2 2 1
1 2
1 2
1 2
1 1
1 2
1 1
2 2 1
1 2
2 1 2
1 1
1 2
1 1
1 2
1 1
1 1
1 1
2 1 2
2 1 2
1 2
1 1
1 1
2 1 2
1 1
1 1
1 2
1 1
1 2
2 1 2
2 2 1
1 2
1 1
1 1
1 2
1 1
1 2
1 1
2 2 1
1 1
1 1
2 1 2
2 2 1
1 1
1 2
1 2
2 2 1
1 1
1 2
1 2
1 2
1 2
2 1 2
1 1
2 1 2
1 2
2 2 1
1 1
1 2
2 1 2
1 1
1 2
2 1 2
1 1
2 2 1
2 1 2
2 1 2
1 2
1 2
2 2 1
1 1
1 2
1 1
1 2
1 2
1 2
1 1
1 2
1 1
1 2
1 2
1 1
2 1 2
1 1
1 2
1 1
2 1 2
1 1
1 2
1 2
2 1 2
2 1 2
2 2 1
1 1
1 2
2 1 2
1 1
2 1 2
1 2
1 2
1 2
1 2
1 1
1 1
2 1 2
2 2 1
1 1
1 1
1 2
1 1
1 2
1 2
1 1
1 2
1 2
1 1
1 2
1 2
1 1
1 1
1 2
2 2 1
1 2
1 2
1 1
1 2
1 1
1 2
2 1 2
2 2 1
1 1
1 1
2 1 2
1 2
1 2
1 2
1 1
2 1 2
1 1
2 1 2
1 1
2 2 1
1 1
1 2
1 2
1 1
2 1 2
2 1 2
1 2
1 2
1 1
1 2
1 2
1 1
1 1
1 1
2 2 1
1 1
1 2
1 2
1 1
2 1 2
2 2 1
1 2
1 1
1 2
1 1
2 2 1
1 1
1 2
2 2 1
2 2 1
2 1 2
1 2
1 1
1 1
1 2
1 1
1 2
2 2 1
2 2 1
1 2
1 2
2 1 2
1 2
1 2
1 2
1 1
4 404
6 559
9 4414
10 1244
21 4353
24 4004
28 2696
33 3399
35 4270
38 1779
46 2732
48 2251
50 1386
52 3193
56 1857
59 2966
71 2041
72 3435
74 3470
76 3566
77 452
81 1466
82 3742
83 2417
84 3853
86 4914
89 3154
95 3310
97 1050
101 475
106 1786
111 2989
112 2462
114 3118
115 2303
117 2313
118 2435
122 2848
124 3116
125 3918
126 1479
128 431
129 4005
132 2445
133 102
135 4370
136 2150
138 3855
139 783
141 1607
146 3100
150 1815
153 4233
154 596
162 2833
166 4802
175 4713
176 1398
178 4354
184 4748
185 4105
188 4151
194 2075
199 1882
200 4696
203 2193
217 3644
219 2788
222 4512
223 3651
224 3257
229 902
230 109
109 3452
233 2029
234 3411
236 4221
237 4418
240 1079
242 4287
245 2856
247 635
251 800
254 463
256 2869
257 846
258 4358
259 3594
260 2140
261 2010
265 2055
266 4854
267 2703
269 1869
271 3388
272 1989
277 4520
281 3338
287 2197
291 2480
292 4272
295 1884
296 1162
298 1246
300 4263
307 2538
308 3654
309 2447
312 3712
316 2020
317 1722
322 2470
325 2710
326 4788
327 4493
328 2203
333 1124
334 274
335 2982
339 2440
342 3143
345 2591
346 3090
348 4762
349 4680
351 3456
355 3773
358 2598
361 4674
366 1949
367 4520
371 1680
372 3808
374 2959
376 4424
380 1608
384 3085
387 2806
388 3036
389 427
396 1671
397 3908
398 1536
399 3177
401 3597
402 3423
404 25
25 2868
409 1676
412 241
415 1926
421 873
425 4249
427 2237
429 4053
430 2021
431 1708
432 331
433 2528
434 4873
435 2562
441 1989
443 2760
445 859
448 4656
449 2301
451 1851
455 3127
459 1479
460 739
464 1568
465 4394
468 2173
474 890
478 4569
482 382
484 3119
485 3823
487 4831
488 2413
490 949
493 3763
496 715
500 4289
511 2025
513 761
515 4749
516 400
518 1822
520 4496
522 2225
525 1691
527 1264
528 2652
531 1688
533 4109
535 3905
537 4932
538 411
541 2581
542 3923
543 1160
545 3022
546 1986
547 4334
551 4984
552 4898
557 1856
558 2412
559 817
561 4760
562 3614
563 4032
565 2581
566 2324
568 2061
572 1734
576 1224
577 4601
579 2519
580 2782
583 3895
584 4851
594 3561
595 1108
596 2410
597 1716
599 446
446 2095
601 1546
602 925
603 3645
606 936
609 4777
610 2257
613 2643
614 3529
616 1198
619 2213
621 1993
626 2052
627 2939
631 4546
633 3061
635 4741
641 3730
643 8
8 2441
644 3086
645 1700
647 2446
651 1862
652 3593
654 4624
656 4788
657 4281
663 2510
665 3622
666 4628
674 1391
675 1478
677 4575
681 1187
683 1152
684 3722
686 1572
690 999
696 3553
700 423
423 2226
705 3323
711 422
712 2922
715 3749
717 4233
718 882
719 2858
723 350
350 2933
725 4667
728 2695
729 2358
742 927
746 2382
751 225
752 1177
755 2090
756 1900
757 4120
760 80
80 2067
761 3069
763 90
768 3277
769 4730
770 3594
778 192
781 39
782 1051
784 4559
786 2077
789 1157
790 971
791 994
796 1553
797 2628
800 2943
803 4357
804 2913
805 470
470 2978
806 4249
807 1434
812 3349
814 3914
815 4249
817 764
820 2677
821 672
825 724
831 2184
834 1484
835 4026
836 3056
837 2043
839 944
844 4899
845 2340
849 1879
851 4355
857 2473
859 3536
861 2108
862 841
841 692
692 670
670 3509
864 377
868 452
874 4853
875 4106
879 3335
880 3117
884 1846
888 1221
891 4391
893 4641
896 2378
897 1026
903 2558
905 2068
906 3847
908 2921
911 1402
913 3819
915 2148
917 4787
920 1579
922 4552
925 4917
927 3666
930 2788
932 2287
933 3253
935 4100
939 127
940 1740
943 311
948 3058
958 871
959 4497
961 4764
966 4585
967 1385
968 702
973 3484
974 2390
975 3342
976 3766
978 2228
984 357
986 902
902 2539
987 3699
989 4844
990 4080
993 702
1002 302
1003 2456
1008 3933
1015 27
27 3923
1016 1131
1018 2934
1022 1505
1023 2499
1024 3622
1026 2470
1034 2363
1035 238
1037 3010
1039 4642
1040 4215
1041 2706
1048 2544
1053 1393
1054 2793
1057 1298
1059 4298
1063 1335
1064 1568
1066 3905
1070 3774
1073 4193
1084 3378
1086 198
1091 1755
1093 1168
1100 2537
1101 3508
1103 3352
1105 585
1107 653
1110 1797
1112 2356
1113 3527
1115 1545
1124 1036
1036 661
1129 709
1133 4918
1139 972
972 1562
1142 2522
1144 3994
1148 1303
1151 293
1152 1694
1154 1631
1160 2080
1161 1526
1162 1014
1163 3577
1165 3269
1169 1047
1047 593
593 3514
1171 57
1175 4685
1176 4499
1190 4158
1193 2452
1197 540
1203 637
1205 4510
1207 2988
1209 2373
1210 4220
1216 4709
1217 3590
1218 4037
1219 4451
1221 4054
1222 4347
1225 1806
1226 4720
1228 4134
1233 624
1234 1146
1146 3585
1241 44
44 1896
1244 4986
1245 3102
1246 3981
1247 1437
1249 2313
1252 4234
1253 453
1254 847
1258 2325
1260 1492
1263 1274
1267 2259
1271 1257
1272 4910
1273 4657
1275 2395
1276 3578
1278 706
1279 2776
1282 1694
1289 1991
1294 866
866 573
1295 3110
1296 3643
1297 871
1298 1707
1299 2417
1302 2334
1306 2790
1310 4976
1314 3853
1315 2949
1318 2028
1328 3277
1329 4854
1330 2076
1333 2561
1334 270
1336 2311
1340 2173
1344 3485
1347 1321
1348 4111
1350 1201
1352 163
1355 1145
1356 2289
1359 573
573 2799
1360 4622
1363 442
1365 2395
1367 3337
1373 3731
1376 15
1377 3027
1379 238
238 1194
1380 3093
1382 2421
1386 4098
1388 4277
1389 3293
1390 2624
1399 3225
1402 1068
1068 3905
1403 417
1407 469
469 749
1409 1677
1411 3738
1413 2935
1415 4050
1420 368
1422 2188
1423 3224
1424 3410
1427 4682
1431 4776
1438 337
1439 1518
1443 2333
1445 167
167 1961
1451 860
860 2456
1452 1061
1061 3928
1453 4713
1459 190
1460 1501
1461 1319
1462 1324
1465 720
1473 4812
1474 4284
1475 1660
1476 3655
1486 4538
1492 157
157 1434
1494 1996
1500 1007
1007 3213
1503 2540
1506 3854
1507 2850
1509 450
450 544
1512 1969
1514 3955
1515 4997
1516 3094
1524 2253
1525 3586
1527 4572
1532 159
159 3423
1533 3739
1534 4650
1537 55
1539 2785
1540 1118
1118 4532
1542 3138
1544 4017
1549 2264
1556 378
378 264
264 3176
1557 196
196 926
1558 1504
1559 5
1561 3216
1566 1075
1569 22
1570 4208
1572 4432
1574 509
1576 4760
1577 3314
1579 3288
1580 3064
1582 2727
1584 892
892 1698
1585 506
1586 1973
1592 3327
1597 3601
1599 1837
1600 4592
1601 2159
1604 4948
1605 3610
1606 2251
1608 1489
1489 4613
1619 4424
1621 4224
1625 3199
1632 303
303 4624
1633 4084
1634 134
134 4132
1637 4479
1638 246
1647 3094
1648 4390
1649 2794
1650 3172
1652 519
1653 239
239 1722
1654 2222
1659 4822
1661 4278
1663 3130
1666 1774
1667 578
1669 3737
1670 2889
1671 3684
1673 170
170 3075
1678 438
1679 829
829 1354
1686 3055
1688 1705
1689 4096
1690 4766
1697 158
158 1127
1127 3233
1698 1083
1702 1354
1704 4412
1707 100
100 406
406 1651
1651 1780
1708 13
1710 3863
1714 1266
1266 2739
1716 3474
1717 3894
1718 912
912 2241
1719 253
253 1300
1724 4454
1726 4170
1728 2427
1730 1892
1731 2741
1734 3046
1737 1227
1739 3822
1740 1951
1741 395
1742 1590
1590 3047
1747 1183
1183 1971
1748 3519
1752 4188
1755 4713
1756 4124
1760 4116
1761 4532
1762 750
750 1116
1763 605
605 1521
1765 3862
1769 4727
1774 996
996 3167
1776 1751
1777 3086
1783 4214
1784 4034
1787 3446
1790 1125
1792 4360
1794 394
394 3766
1796 3261
1798 2476
1800 672
1801 4931
1802 1149
1149 408
408 4394
1805 4036
1806 4267
1810 5
5 824
1811 923
923 890
1812 279
1813 1381
1815 3419
1817 3338
1818 739
739 3764
1820 282
282 947
1823 1069
1069 2426
1826 4015
1830 1562
1562 3641
1838 4176
1842 3996
1843 2896
1845 1255
1847 4666
1850 2617
1852 2621
1853 1005
1856 2594
1858 4401
1860 2391
1866 4238
1867 2170
1868 4086
1869 2773
1873 4842
1874 982
1875 2233
1877 310
1884 4643
1886 2583
1888 2857
1890 4166
1892 4596
1893 870
870 54
1894 3667
1897 3022
1898 2930
1900 3633
1905 2674
1908 1313
1911 1803
1803 332
1913 2692
1914 1150
1915 3015
1921 1313
1922 3165
1929 3965
1930 2136
1931 168
1938 2658
1943 2434
1945 3834
1946 3301
1947 3616
1948 499
1953 650
650 2822
1954 1120
1120 1464
1464 2805
1955 4250
1956 1028
1963 4979
1970 2474
1971 3453
1974 2371
1976 4713
1977 4601
1978 2058
1984 3062
1988 1699
1989 2116
1990 2231
1991 1859
1992 4265
1994 3410
1998 3076
2001 471
471 4970
2002 1757
1757 1126
2006 393
2009 3874
2013 3047
2014 1934
1934 4914
2015 4370
2020 3054
2024 3696
2025 4818
2026 3115
2029 4300
2030 3899
2032 3864
2035 2539
2037 283
2038 3815
2040 3712
2041 818
818 1050
2042 4902
2046 4663
2051 43
43 3651
2057 4219
2058 2726
2059 1257
2060 209
2061 2228
2065 262
2066 4829
2068 887
887 1701
2069 1722
1722 480
480 3529
2072 62
62 960
2073 390
390 667
667 4628
2077 4002
2078 3700
2080 3422
2081 2785
2082 3084
2085 320
2086 3228
2087 776
2088 1535
2091 2075
2094 587
2099 3122
2101 1013
1013 4002
2103 2536
2105 2243
2107 2930
2109 4931
2114 1381
2115 2125
2116 4747
2117 60
2121 1414
1414 2144
2123 1467
1467 1964
2124 3107
2133 3992
2137 909
2141 4916
2143 2258
2147 2340
2150 2509
2155 574
2157 1967
1967 3938
2158 1062
1062 3210
2159 4029
2160 642
2165 108
108 385
2167 4460
2170 4691
2172 4816
2173 571
2180 1085
2182 1985
2183 883
883 4775
2190 3183
2191 1620
2193 4525
2194 4958
2195 2008
2008 1396
1396 2393
2196 2985
2201 2394
2202 2064
2205 2097
2097 2019
2019 3032
2208 697
697 55
55 4108
2209 3601
2217 914
914 4455
2219 4056
2221 4284
2223 564
2225 1795
2226 103
2229 3210
2231 3560
2232 2089
2089 1268
2233 919
2235 1907
2238 4782
2243 3423
2245 3175
2246 102
2247 3271
2248 2387
2250 3522
2251 1049
1049 54
2252 4429
2253 2608
2255 3203
2258 4901
2261 1735
1735 4155
2266 4078
2269 34
34 3198
2271 2932
2272 3886
2273 3890
2276 202
2278 2912
2279 1511
2284 2514
2285 4746
2287 4326
2288 4964
2291 2702
2292 2650
2296 1324
2302 3947
2303 410
2313 143
143 297
2315 931
931 2856
2316 288
288 3489
2317 1883
2320 3717
2321 3493
2322 1071
1071 4614
2323 3691
2327 3295
2328 687
2329 2803
2332 4961
2335 4361
2338 391
391 2012
2339 211
2341 4193
2342 3995
2344 1696
2347 4334
2349 4264
2350 3349
2351 3925
2352 4050
2353 2857
2354 2964
2355 3229
2357 3425
2358 340
2359 2407
2360 1626
1626 1477
2361 2953
2363 1896
2364 1660
2365 270
2368 2340
2340 58
2371 211
2373 721
721 3050
2375 2277
2376 795
2377 4452
2378 147
2379 1327
2380 2513
2384 2730
2385 3004
2387 1313
1313 2128
2388 2259
2390 3186
2393 1286
2396 505
2397 3969
2399 3356
2400 3204
2406 453
2407 1033
2409 1435
2410 832
832 3389
2411 3675
2412 4074
2415 2404
2416 2257
2419 3937
2424 662
662 787
787 909
2426 3405
2429 2055
2430 2822
2431 297
297 3092
2440 3632
2441 4404
2443 1087
2444 438
438 3219
2446 3768
2447 1786
2449 209
209 2325
2452 4376
2455 163
2460 249
2462 4549
2465 2480
2468 3487
2469 3336
2470 4376
2471 3301
2473 2456
2475 3074
2476 4611
2477 3631
2479 4779
2483 2762
2485 2991
2486 2626
2487 216
216 3696
2488 3600
2489 3007
2490 4206
2496 417
417 2186
2500 963
963 2745
2502 2451
2451 2164
2164 4484
2509 3699
2512 1617
1617 289
289 1681
1681 4425
2513 1397
1397 4511
2514 3668
2515 1483
1483 4581
2516 999
2518 102
2521 210
210 3732
2522 4172
2523 1732
1732 4799
2525 3136
2527 1428
1428 2894
2529 2641
2534 1627
1627 2647
2535 2917
2536 4930
2541 1164
1164 2098
2098 4104
2542 4500
2544 1029
2547 2858
2550 3251
2553 4537
2555 733
2559 2421
2421 163
2560 1611
1611 956
2561 1243
2562 4194
2563 4411
2565 1863
1863 3597
2566 2408
2567 1912
1912 3430
2569 4495
2570 995
2573 1699
2574 4558
2575 2048
2576 1290
1290 1308
1308 4329
2577 1301
2578 1358
2579 2000
2581 2552
2552 3780
2585 2507
2507 1406
1406 3056
2589 2747
2591 3798
2593 4796
2596 3666
2598 4543
2600 960
2601 867
867 724
2603 347
347 2754
2604 88
2605 571
2607 1140
1140 1184
2608 2996
2609 2848
2611 1693
1693 2102
2612 736
2613 3002
2614 341
341 1909
2616 2280
2280 1736
1736 3775
2620 3355
2624 113
2626 1032
1032 1412
1412 3036
2628 816
2629 1134
2630 3161
2636 273
2639 813
2642 2054
2644 2661
2645 1042
2646 1733
1733 1919
1919 3753
2650 3184
2651 3416
2655 4742
2657 2804
2658 3069
2659 1277
2660 3632
2662 4517
2670 3063
2671 1030
2672 1691
2675 1936
1936 1196
2676 1535
2678 720
2681 4522
2682 2135
2683 4941
2684 2673
2685 2422
2687 636
636 4043
2688 4238
2690 324
2691 4674
2692 1482
2695 3470
2697 3013
2701 3197
2704 2110
2110 4918
2707 1822
1822 3609
2710 882
2715 3238
2716 340
2718 3313
2719 4043
2720 1316
2722 202
2724 3979
2725 2312
2312 1201
2726 1448
1448 3120
2729 473
2730 263
2735 3015
2737 4956
2738 4315
2739 472
472 899
2740 1050
2742 999
2744 3754
2745 3419
2749 1851
2754 1392
2757 2590
2590 4452
2758 3866
2760 182
182 688
2763 1706
1706 1343
2765 3091
2770 2817
2771 3614
2775 1391
1391 362
2777 3473
2781 22
2782 2129
2129 3641
2784 160
2786 2052
2052 2417
2788 2125
2125 843
843 1215
2790 586
586 3788
2791 1075
1075 1374
1374 1563
2792 4924
2795 1928
1928 1695
1695 3895
2798 1635
1635 2774
2806 495
495 1687
1687 1058
1058 2594
2594 3285
2807 3338
2808 2325
2809 4161
2810 2337
2337 3950
2814 2362
2362 4316
2815 1238
2817 3195
2822 2215
2215 1715
1715 505
2825 2828
2828 4273
2829 4266
2830 3869
2834 4405
2837 1630
1630 4897
2838 4148
2839 1077
1077 4553
2840 668
668 2049
2841 506
2842 2696
2696 4010
2843 3756
2844 1394
2845 4163
2849 3976
2850 2122
2851 3570
2856 3014
2857 856
2858 3852
2859 186
2861 502
502 231
231 1505
1505 4489
2862 4531
2864 301
2865 201
201 330
2866 383
2867 4925
2871 1520
2873 279
2875 698
2876 1986
1986 726
2877 3872
2880 2464
2881 2773
2773 276
2882 3212
2885 3847
2887 824
824 549
549 1293
1293 4854
2894 1383
1383 1642
2895 2308
2901 2264
2902 4020
2905 1471
2908 823
823 3
2910 672
2911 2293
2293 3281
2913 4903
2918 352
352 3055
2920 2677
2922 1883
2923 995
2927 2906
2928 726
2934 3781
2942 3382
2943 466
2944 3726
2945 2422
2422 3776
2947 2494
2948 1455
1455 2800
2949 1038
1038 332
332 3364
2951 4271
2952 4416
2955 1401
1401 2582
2956 4366
2957 4567
2958 640
2959 32
32 3149
2961 2504
2962 1750
1750 890
2966 2249
2249 1491
1491 1126
1126 4274
2969 4528
2972 3319
2973 304
2975 785
2976 1017
2977 519
519 3000
2978 3270
2984 1111
2986 811
811 994
2987 2139
2988 2113
2989 3895
2997 4943
2999 1958
3006 315
3008 1284
3010 2356
2356 3309
3011 1172
1172 1291
1291 2926
3012 2504
2504 4401
3015 1541
3016 3318
3017 2102
2102 284
284 3806
3018 4591
3019 1797
3021 3931
3023 3373
3025 4066
3026 740
740 3492
3027 3456
3029 1354
1354 1441
3031 2408
3032 4309
3034 2823
3035 330
330 1206
3037 1481
1481 411
411 1416
1416 4671
3038 2236
3040 4959
3042 1300
1300 4985
3043 1131
1131 3371
3046 2783
2783 2998
3047 2941
3048 2967
3050 4307
3051 4357
3052 773
773 3232
3053 3798
3055 2711
2711 458
458 4875
3057 1952
3059 766
766 250
3061 4452
3063 2914
2914 3331
3066 4058
3068 3014
3014 4977
3069 3119
3070 4848
3073 1749
3075 156
3078 1573
1573 4457
3079 4156
3080 1657
3082 4110
3083 426
426 2530
3086 3590
3087 2709
3089 4024
3090 3672
3091 4438
3092 4847
3093 2146
3094 4401
3096 3282
3098 1204
3099 2346
2346 96
96 1128
1128 3152
3100 1565
3109 1587
3110 4155
3111 4817
3112 1375
3113 4072
3114 2634
2634 4243
3115 1213
3116 2960
3118 319
319 1880
1880 152
152 2714
2714 186
186 4141
3120 3931
3121 3773
3125 847
847 4399
3127 4817
3129 4501
3131 1657
1657 4510
3132 1773
3135 4340
3136 2227
3138 3514
3141 11
3146 1642
1642 1458
3152 174
174 2762
2762 1878
3155 2820
3159 1781
1781 1444
3163 2727
2727 3490
3167 2000
2000 3478
3169 2187
3174 4230
3175 3067
3067 4857
3177 3710
3179 4629
3180 4855
3182 856
3183 1923
3185 4092
3186 4842
3189 2517
3190 3607
3191 3713
3192 3041
3193 4454
3196 1181
3197 1583
1583 2134
3198 1155
1155 3581
3199 2240
3201 1729
1729 3340
3202 3410
3204 2176
3205 4734
3207 4761
3208 2926
2926 3722
3209 1195
3211 4427
3217 710
710 548
548 2568
2568 2414
3218 3148
3148 4677
3219 2508
3221 4780
3222 4315
3223 792
792 3934
3225 2954
3228 3455
3231 156
156 1143
1143 2213
2213 2493
2493 4355
3233 1618
1618 810
810 2100
2100 881
3234 2242
2242 3390
3236 3064
3237 1935
1935 3343
3239 3894
3241 4600
3243 1535
1535 3166
3244 1499
1499 4497
3251 2820
2820 4441
3253 1641
3257 3714
3258 3568
3259 3586
3260 3357
3262 774
774 4045
3263 582
3264 4501
3267 1173
1173 2693
2693 3213
3213 2539
2539 205
205 1227
3268 2785
2785 4512
3270 3636
3271 3540
3273 454
3276 3331
3277 3
3278 2940
2940 4734
3282 220
3283 878
3284 3500
3287 3036
3288 190
3290 655
3293 3446
3294 1834
1834 1341
1341 2189
3298 4941
3299 183
3300 1565
3301 3137
3137 747
747 4874
3302 3497
3304 1700
1700 87
87 1316
1316 3049
3049 2372
2372 3126
3307 827
3310 4229
3313 3421
3316 1587
1587 1547
1547 2546
2546 4285
3317 255
3319 248
3320 2556
3321 555
555 3544
3325 4600
3329 255
255 2852
2852 1097
3333 4965
3336 365
3338 3145
3145 4600
3340 554
554 3022
3341 1187
3344 413
3346 3749
3348 4635
3349 4867
3351 2023
3352 2074
3353 509
509 4502
3355 475
475 3081
3081 2212
2212 4777
3356 1567
1567 1814
1814 4029
3363 3398
3364 1361
1361 3139
3366 2751
2751 3020
3020 1751
3367 1180
3368 642
642 4275
3369 2197
3370 4059
3371 2070
2070 660
3372 3212
3373 3761
3374 4626
3375 2178
2178 4343
3379 536
3386 3578
3387 3476
3388 2925
3389 3296
3296 3917
3390 4788
3393 2981
2981 4795
3395 2824
2824 4091
3396 492
492 536
3398 1553
1553 1641
1641 1578
1578 2823
2823 11
3400 672
672 2176
2176 2144
2144 2139
2139 2803
3402 2706
3404 2584
2584 2206
2206 1675
1675 2498
3406 4600
3410 2012
2012 3777
3411 243
3413 1705
3415 3232
3232 926
3416 3482
3419 802
802 3896
3421 3706
3422 4929
3424 3493
3425 491
491 898
3426 1643
1643 392
392 4621
3427 1338
1338 2503
2503 2721
2721 779
3432 591
3433 2237
3434 1477
3437 66
3438 4300
3440 2067
2067 2018
2018 2896
3441 850
850 2893
2893 90
3443 2991
3444 119
119 4583
3448 1498
1498 1135
3452 1195
3455 2633
3459 2916
3464 47
47 2819
3465 4582
3466 1932
3472 466
466 4585
3473 2445
3475 3794
3477 1711
3478 608
608 3654
3479 1311
3480 1770
3481 2075
3482 3
3483 3902
3484 4086
3485 889
3486 3858
3487 1680
3491 2878
3492 716
716 2649
3493 3327
3327 1000
3495 2656
2656 4316
3501 2152
3503 1119
1119 4714
3505 1097
3506 3161
3507 4293
3508 2667
2667 3901
3509 314
314 2301
2301 2924
3510 4168
3511 1281
3512 3429
3514 3230
3515 1521
1521 2456
2456 3128
3516 1530
3517 2580
2580 2290
3519 1926
1926 1636
1636 2890
2890 3764
3520 2654
3524 1083
3525 4385
3530 2728
3531 123
3535 363
3536 3863
3537 1951
3538 1658
1658 1000
3540 3439
3439 4571
3541 2774
3542 1471
1471 3004
3004 2267
3544 4708
3546 2896
3550 2812
2812 2391
2391 929
3551 2492
2492 1237
3552 2166
3554 3568
3556 4293
3559 1180
3565 130
130 393
3566 4110
3567 4432
3568 691
691 1672
1672 1885
1885 2151
2151 1357
1357 4718
3569 2033
2033 1937
3570 3532
3532 2583
3572 4669
3573 2425
3574 1871
1871 225
225 983
983 1939
1939 2868
3576 3640
3577 2936
2936 2511
2511 2699
3578 2648
2648 3359
3579 4960
3580 4249
3582 638
638 3820
3585 1743
3588 4202
3590 4355
3592 3811
3595 304
3596 2836
2836 3449
3449 2888
2888 3587
3587 4996
3598 2938
2938 4180
3599 1469
3601 3558
3602 365
3603 1440
1440 2104
3604 1195
3606 1394
3608 208
208 1699
1699 1372
3613 3474
3474 3527
3614 512
512 3557
3557 2427
2427 1262
3615 2230
2230 4885
3616 2267
2267 714
714 206
3617 1237
1237 4406
3618 3005
3005 113
3619 1230
3620 1660
1660 3800
3621 736
3624 1981
3625 1940
3627 1400
1400 3826
3628 828
828 1385
3629 2314
2314 1918
1918 3435
3630 3463
3632 1846
3633 246
246 3612
3634 107
3635 1942
1942 3943
3637 895
895 1528
1528 20
3638 3996
3639 695
695 530
3643 3409
3644 540
540 2764
3645 4302
3646 4182
3650 3766
3651 3130
3652 894
894 3124
3653 4955
3655 1017
1017 1788
1788 1613
1613 1274
3656 2458
3657 1676
3659 2343
3660 3558
3558 1223
3661 4804
3662 1419
1419 2
3664 3188
3188 1136
3665 1804
3669 305
3671 3706
3673 163
3676 4492
3678 189
3680 3252
3252 2595
2595 3041
3041 1951
1951 2879
2879 1130
1130 4512
3682 3654
3654 2027
2027 4331
3685 505
3687 4189
3688 1198
3690 2437
2437 2262
3691 1429
1429 1508
1508 4602
3693 1961
3695 2464
3700 1996
3702 1426
3707 2207
2207 2772
3708 2343
2343 4802
3709 855
3714 3418
3418 571
3715 707
3717 1753
3719 4119
3722 1087
1087 1432
1432 2386
3724 3762
3725 622
3726 2950
2950 809
3730 1108
1108 4432
3731 997
997 2056
2056 3250
3733 53
3734 2794
2794 795
795 4987
3735 4141
3737 2484
3738 1248
1248 1985
1985 54
3740 393
393 1158
3741 1851
1851 569
569 833
3742 3076
3076 1478
1478 3891
3743 2960
2960 2772
3744 4199
3745 407
3746 582
3747 1749
3748 1645
3749 3447
3447 324
324 2197
2197 4812
3750 1887
1887 3172
3172 3272
3272 3343
3343 3060
3753 4882
3754 3147
3756 2290
2290 3860
3758 2461
3760 4530
3763 3938
3764 2200
3765 3405
3405 3385
3385 4168
3766 707
707 3886
3769 2627
2627 4025
3771 4787
3775 2848
2848 3930
3777 1067
1067 4758
3778 2517
3780 4317
3784 4543
3785 4483
3788 2016
2016 852
3789 3454
3454 3924
3791 2874
2874 783
783 1121
3792 2767
3793 898
3795 3965
3797 4038
3798 4035
3803 4507
3804 685
3806 3641
3641 3794
3794 4732
3808 3496
3809 1076
3811 4788
3813 2787
2787 2005
2005 1005
3814 2717
3815 2743
2743 4532
3816 2506
3817 4008
3819 2299
3822 775
775 744
3823 1773
1773 1001
1001 323
323 3106
3824 2017
3825 526
3826 673
673 4404
3827 3430
3430 3394
3394 726
726 2084
3829 3667
3667 3383
3830 280
280 1109
1109 3799
3831 720
3832 3902
3833 381
381 1231
1231 4235
3834 2439
2439 1510
1510 618
618 738
738 4291
3835 1430
3837 4020
3838 2723
2723 2007
2007 4554
3839 4823
3841 703
703 2700
3842 1832
3846 4912
3848 2746
3849 313
313 1770
3850 1982
3851 2478
2478 1287
1287 4159
3853 321
3854 3981
3855 4555
3860 4814
3861 4760
3862 637
3865 3476
3476 2870
3868 669
3869 1829
1829 526
3870 3571
3571 991
991 550
3873 2734
2734 3583
3583 1158
3876 2423
3878 3247
3879 116
116 187
187 3397
3880 3564
3883 4679
3884 1138
1138 3240
3885 3181
3886 1975
1975 2306
2306 2653
3891 1167
1167 3024
3892 1758
1758 1198
3893 581
3894 1405
1405 2161
3895 1317
1317 4305
3896 1848
3897 1051
1051 276
3898 3521
3521 4812
3899 3001
3902 3117
3117 3864
3864 65
65 709
3904 4475
3906 4678
3907 1370
3910 3428
3428 3187
3911 3265
3265 819
819 4287
3912 999
999 1564
1564 2617
2617 214
3915 1369
3916 4647
3917 3119
3119 3548
3548 3359
3359 4085
3923 4769
3924 1097
3926 1009
1009 3821
3821 4743
3927 4284
3928 373
373 3679
3929 2324
3931 947
3933 4803
3934 1968
1968 1370
1370 1807
3935 4039
3937 1137
1137 2370
2370 1187
1187 4182
3938 4141
3940 581
581 3711
3711 4698
3942 1668
3945 708
3947 252
252 1993
1993 3914
3948 4272
3949 1174
1174 3337
3950 4433
3951 4200
3952 1896
1896 3589
3589 622
622 4688
3954 4352
3957 405
405 4565
3958 3681
3681 177
3959 4240
3960 3315
3315 3844
3964 1563
3965 4928
3966 4484
3970 2318
3971 37
3973 42
3976 360
3978 2270
2270 4067
3980 440
3981 1309
1309 414
414 3230
3982 1312
1312 3658
3658 3642
3642 3334
3334 1381
1381 1602
1602 3084
3084 679
3985 2189
2189 2298
2298 2200
3988 3600
3989 1080
1080 2508
3990 1181
1181 2464
2464 2700
2700 403
403 2946
2946 852
852 2326
2326 3429
3992 4807
3993 3526
3996 42
3998 2053
2053 131
3999 3461
4001 4048
4002 744
744 2506
2506 4380
4003 1711
1711 1470
4004 536
536 3772
4005 192
4009 4311
4010 910
910 2528
4011 1964
4012 3130
4014 1111
1111 4517
4015 2705
4016 1548
1548 11
11 1324
1324 4803
4019 1327
1327 1072
1072 2240
4021 2334
4022 2417
4023 2311
2311 4597
4024 3469
3469 1145
1145 4952
4025 1262
1262 4037
4026 3409
4027 945
4031 869
869 4458
4033 1353
4036 235
235 4219
4038 215
215 1230
1230 49
4039 4345
4042 570
4043 3417
4044 3245
3245 3361
3361 4982
4045 3160
4046 4137
4048 2702
4050 745
745 3858
3858 4312
4052 1821
1821 876
876 3226
4055 4477
4056 2741
4057 2623
4058 1011
4063 2319
4064 1021
4065 3206
4066 2533
4067 2668
4068 4475
4071 2294
4072 4107
4073 648
4074 1468
4075 3128
4076 2281
4077 856
4078 919
919 1684
4079 1021
4080 3994
4081 3292
4082 661
661 698
4083 4930
4084 2599
2599 4454
4088 1972
1972 2414
4091 3451
3451 2747
2747 3776
3776 1371
4092 2179
4094 2933
4095 929
4096 1607
4097 3147
3147 2540
2540 758
758 2532
2532 1153
1153 956
4099 4930
4100 3156
4101 3215
3215 3684
3684 4734
4102 3130
4103 2309
2309 4972
4104 2653
2653 3773
4105 737
737 1691
1691 794
794 4258
4107 3162
4109 1766
4110 3106
4111 1531
1531 4767
4112 4710
4114 3932
4115 1307
1307 413
413 3212
4116 2983
2983 2237
2237 4901
4117 4458
4120 4283
4122 3279
4124 4320
4125 3903
3903 3269
3269 2935
2935 395
395 1840
1840 1497
1497 104
104 1832
1832 45
4126 228
4127 3584
3584 4554
4128 1809
1809 1488
4129 383
383 3946
4131 840
840 2156
2156 2433
2433 1891
4133 68
68 2776
2776 3318
4134 3759
3759 2310
2310 1876
4136 3071
4138 2995
2995 4854
4139 160
4141 3805
4145 4971
4147 1768
4148 1835
1835 2994
4150 4896
4151 3863
4152 3666
3666 1857
4153 299
299 1259
1259 2011
2011 439
439 2753
2753 4616
4154 3522
3522 2520
2520 3718
3718 304
4156 4298
4157 2703
2703 3528
3528 4070
4158 960
960 3987
3987 944
4162 2994
4165 1000
1000 1518
1518 4140
4166 3126
4168 1089
4169 4404
4171 1551
4172 2403
4174 1055
4176 4653
4177 4256
4178 2767
4180 3229
3229 2104
2104 1696
4181 4013
4013 1012
1012 63
63 1020
1020 1836
4183 4684
4184 2679
4186 2796
2796 1469
4188 198
198 628
4189 3600
4191 2090
2090 3692
4192 2474
4194 1326
1326 3166
4195 2163
4198 2769
2769 113
113 1513
1513 4149
4149 4754
4199 504
504 4657
4200 1683
1683 1541
1541 4060
4060 885
885 3828
3828 4159
4202 2304
2304 2146
2146 1759
1759 1861
4203 4804
4204 1543
1543 3122
3122 3498
4206 3843
4212 418
4213 499
499 830
4214 2
4215 3972
3972 3318
3318 1331
1331 877
877 3649
3649 1980
1980 1371
1371 952
4216 3533
3533 2244
4217 2643
2643 2374
4220 4571
4223 386
386 3140
4229 649
649 4224
4224 2319
4230 2854
2854 2582
2582 2689
4231 2497
4232 1027
1027 3729
3729 1545
4234 476
476 4617
4237 2538
4238 377
377 2398
4239 4795
4240 2557
4241 2092
4242 1031
4246 3235
3235 4040
4040 4520
4248 1622
1622 2537
2537 1030
4249 995
4250 3045
4251 4684
4252 331
331 4069
4253 1964
1964 1392
1392 971
4254 189
4255 4533
4256 3064
4257 506
4258 336
4259 2898
2898 3403
3403 4018
4260 1135
4261 3706
3706 1288
1288 1857
1857 2679
2679 4600
4262 359
4263 838
838 2635
4264 228
228 1425
1425 2203
2203 1906
4266 1004
1004 4479
4269 1089
1089 949
4271 2549
4272 4595
4274 4205
4205 3102
3102 273
273 2454
2454 2970
2970 3003
3003 2699
4275 2501
4276 3331
4277 1999
1999 2982
2982 762
762 1006
1006 3518
4279 4761
4280 918
4281 2
2 369
369 1933
1933 4155
4155 4546
4282 1456
1456 3818
4283 4201
4201 2741
4284 3279
3279 1768
1768 1212
1212 3845
3845 1554
4285 2423
2423 4963
4286 2731
4287 3142
3142 4295
4289 1349
1349 3397
3397 2403
2403 4018
4291 2932
4292 2640
2640 2484
4293 4743
4297 1074
1074 2909
2909 4699
4298 15
15 1899
4300 2154
2154 3128
3128 1961
4302 3431
4303 4816
4306 4395
4307 4265
4265 4908
4308 4628
4309 2179
2179 3164
4310 848
848 4577
4311 1092
4312 4393
4313 3773
3773 2705
4314 1078
4316 263
4317 4643
4318 735
735 2929
2929 3153
4319 3060
3060 3694
4321 2214
2214 1966
1966 3409
3409 4576
4322 759
759 3471
4324 788
788 75
75 1114
1114 3255
3255 4207
4207 629
629 1398
1398 4387
4325 830
830 155
4328 2417
2417 1472
1472 338
4330 3289
3289 881
881 2075
2075 18
18 1393
4331 3875
3875 12
12 3045
4333 3339
3339 279
279 3523
4335 1195
1195 1610
4336 1594
1594 2382
2382 640
4337 951
4338 3594
4339 1098
1098 1738
4340 1094
1094 2234
4341 193
193 4568
4342 3575
3575 4696
4344 3812
3812 442
442 3767
4350 1121
4351 1692
1692 4584
4353 776
776 2204
4354 1283
1283 3133
3133 1368
4355 4487
4356 3230
4359 3774
3774 207
4360 3967
3967 1581
1581 853
853 359
359 1135
4363 4086
4364 4746
4368 2402
2402 3539
4369 4917
4371 1504
4372 3488
3488 4597
4373 2759
2759 2860
4374 1901
1901 2708
4375 1612
4378 2906
2906 1904
4379 1185
4382 23
4383 985
985 628
628 54
54 1239
1239 1158
4386 375
375 4041
4041 4381
4381 1358
1358 4062
4387 3500
4388 3696
3696 687
4389 882
4390 3071
4391 4034
4393 2459
2459 4329
4394 2318
4398 2401
2401 3335
4399 4865
4400 1488
4403 3431
3431 2680
2680 4323
4323 4916
4404 685
685 2528
2528 1025
4405 2175
2175 3457
4408 2694
4409 4288
4288 4958
4412 3178
3178 2256
4414 2572
4415 854
854 3022
4416 4175
4175 3200
4417 365
365 3376
3376 4349
4418 1808
1808 2442
2442 3295
4420 195
4421 3104
4423 4602
4424 486
486 1449
4425 1664
1664 2827
2827 4144
4144 4801
4426 1962
1962 4641
4427 1285
4430 630
630 4226
4226 748
4431 3770
3770 3323
4433 4789
4434 4210
4210 364
364 3913
3913 4020
4020 3755
4435 1227
1227 2939
2939 3436
3436 3679
3679 4182
4182 3314
4436 3799
3799 2228
2228 3914
3914 4652
4437 1824
1824 1979
1979 206
206 3074
3074 2903
2903 3943
4438 92
92 4539
4439 950
4442 2499
4445 1362
1362 2482
2482 2236
2236 1958
1958 2846
2846 3
3 706
706 1645
1645 418
4446 4651
4447 3761
3761 4731
4448 3311
3311 3458
4449 1082
1082 4986
4450 1609
1609 2835
2835 1014
4451 1292
4452 2453
4453 2074
4454 2853
2853 69
4455 1684
4456 3502
3502 2930
2930 1311
1311 2932
2932 3360
4457 3941
3941 1214
1214 1485
1485 798
798 4590
4459 2816
4461 2152
4462 2414
2414 3995
3995 4267
4267 4585
4464 452
452 4211
4211 1889
1889 607
4466 676
676 2161
4469 988
988 4362
4362 889
889 2622
2622 102
102 2631
2631 1519
1519 2134
2134 1096
1096 994
4470 3984
3984 3561
3561 574
574 4491
4471 544
4473 60
4474 177
177 2985
2985 1369
1369 3612
4477 4244
4244 4517
4478 3490
3490 2800
4479 2891
4480 3720
3720 4343
4481 4443
4443 1932
4482 2022
2022 3712
3712 343
4484 85
85 1028
4485 4054
4054 1846
4487 3256
3256 4571
4488 2979
2979 3802
4489 2023
2023 4411
4411 2780
4494 2472
2472 2803
2803 3607
4495 1083
1083 4573
4496 956
956 1085
1085 3704
4498 1545
1545 3698
4499 2991
2991 1447
4501 1639
1639 2665
2665 3161
3161 4818
4502 4828
4503 1872
1872 1775
1775 1029
1029 693
4506 416
416 1846
1846 147
147 3429
4507 1394
1394 1168
1168 2028
2028 318
4509 67
67 1591
1591 301
4510 169
169 4795
4512 2899
2899 587
587 2517
4513 1256
4514 3220
4515 213
213 3922
3922 1616
1616 3391
3391 1342
4516 2435
2435 4689
4517 4268
4518 2638
4519 1457
4520 1097
1097 2300
2300 3195
3195 2833
4521 23
4522 294
294 1346
1346 2674
2674 1920
1920 3856
4524 2965
4525 1232
4526 3105
3105 3022
3022 4218
4527 2274
4531 3716
4532 2256
2256 4528
4533 659
659 3458
3458 598
4534 148
4535 4236
4236 1786
1786 3847
3847 4130
4536 2572
4537 3513
4538 144
144 3513
3513 2392
2392 3801
3801 3216
4540 1640
1640 780
780 2965
2965 1442
1442 2381
2381 4866
4544 1132
1132 2615
4545 1865
1865 2348
4546 4346
4346 1797
4547 2698
4548 2993
2993 379
379 4295
4295 2263
2263 2218
2218 2395
2395 4505
4505 3692
3692 3226
3226 407
407 994
994 45
45 1186
1186 1198
4549 4854
4550 809
809 1479
4551 3768
4552 4602
4553 3254
4555 4959
4556 204
4557 418
418 4037
4037 4673
4559 2752
4560 4895
4561 2819
2819 4396
4396 532
4562 2036
2036 3674
3674 4833
4563 2750
2750 467
467 1623
4564 1844
1844 1493
1493 4160
4160 78
78 2615
2615 501
501 368
4565 2802
4566 1301
1301 3636
4567 2135
4568 3802
3802 2797
2797 4627
4569 3153
3153 3266
3266 4243
4243 3783
3783 1879
4570 2713
4571 2708
4572 1257
1257 3946
4575 4896
4576 41
41 1772
1772 3888
3888 4167
4167 1043
1043 3362
3362 648
4577 1332
1332 4017
4017 1882
4578 1589
1589 1960
4579 2677
4580 3106
3106 2633
2633 4086
4581 2200
2200 1480
1480 4365
4584 900
900 2420
2420 3997
3997 2883
2883 1238
4586 947
947 969
969 1055
1055 3805
3805 4993
4587 1836
1836 1434
4588 4675
4589 4140
4590 1345
1345 1495
4591 886
886 1501
1501 4209
4209 1123
1123 2652
2652 4912
4592 506
4593 3882
4594 1754
1754 1791
4595 362
362 981
4596 3610
4597 4511
4511 2367
2367 1033
1033 3212
3212 1031
1031 1957
1957 4842
4598 3751
3751 1122
1122 727
4600 4771
4601 3097
3097 655
655 955
955 957
957 2597
4602 437
437 2709
2709 107
107 3171
3171 3250
3250 1723
4605 1320
1320 1065
1065 3721
3721 4714
4606 4463
4463 3772
3772 2538
4607 1782
1782 3002
3002 1323
1323 3216
3216 3790
4609 842
842 4222
4610 3626
3626 4936
4611 23
23 2907
2907 214
4612 1864
1864 2457
2457 4969
4613 4397
4615 2900
2900 936
936 1158
4616 1364
1364 1269
1269 2968
2968 808
808 2438
4618 3622
3622 582
582 3977
4619 1437
4620 440
440 4268
4621 424
4622 3526
3526 1520
1520 3607
4623 4222
4222 290
290 4460
4624 4085
4085 3158
3158 4000
4000 953
953 1924
4625 2162
4627 4119
4628 275
275 4936
4629 127
127 4032
4032 785
4630 4465
4465 2481
4632 30
30 2140
2140 4334
4633 4419
4419 1261
4637 4029
4029 42
4638 578
578 1303
1303 2257
2257 171
171 4087
4087 1906
4640 1157
4641 2118
4642 2663
2663 3077
3077 1454
1454 4490
4644 4164
4645 1436
1436 4998
4646 669
4647 4671
4648 856
856 4803
4650 1738
1738 4327
4327 1789
1789 1907
4652 3852
4653 1441
1441 3866
4654 3836
3836 1680
1680 2855
2855 3767
3767 1797
4655 4905
4656 483
4659 772
772 2583
2583 4164
4164 3877
4660 4170
4170 4844
4662 4428
4428 3739
4663 2761
4665 1232
4666 1596
4667 4007
4669 2661
2661 420
4670 4554
4671 2120
2120 4990
4672 4657
4657 1099
1099 3030
3030 3936
3936 2047
2047 3859
4673 2294
2294 952
952 1631
1631 534
534 1106
4674 3149
3149 2043
2043 356
356 1458
4675 1924
1924 370
370 4006
4006 4802
4680 61
61 916
916 51
51 3527
4682 4668
4668 2325
4683 3331
4684 3611
3611 2706
4685 4358
4358 1705
4686 4508
4508 1878
1878 3151
3151 660
660 1351
1351 2348
2348 846
846 3890
3890 2587
2587 121
121 382
382 1484
1484 1191
4687 822
4688 241
241 1395
1395 2847
2847 2299
4690 4952
4691 3944
3944 3150
3150 1529
1529 904
904 4185
4693 1674
1674 4631
4631 304
4694 1694
1694 3713
3713 363
363 249
249 58
58 2498
4695 2971
2971 682
682 1909
1909 1982
1982 2551
2551 617
4696 865
865 17
17 2545
2545 1196
1196 1274
4697 424
424 2169
4698 3392
4699 4161
4161 734
734 3986
4700 4392
4392 1607
4701 227
227 3955
3955 173
173 526
526 4763
4703 1232
4704 360
360 4218
4218 2538
2538 4367
4706 3103
3103 4748
4707 4992
4708 2064
2064 2265
2265 2597
4709 477
477 3810
3810 2345
2345 2031
2031 1025
1025 2543
2543 1434
1434 3523
3523 2054
2054 2804
2804 1881
1881 3843
3843 4773
4711 4896
4712 702
702 1322
1322 736
736 678
678 3605
4713 2187
4714 2021
2021 1799
1799 1833
4716 4573
4573 3134
3134 1950
4717 2915
2915 293
293 2702
2702 2297
2297 3727
3727 3467
3467 639
639 2774
2774 4490
4490 447
447 2673
2673 4603
4718 483
483 3956
3956 2113
4719 3281
4720 3173
4721 4406
4406 2925
2925 422
422 1404
1404 982
982 611
4722 2994
4723 2466
2466 2610
2610 1418
1418 1696
4724 1925
4725 3322
3322 2625
2625 1134
1134 3453
3453 283
283 544
544 1236
4726 3496
3496 2168
2168 1568
4727 2076
4728 2497
2497 2044
2044 2800
2800 946
946 1554
1554 1477
1477 1629
1629 70
70 165
165 3357
3357 2717
2717 3194
3194 4486
4486 2889
4729 4805
4730 2259
2259 2872
2872 3857
3857 4294
4732 4689
4733 2192
4734 2508
4737 4098
4738 2860
2860 1261
1261 3901
4739 2017
2017 2813
4743 3787
3787 1410
4744 3768
3768 1135
1135 1536
4745 2093
2093 212
4746 1819
1819 1655
1655 2148
2148 898
898 1076
1076 3039
3039 3908
4748 1095
1095 753
4749 3983
3983 4432
4432 4385
4385 2789
2789 3699
4750 4365
4365 617
617 2752
4751 456
456 1469
1469 1050
1050 489
489 2708
2708 4018
4018 3309
3309 338
338 4529
4529 151
151 2418
2418 2062
4752 1797
1797 733
733 3291
3291 1696
1696 709
709 3840
4753 2049
4754 353
353 410
410 420
420 73
73 2564
4755 4106
4106 2467
4756 4999
4758 2668
2668 3214
4761 1615
4762 4948
4763 1530
1530 2868
4764 524
4765 653
653 2394
2394 4304
4766 637
637 1102
1102 2964
2964 4832
4767 979
4768 337
337 1607
1607 2171
2171 7
7 679
679 4803
4770 514
4771 1780
1780 1435
4772 2268
2268 3224
4773 3330
4774 3900
3900 3963
3963 1563
1563 5000
4775 2654
2654 1891
1891 3610
4776 1517
1517 39
39 532
532 2210
4777 3446
4778 1644
1644 1944
1944 1961
1961 4558
4558 4227
4227 4889
4779 22
22 250
250 3918
4780 2549
2549 2374
4782 69
69 1264
1264 1305
1305 2216
2216 950
950 1837
1837 764
764 4939
4785 1375
1375 1950
1950 2557
2557 3001
3001 4801
4787 179
179 607
607 926
926 3547
3547 3124
4788 929
4789 3518
3518 1550
1550 3435
3435 4918
4791 3534
4792 698
698 262
262 2967
2967 3901
3901 1662
1662 305
4793 4903
4794 2953
2953 2188
2188 3377
3377 4861
4795 2833
2833 3739
3739 3925
4796 1937
1937 2333
4797 1744
1744 2491
2491 4121
4121 1684
1684 4790
4790 248
248 3214
4799 3932
3932 1468
1468 4098
4098 4784
4801 1965
4802 2519
4803 1595
4804 4370
4370 4922
4805 2374
2374 4886
4806 192
192 3071
3071 2621
2621 3757
3757 155
155 964
964 1883
1883 3206
3206 1753
1753 1235
1235 2062
2062 4492
4492 4366
4366 479
479 4219
4219 4530
4530 120
120 2481
4807 506
506 463
463 2780
2780 3154
3154 4235
4808 3962
4810 3563
3563 1668
1668 3140
3140 2768
2768 2369
2369 3181
3181 4554
4554 1166
1166 3461
3461 2886
4811 3365
3365 4643
4643 2138
2138 3697
3697 2039
4812 3872
3872 1010
1010 2897
2897 3818
3818 3539
3539 4113
4113 1170
4813 57
57 3045
3045 1060
1060 3699
3699 872
872 1170
1170 2677
2677 4863
4816 3977
3977 907
4818 2184
2184 320
4819 4493
4493 3631
4820 907
907 1623
1623 3095
4821 785
4822 2318
2318 4086
4086 1339
1339 3200
3200 2618
2618 2118
2118 3380
3380 3130
3130 4661
4661 4028
4028 2481
2481 3220
3220 243
243 1081
1081 4884
4823 4352
4352 1855
1855 1615
4825 164
4827 3088
3088 4367
4367 2325
2325 36
36 3918
3918 1206
1206 1959
1959 1372
4829 3866
3866 1204
1204 2793
2793 3446
4830 4574
4574 2941
2941 1502
1502 3173
4831 722
4833 1833
1833 344
344 4468
4468 1182
1182 724
724 1147
4834 473
4836 1417
1417 4826
4837 3324
3324 4159
4838 2010
2010 419
419 4467
4467 3593
3593 1136
1136 801
4839 42
42 1215
4840 4676
4841 4769
4842 3631
3631 4848
4844 4441
4441 3104
3104 942
942 1250
1250 1941
1941 3527
3527 2119
2119 1767
4847 708
708 1199
4848 1965
4849 2126
2126 1568
1568 1088
1088 1430
1430 3877
3877 3203
3203 965
4850 4956
4851 4326
4326 1368
1368 1208
1208 3054
3054 3463
3463 3781
3781 3305
3305 2686
4853 90
90 4715
4715 827
827 180
180 4476
4476 98
98 1274
4854 2161
2161 1200
4855 592
4857 2185
2185 2432
2432 305
305 4856
4856 4964
4858 1014
4859 4173
4860 3701
3701 1902
1902 2254
2254 2076
2076 2074
2074 1598
4861 3156
3156 2801
2801 2113
2113 1147
1147 60
60 2305
2305 1463
4862 3863
3863 1949
4864 2811
2811 1479
4865 3529
3529 4649
4866 1487
1487 3752
3752 1385
1385 4053
4053 310
310 4132
4132 4826
4867 3943
3943 2436
2436 517
517 3859
3859 2463
4868 3698
3698 2924
2924 3648
4869 2336
2336 980
980 105
105 4329
4329 4483
4483 1925
1925 699
699 4245
4245 4008
4008 508
508 924
924 4440
4440 1238
1238 3994
3994 2239
2239 4863
4863 4936
4870 648
648 3820
3820 592
592 1917
4872 457
457 1447
4873 211
4874 4781
4781 4185
4875 4543
4543 2558
2558 3497
3497 4108
4108 218
218 1848
4876 2480
2480 1807
1807 191
191 320
320 2664
2664 4190
4190 3675
3675 3969
3969 1839
1839 4357
4357 1078
1078 1746
1746 161
161 1904
1904 302
302 1292
1292 2389
2389 1764
1764 4845
4845 2699
4877 1628
1628 1965
1965 3636
3636 2186
2186 3407
3407 2499
2499 2649
4878 4539
4539 2106
2106 1771
1771 2623
2623 1421
1421 3295
3295 2826
2826 4681
4681 2980
2980 529
529 3423
4879 3953
3953 3275
3275 704
4881 4784
4784 585
585 1923
1923 873
873 3306
3306 1116
1116 2308
2308 981
981 2524
4882 2222
2222 1973
1973 2366
2366 1319
1319 727
4884 103
103 428
428 160
160 3889
4885 3468
3468 4826
4826 779
779 2921
2921 181
181 2096
2096 99
99 1444
1444 2779
2779 2606
2606 4444
4444 2767
2767 4196
4886 3663
3663 2519
2519 1030
1030 4651
4651 604
604 3986
3986 1158
1158 1725
1725 3460
3460 110
110 1603
1603 1496
4887 2638
2638 567
567 4070
4070 634
634 3064
4888 4817
4889 1372
1372 1610
1610 971
971 3123
3123 285
285 510
510 785
785 2818
2818 329
329 3312
3312 1220
4890 2919
2919 524
524 4843
4843 2295
2295 693
4891 1223
1223 4740
4892 4035
4035 4208
4893 3500
3500 1828
1828 1743
1743 4093
4093 1125
1125 3247
3247 3607
3607 2705
2705 688
688 658
658 1488
4894 4197
4197 4925
4895 1255
1255 1876
1876 1588
1588 4585
4585 2434
2434 1916
1916 3677
4897 1665
4898 4143
4143 3144
3144 3249
3249 4933
4899 1848
4900 1159
1159 1841
4901 934
934 3470
3470 2199
2199 3640
3640 4225
4225 3840
3840 4384
4384 4377
4377 2588
2588 3108
4902 4422
4422 2501
2501 1019
1019 2169
2169 4118
4903 2647
2647 4910
4904 687
687 4334
4334 4800
4905 2211
2211 3381
3381 1997
1997 3887
3887 2728
2728 4664
4664 3677
3677 1841
1841 4135
4135 3668
3668 2884
2884 3238
3238 3609
3609 1705
4906 3908
3908 4951
4907 2896
2896 4896
4896 3844
3844 2220
2220 2778
4908 2282
2282 3442
3442 4395
4395 992
4909 1848
1848 3126
3126 3056
3056 2863
2863 1482
1482 1450
1450 53
53 4049
4911 3591
3591 123
123 244
244 1157
1157 3623
3623 4380
4380 826
826 276
276 727
727 1910
1910 3044
4913 3326
3326 941
941 220
4914 2619
2619 701
701 2145
2145 3498
3498 1090
1090 3605
4915 226
226 2330
2330 3240
3240 992
992 2548
2548 1701
1701 600
600 3457
3457 1983
4916 1595
1595 3686
3686 497
497 2602
2602 977
4918 195
4919 2870
2870 40
40 1932
1932 2445
4920 3456
3456 4137
4137 1021
1021 995
4921 3064
3064 1766
1766 1903
1903 4614
4614 748
748 190
190 2524
2524 2283
2283 3991
4922 4731
4923 340
340 4349
4924 1353
1353 1437
1437 624
624 2049
2049 1720
1720 3689
4925 321
321 928
928 4942
4926 473
473 575
575 3331
3331 3314
4927 945
945 2666
2666 2281
4928 505
505 3445
3445 3095
3095 1767
1767 3979
3979 1387
1387 2752
2752 3919
3919 3143
3143 3920
4929 1705
4930 4118
4118 589
589 833
833 4090
4090 2386
2386 3800
3800 1180
4931 4649
4649 2992
2992 2132
2132 4961
4932 2241
2241 204
204 3600
3600 4736
4736 995
995 822
822 1849
1849 3248
3248 2063
2063 4007
4007 3786
3786 3852
3852 909
4933 94
94 4278
4278 4296
4296 2275
2275 2802
4935 2586
2586 4731
4731 4934
4934 3874
3874 26
26 2996
2996 3401
3401 2732
2732 3342
3342 4658
4936 37
37 2891
2891 507
507 3399
3399 4305
4305 2055
2055 664
664 1265
4938 2963
2963 4871
4871 3881
4939 4051
4051 2289
2289 962
962 14
14 2641
2641 4491
4941 3494
3494 2149
2149 195
195 2686
2686 1827
1827 2556
2556 2163
2163 1343
1343 2152
2152 1676
1676 2689
2689 799
799 3648
3648 3170
3170 268
268 4320
4320 3856
3856 461
461 3274
3274 4937
4937 4677
4677 3534
3534 3446
3446 720
720 598
598 1614
1614 1960
1960 3991
3991 1721
1721 2832
2832 3553
3553 3545
4942 3101
3101 1194
1194 145
145 1446
1446 4247
4247 1045
1045 4828
4828 4689
4943 1104
1104 3323
3323 878
878 3471
3471 3723
3723 1251
4944 1470
1470 2736
2736 1192
1192 1981
1981 2706
2706 1198
1198 207
207 771
771 4689
4689 1575
1575 4062
4062 3036
3036 3328
4945 4130
4130 4835
4835 1286
1286 318
318 2127
2127 3024
3024 1121
1121 612
612 1052
1052 2974
2974 2039
2039 3157
3157 4542
4542 3108
3108 1940
1940 3303
4946 1458
1458 2177
2177 3429
3429 20
20 3710
3710 1779
1779 1106
1106 4710
4710 4634
4947 4294
4294 2495
2495 1749
1749 1463
1463 1596
1596 3689
3689 3124
3124 1281
1281 2766
4948 4961
4949 3358
3358 2095
2095 1232
1232 3647
4950 2334
2334 2712
2712 753
753 88
88 4958
4951 2533
2533 453
453 4402
4952 2448
2448 4912
4912 2142
2142 514
514 2264
2264 2162
2162 4636
4636 336
336 949
949 1280
1280 4759
4953 3716
3716 4815
4815 1243
1243 1325
1325 4955
4954 286
286 749
749 2821
4955 2405
2405 588
588 1778
1778 3314
3314 2766
2766 3214
3214 3672
3672 2324
4957 2698
2698 2746
2746 263
263 1449
1449 2755
4958 4769
4769 4658
4658 3612
4959 2799
2799 4995
4960 2227
2227 1983
1983 1200
1200 1177
1177 741
741 2467
2467 368
368 4315
4315 1646
1646 2048
2048 1870
1870 623
623 4678
4961 1433
1433 1285
1285 3921
3921 2153
4962 909
909 189
189 3581
3581 3705
3705 965
965 2299
2299 4173
4173 1504
1504 357
357 2597
2597 1996
1996 3647
3647 4049
4049 211
211 3280
3280 669
4963 1265
1265 4678
4678 1304
1304 1213
1213 3065
3065 2240
2240 3028
3028 3007
4964 3384
3384 4817
4817 1927
1927 3597
3597 632
632 2755
2755 1211
1211 4603
4603 3755
3755 4221
4221 1804
1804 1526
1526 1240
1240 2741
2741 1274
1274 1366
1366 1723
1723 2112
2112 498
498 202
202 2572
4965 560
560 1410
1410 2498
2498 1709
1709 2637
4966 3009
3009 3164
3164 1861
1861 3796
3796 2210
2210 1191
1191 1665
1665 3790
3790 4123
4123 3160
3160 3732
3732 2990
2990 3762
4967 921
4968 793
793 3450
3450 3728
3728 2383
2383 3408
3408 1117
1117 4069
4069 1005
1005 3920
3920 890
890 4159
4969 3354
3354 2108
2108 1426
1426 689
689 2187
2187 503
503 929
929 2319
2319 4407
4407 1220
1220 611
611 3166
4970 4047
4047 4343
4343 4472
4472 731
4971 2933
2933 4809
4809 4634
4634 1615
1615 3058
3058 2404
4972 4140
4140 1969
4973 3412
3412 4376
4376 1987
1987 1046
1046 1511
1511 3337
3337 4832
4832 4800
4800 1321
1321 722
722 921
921 4235
4235 2868
2868 2244
2244 3345
3345 998
4974 4883
4883 2937
2937 163
163 2592
2592 270
270 2286
2286 2805
2805 2408
2408 3694
3694 1447
1447 2453
2453 2224
2224 4061
4061 743
4975 306
306 2234
2234 3946
3946 91
91 1495
1495 4741
4741 2994
2994 3605
3605 2694
2694 3162
3162 2130
2130 278
278 4608
4608 4814
4814 1202
1202 640
640 4759
4759 168
168 1337
1337 2632
2632 385
385 3417
3417 2428
2428 1785
1785 2813
4976 2050
2050 1899
1899 732
732 3504
3504 3420
4977 1
1 564
564 3925
3925 2122
2122 2831
2831 29
29 4034
4978 3335
3335 4783
4783 4582
4582 4299
4299 3683
3683 1342
1342 615
615 4541
4541 1488
1488 4635
4635 4497
4979 693
693 1895
4980 2772
2772 4910
4910 571
571 1251
1251 4208
4208 2034
2034 671
671 1180
1180 4504
4504 1825
1825 2084
2084 79
79 3423
3423 625
625 1906
1906 1490
1490 2931
4981 4196
4196 2713
4982 3610
3610 2083
2083 979
979 2274
2274 2904
2904 4991
4983 2131
2131 3332
3332 4604
4604 2530
4984 2931
2931 164
164 1546
1546 1229
1229 2333
2333 590
590 977
977 1150
1150 1859
1859 1952
1952 1620
1620 3905
3905 1256
1256 3303
3303 1854
1854 2778
2778 2413
2413 3586
3586 1523
1523 4348
4348 3564
4985 2954
4986 3736
3736 3968
3968 2564
2564 304
304 2045
2045 3930
3930 4059
4059 3139
3139 1656
1656 1703
1703 4270
4270 2510
2510 2508
2508 3703
3703 2425
2425 3165
3165 3489
3489 2153
2153 3285
3285 3975
3975 2484
2484 3184
3184 1496
1496 220
220 4824
4824 4402
4402 3347
3347 1011
1011 4185
4185 3176
3176 1270
1270 3499
3499 1791
1791 4497
4497 3168
3168 494
494 2733
2733 354
354 2635
2635 767
767 553
553 1044
1044 570
570 1555
4987 140
140 4397
4397 556
556 131
131 3297
3297 1188
1188 1284
1284 2813
2813 4599
4599 13
13 64
64 4179
4179 221
221 2916
2916 816
816 4626
4626 4142
4142 4159
4159 4146
4146 2816
2816 4349
4349 3033
3033 4301
4301 2260
2260 1185
1185 4676
4676 2004
2004 1727
1727 3330
3330 2756
2756 2204
4988 1555
1555 4347
4347 3420
3420 2092
2092 954
954 3881
3881 1014
1014 4705
4705 3779
3779 4410
4410 3224
3224 937
937 2192
4989 1156
1156 998
998 2649
2649 530
530 4735
4735 172
172 4034
4034 813
813 2135
2135 4760
4760 4413
4413 1685
1685 1560
1560 19
19 149
149 3909
3909 4617
4617 1224
1224 2450
2450 301
301 3414
3414 3962
3962 2474
2474 3392
3392 2761
2761 1457
1457 49
49 2463
2463 3072
3072 4458
4458 1917
1917 2517
2517 1201
1201 2713
4990 1795
1795 4798
4798 1995
1995 777
777 646
646 539
4991 4740
4740 765
765 3974
3974 3085
3085 1268
1268 400
400 93
93 1178
1178 1624
1624 4119
4119 1793
4992 1189
1189 3261
3261 4692
4692 4361
4361 1092
1092 3308
3308 3292
3292 3210
4993 951
951 16
16 2331
2331 1895
4994 3555
3555 4786
4786 4030
4030 2505
2505 1751
1751 3807
4995 3246
3246 3549
3549 3187
3187 2458
2458 1056
1056 4702
4702 1378
1378 2461
2461 2554
2554 1552
1552 444
444 4345
4345 1028
1028 3382
3382 436
436 1393
1393 3564
3564 1745
1745 3383
3383 2111
2111 2181
2181 4290
4290 2713
2713 343
343 882
882 4429
4429 3594
3594 1612
1612 4500
4500 1184
1184 4304
4304 4852
4852 713
713 591
591 4583
4583 3545
3545 2445
2445 3867
3867 4523
4523 4491
4996 1384
1384 31
31 4273
4273 2277
2277 66
66 2892
2892 2198
2198 3227
3227 680
680 2192
2192 2878
2878 3281
3281 3378
3378 3670
3670 2571
2571 901
901 3230
3230 3210
3210 3889
3889 2917
2917 4401
4401 1141
1141 1907
1907 1969
1969 1479
1479 743
743 3007
3007 2136
2136 3242
3242 2003
2003 3882
3882 137
137 1435
4997 1682
1682 855
855 1770
1770 3044
3044 2262
2262 899
899 311
311 214
214 4491
4491 1551
4998 1831
1831 1179
1179 620
4999 863
863 4187
4187 4268
4268 3173
3173 183
183 1713
1713 3328
3328 1895
1895 1677
1677 620
620 1522
1522 2889
2889 197
197 3107
3107 1793
1793 2204
2204 4460
4460 2954
2954 521
521 871
871 1538
1538 1215
1215 731
731 3254
3254 3000
3000 730
730 3462
3462 2869
2869 3871
3871 3350
3350 3612
3612 4917
4917 918
918 694
694 2438
2438 2669
2669 148
148 3166
3166 1408
1408 1236
1236 3562
3562 454
454 3704
3704 2998
2998 1712
1712 4679
4679 2494
2494 3062
3062 2281
2281 4089
4089 1949
1949 1079
1079 462
462 1466
1466 2307
2307 1598
1598 2748
2748 2071
2071 2128
2128 4233
4233 315
315 2079
2079 4742
4742 2324
2324 938
938 539
539 4846
4846 2166
2166 2699
2699 1593
1593 858
858 212
212 3939
3939 2821
2821 2912
2912 274
274 2731
2731 3782
3782 4940
4940 1277
1277 3543
3543 2637
2637 1705
1705 1882
1882 4956
4956 4475
4475 1565
1565 3807
3807 4193
4193 232
232 3560
3560 4163
4163 669
669 1816
1816 523
523 2886
2886 142
142 2764
2764 3013
3013 1435
1435 4747
4747 3762
3762 2802
2802 1242
1242 550
550 2531
2531 1042
1042 970
970 1335
1335 1536
1536 1879
1879 4757
4757 944
944 3360
3360 1199
1199 4639
4639 2526
2526 2404
2404 2530
2530 4332
4332 704
704 754
754 2398
2398 3286
3286 4880
4880 481
481 3961
3961 2572
2572 4228
4228 4528
4528 1571
1571 2174
2174 1551
1551 1862
1862 801
801 5000
