133 233 1804289382
80 118 7
123 11 4
79 46 3
48 21 3
21 106 10
37 101 1
11 92 7
108 122 8
83 84 1
97 83 8
18 83 3
101 72 10
52 17 7
110 118 10
98 60 10
10 17 9
74 27 1
44 2 2
110 5 4
74 101 7
117 118 6
118 6 7
130 57 10
109 87 5
53 52 6
78 115 5
71 109 1
22 19 7
15 129 5
37 69 5
62 106 1
37 12 10
5 8 7
43 116 6
65 90 9
14 88 8
112 79 3
24 21 2
71 35 2
121 125 5
60 54 10
117 11 8
100 69 6
60 111 8
107 43 4
72 110 7
127 88 5
103 32 3
18 102 10
116 11 9
75 104 10
6 96 7
75 16 6
106 105 5
15 126 1
45 47 5
53 100 5
85 95 4
53 71 6
117 92 3
108 87 9
2 92 5
50 33 6
24 60 6
104 74 9
44 119 9
110 38 5
66 43 4
40 17 1
103 133 9
103 28 8
127 84 5
113 133 4
114 77 3
61 101 1
1 12 5
40 42 3
100 29 8
68 122 5
80 91 3
51 114 4
28 107 1
43 86 1
66 120 2
93 102 6
36 102 5
97 62 6
38 29 3
100 17 8
99 96 1
97 67 10
44 95 9
20 58 2
103 123 4
75 83 4
69 39 10
127 3 4
94 40 1
10 60 7
47 25 1
96 42 3
125 86 6
127 26 9
3 50 9
132 45 10
16 113 3
56 28 2
24 42 2
20 52 10
32 19 10
60 35 8
22 26 8
132 74 9
113 76 3
4 128 2
110 11 3
42 66 1
31 89 3
58 29 3
66 60 9
18 40 1
12 62 10
12 114 6
13 93 10
8 17 7
48 47 1
122 89 5
10 119 2
73 97 4
54 29 7
29 101 3
117 112 5
72 45 9
47 57 3
18 64 9
116 33 4
92 75 4
53 5 1
24 78 7
76 131 1
55 26 8
73 63 4
127 2 8
107 102 7
22 119 7
33 101 8
11 113 1
77 87 1
49 31 8
38 106 7
56 27 8
41 20 10
59 13 4
4 80 8
122 103 5
10 79 6
123 129 10
130 104 6
27 103 6
132 74 9
80 70 10
99 50 3
33 31 5
127 34 3
109 76 10
124 86 2
69 129 8
91 125 2
81 18 6
55 70 8
6 16 7
51 36 5
21 122 9
85 115 1
96 90 5
129 1 9
108 70 1
2 81 2
133 28 4
21 4 3
61 63 6
92 34 3
39 108 10
70 59 6
56 75 4
118 125 9
52 99 5
36 21 7
64 75 8
110 95 8
13 23 4
118 35 4
126 73 4
42 63 8
127 119 10
35 103 9
130 75 9
29 110 8
61 41 9
42 71 8
26 4 4
126 121 4
126 34 3
100 130 3
133 123 6
28 78 5
47 74 2
85 23 8
10 84 1
10 46 2
25 72 3
62 118 7
54 111 1
39 77 1
86 130 10
40 24 7
16 124 4
67 75 8
16 6 2
58 69 7
38 93 6
74 75 5
98 49 5
77 8 6
51 14 9
69 53 6
30 69 3
65 56 4
123 71 4
51 129 4
25 33 4
124 106 3
75 125 10
