1333 1333 1954203165
706 1081 9555
1263 997 8082
736 985 7621
389 1199 3015
210 1247 2526
162 949 4079
1308 964 2820
333 1228 20866
707 777 19839
1319 1030 957
363 402 1087
607 1011 8073
832 413 6773
1302 802 1203
385 1011 10363
973 519 17271
315 1173 23235
701 173 2850
1263 226 10354
621 211 21013
1100 1254 7023
1327 1207 2243
565 705 12614
786 20 17872
220 404 20972
247 44 15246
1223 358 12715
495 405 4194
342 335 17781
966 955 362
1285 721 12273
20 62 16404
1097 626 20836
601 758 17869
906 325 18178
236 571 16627
764 460 9636
1131 302 15344
1018 643 15964
450 955 8000
119 907 8082
1042 926 17296
1184 689 12722
45 1290 8792
258 209 7062
874 1124 9880
201 1234 3523
564 1032 19240
652 63 20873
421 512 3455
491 1310 11333
1282 1018 4862
147 216 17631
318 260 7574
1246 517 16249
1165 57 17961
1001 937 12281
1297 168 19938
561 166 14131
1148 1267 4981
23 424 509
484 1052 5327
537 546 4847
625 863 19903
17 122 14038
950 633 13442
1020 300 11408
991 264 17573
7 171 8626
418 1318 8190
671 933 1285
1069 210 20113
281 382 3066
490 133 9266
611 427 16394
1243 777 18149
890 78 8851
500 226 11831
670 1193 13620
655 106 4717
688 123 11994
1205 1192 8925
271 139 3042
1295 1309 17061
1002 586 14124
1005 1176 16968
695 79 7887
722 578 16377
755 1247 2500
553 1248 12485
1038 603 421
468 1154 15342
788 91 508
155 733 1161
988 401 1619
940 753 18360
336 114 8556
1143 182 5936
189 283 8038
1107 836 12048
144 1220 11303
637 354 13925
335 1141 16694
852 1296 22675
10 297 10141
434 1236 18818
700 239 12527
391 728 119
659 263 9097
188 36 6414
964 859 4447
356 163 23202
901 497 17278
230 695 20708
945 705 4241
74 1138 12993
1288 1185 1946
629 922 9978
151 248 6800
635 1115 18597
1302 745 18847
521 1100 310
94 14 1661
155 243 8087
177 1187 20747
1176 607 2608
91 561 3022
577 1189 7563
1137 686 6493
626 668 7850
830 1316 701
559 503 11668
1131 1277 8362
213 98 7476
642 954 16012
470 143 5456
755 233 17960
238 156 4062
642 1292 18208
641 1264 23179
1100 107 17377
291 13 5601
607 490 3040
937 702 3990
856 10 21146
628 479 12435
354 580 21844
641 164 20323
130 153 2531
984 140 13918
1173 1239 3436
10 876 20922
683 150 4348
646 433 10053
53 1288 15130
414 1262 1320
264 283 10235
346 270 21565
584 1079 4217
128 729 3338
935 568 11457
542 578 21615
162 607 6472
270 600 13397
1080 1332 18872
1246 412 7915
1237 22 16975
1155 368 2024
1237 951 21450
817 1078 481
537 26 948
162 1248 1576
662 76 304
1312 345 7831
407 91 12827
137 3 20764
448 587 13082
1068 408 11626
624 991 5724
1258 475 13579
1287 1011 10104
1231 1172 22418
419 500 9105
894 1158 13518
634 912 7057
1053 1048 20170
551 842 15525
70 576 11015
636 1199 12884
819 1123 9677
94 423 12743
75 321 17866
1302 739 8007
1272 979 20630
253 280 14807
4 1332 9408
1091 1229 20361
778 645 2301
220 1280 11930
652 113 698
225 886 15751
155 960 11370
1256 929 4804
217 214 12029
336 466 17541
33 469 3175
804 907 13027
1083 351 13511
1284 570 8594
17 1221 19670
552 792 13653
857 946 646
148 215 11078
178 432 7389
1187 767 18769
1168 147 5608
1148 950 19422
1024 47 13395
891 1330 14214
51 14 19444
657 1245 15426
162 115 7244
1306 263 20421
60 440 979
1012 973 16212
444 808 3267
344 622 2545
497 992 19086
1000 549 8523
740 1280 21791
395 1283 5262
841 791 21352
246 763 11430
1199 822 19307
1250 1181 2685
735 291 10096
1045 1314 13723
972 477 18932
292 143 226
942 230 20879
951 1304 7227
872 158 4269
255 403 20310
552 949 12101
636 865 18378
360 266 18902
237 658 3961
736 296 16309
241 1268 22674
294 876 6276
973 493 9892
948 712 2634
1033 966 7065
1227 184 4953
910 167 12948
1120 1206 8255
287 109 2155
114 192 20524
1097 1112 12448
917 752 10136
285 391 4032
984 5 23084
506 384 2970
1111 277 17459
1331 1187 8198
1083 973 8865
447 607 21895
468 720 6685
131 1164 5498
1062 747 18560
881 378 12423
1193 708 17646
883 1214 23177
205 991 2659
1071 989 22518
89 738 140
313 531 9105
672 345 14366
1222 1155 1238
217 883 15728
1296 1111 17445
779 970 8621
946 1200 15221
163 751 13318
989 488 15877
1016 577 4498
29 236 18782
981 254 14217
1319 142 18986
182 358 6883
1123 1000 11378
1136 1125 13168
1177 737 4343
444 246 18866
702 1234 12209
1295 263 7888
1292 971 22782
1166 618 16446
731 604 3577
118 132 13005
387 1254 950
1113 404 3167
822 247 21981
1051 690 2909
44 739 2935
204 700 13584
941 659 4001
1259 1171 6625
1151 1249 4826
1210 33 15516
294 1099 7756
1056 225 14664
277 1046 21526
233 110 12570
1115 833 1113
564 1037 3032
302 644 15164
331 1249 1963
325 413 978
921 290 7862
996 583 14177
338 985 7967
83 1261 2399
74 841 9829
781 622 10115
214 1185 7807
346 153 3131
1163 1164 3196
484 155 16787
401 422 16489
349 764 15305
743 1101 6525
707 530 16648
384 1283 5670
851 731 7491
817 944 17386
486 636 17945
825 1145 13168
399 295 9680
1066 695 20319
689 391 21595
241 480 21615
778 533 19371
1242 917 5393
1213 1114 7925
1152 597 20418
942 429 6898
231 1253 21534
31 998 19622
1317 78 2139
1039 766 8294
192 1007 5596
1125 451 2012
601 1039 23273
680 265 1549
183 83 16953
629 1024 15305
1057 601 7395
1296 1311 12091
1177 1295 7527
1099 347 17850
758 538 19711
896 1009 3962
913 277 10936
514 303 22969
574 486 8545
1231 461 722
982 185 9784
1333 827 2233
15 670 11080
787 1115 2319
991 539 20877
216 101 10708
570 361 14517
630 874 14362
953 794 18167
706 691 7697
828 1020 20842
898 1019 9135
946 380 7870
954 1166 11527
656 170 5064
243 385 9751
185 955 19937
403 931 12230
270 1230 3851
623 1282 11753
783 124 20246
1127 1021 21053
964 633 10944
138 934 5105
1107 936 6065
1281 525 10202
902 709 21476
884 1111 4158
405 48 4902
67 17 907
1100 799 16579
1138 592 22697
889 222 13833
1018 360 9078
327 813 10752
1138 760 16398
347 328 21402
1191 558 9289
298 310 9738
1315 376 17937
948 822 2576
703 1307 169
826 862 12190
249 546 15516
1284 872 14012
1269 23 5082
446 370 6136
331 907 14130
673 1204 17962
1063 533 13821
135 147 5799
6 196 14143
1147 1022 5578
1177 617 6721
233 1247 7003
781 530 12843
102 975 18767
431 652 15259
637 1324 6476
499 400 12993
83 535 4722
1142 1220 5902
188 1033 15896
775 224 9884
575 1136 20276
1246 584 18818
1286 32 6586
1043 462 4982
372 445 7974
905 943 17286
1317 1026 12203
569 181 18632
670 1049 21069
485 490 16383
917 1064 20090
1262 323 7548
150 956 22490
193 525 16725
637 1028 5840
927 1278 13353
1299 76 2253
826 93 20388
541 1143 92
378 429 13012
108 851 15215
431 1203 20562
733 934 1501
64 1126 3094
446 1109 12660
1080 49 8519
1045 14 8919
245 840 4618
114 727 13724
1147 1104 8220
431 1212 15146
322 989 6285
363 388 19914
1067 1131 3601
310 923 15357
1260 670 7911
168 381 13877
1138 625 19562
215 85 18121
1113 578 7116
1107 1008 10909
646 677 2703
54 1039 2345
1075 119 18142
1235 1108 7087
1170 1034 21686
1154 549 20964
499 1033 15187
29 1247 1409
286 374 18727
314 147 10153
246 139 6576
1167 192 5223
1141 613 23268
260 514 1818
981 351 7860
1038 851 11257
142 696 20929
1230 72 2840
1069 357 9365
152 17 2412
923 263 20459
384 96 15463
883 583 22659
168 189 15005
1240 1169 23179
679 873 16437
14 361 8655
381 257 19396
8 1325 20466
9 824 18627
836 1093 1809
468 144 11366
972 1026 3330
756 540 19175
400 446 3650
394 472 17444
1265 1165 19536
166 892 9437
471 246 4230
480 254 14979
505 436 12832
139 251 12377
1201 1222 10822
859 1324 8454
53 390 14752
416 130 22253
318 742 3209
1260 907 2234
1126 45 14154
984 524 9681
1011 375 6898
798 513 18605
75 1060 21257
378 1265 22192
567 1318 20743
1201 400 1433
321 64 4033
604 1323 13863
1126 1116 19325
560 113 9892
247 470 4190
397 1268 4027
117 9 5448
1086 1066 11782
32 299 3198
727 167 14690
219 1167 17036
452 437 6438
259 909 345
136 135 2987
537 1062 6009
658 125 6923
1292 922 18104
998 674 3707
636 52 18853
285 778 16305
333 997 2644
1124 115 20084
572 1053 16533
1161 1189 6143
1183 1072 6609
1021 396 9154
793 354 17062
1253 699 12584
793 681 2591
1312 966 15485
663 645 21706
1181 436 17625
149 354 1431
705 181 8123
63 710 925
482 397 7360
1053 536 461
531 1136 1350
710 595 6134
259 1253 10350
1266 583 5355
1283 430 524
82 1258 17966
613 1309 11360
346 39 14685
497 1200 10971
363 919 22458
610 797 20938
875 173 2103
488 1111 16151
412 1044 9389
981 993 7792
652 421 451
23 380 3898
255 725 942
543 568 21525
1227 278 20474
1114 887 14849
803 429 1915
434 916 22915
1317 674 8015
116 322 17925
704 973 270
1216 343 3148
370 1277 3686
243 1166 2810
635 1059 7877
1292 840 11689
80 309 15595
1052 89 18067
469 72 13782
929 867 434
396 237 17553
963 799 5445
1229 1169 22134
914 78 4646
487 59 10617
1016 697 8178
1099 123 18267
277 522 11993
1050 990 13165
1164 586 180
945 328 4160
366 1290 2224
809 532 21600
542 113 8905
787 1279 8996
78 961 11353
887 74 7492
19 350 7339
573 747 18137
545 1257 16907
50 868 13912
472 581 9422
1040 56 14244
109 1278 16743
616 731 12069
1180 155 15758
455 389 846
1186 407 6259
451 979 19070
26 190 6395
213 920 22993
727 738 1098
544 444 479
893 1233 12276
20 515 17802
426 1041 4340
486 163 3399
1272 695 17927
1101 1145 5590
344 518 2884
189 730 2330
249 804 8086
209 14 14715
905 906 20485
238 926 3306
302 698 11180
521 1183 16453
474 468 18957
834 235 10710
867 1258 1836
1089 794 17253
897 1042 16546
789 598 16797
1125 169 1256
27 406 2337
776 55 1117
1233 575 21013
1198 395 884
525 576 1314
343 109 2720
1331 1197 11495
409 107 3967
944 895 12579
159 687 22135
959 713 13918
19 156 5729
455 735 1908
741 1279 5853
160 1150 12511
494 159 19457
100 836 21915
1178 1245 14554
632 202 13119
30 360 1331
929 665 15348
248 683 19822
953 1138 17918
247 1225 3109
1268 51 17684
878 1225 10015
596 1324 13281
177 515 21403
1197 494 4259
445 523 17652
1060 119 8158
1054 366 17472
550 665 15366
127 258 15191
982 872 17831
1001 416 1266
526 1011 7222
233 1187 527
1184 397 8481
350 189 12668
555 1248 4229
771 315 12402
337 864 4262
387 990 5050
328 1318 20617
320 986 9149
882 858 13433
102 1090 16732
516 287 17924
90 1316 6796
186 1217 350
1081 654 13934
1007 991 5383
945 44 7934
488 1052 1715
222 38 4409
371 919 2698
225 367 2202
1266 229 9003
37 318 11686
329 1184 20242
1215 931 11835
1082 1284 19610
1159 243 4252
239 730 12297
636 951 22570
33 668 5343
966 893 14504
323 825 3912
645 208 13395
270 536 1292
457 1097 18499
1298 192 15078
1143 17 18977
1032 935 3898
1318 237 6131
309 949 3831
898 1262 10430
1200 931 3654
1051 242 9439
1247 511 18907
1292 315 1414
282 959 17559
555 769 18398
417 1147 4204
1008 1131 24
1216 106 2607
785 1003 14649
1247 870 15020
1199 1267 5062
706 527 19794
94 1166 1797
579 114 1913
1254 15 745
613 431 18216
252 105 12297
808 667 21230
980 118 19013
1079 31 4827
123 577 5918
61 629 12347
536 722 2424
1326 1300 9969
408 568 11406
938 527 10038
1281 778 2102
88 253 9401
1014 579 20445
277 324 14318
435 446 18358
527 1186 2999
1146 389 10833
943 1061 11928
854 815 861
778 419 11704
1133 1046 9654
938 1133 2748
77 161 16924
13 1117 20165
1312 218 4157
1202 745 5309
386 1237 20079
972 846 3599
872 366 4447
5 1144 15707
345 290 1268
129 1227 20092
845 650 15750
806 662 7253
437 1321 15101
514 536 14218
471 268 1278
815 1240 10050
887 125 19510
1119 809 9716
437 1153 22053
146 628 19616
988 139 19819
657 291 4099
789 728 18121
1139 588 10242
899 1058 6794
1243 1220 3289
446 773 19315
667 1238 1406
46 1021 15945
393 1167 17905
634 821 18048
872 145 9962
1118 933 21473
18 738 18083
133 984 5100
515 240 2604
151 685 14192
590 698 13318
505 743 15688
920 483 14911
1282 1116 7744
476 1 9936
1294 1118 21080
853 1135 9610
1000 614 13075
218 1129 9421
655 626 9050
558 1215 125
1018 387 375
1166 1306 8518
494 601 20838
643 423 2827
935 1064 5248
174 583 15230
831 929 12019
484 1146 2410
377 1147 5363
953 371 16860
241 736 22633
272 1248 23307
131 409 13453
1106 1051 3458
96 1332 18957
856 853 11422
111 1030 14608
1313 180 2623
324 1236 1401
1293 856 1802
158 443 17141
741 714 16441
1324 845 6952
1173 1297 12089
792 59 18455
821 261 463
753 372 22402
960 1031 19334
326 22 8693
839 1314 7187
417 138 7282
729 226 9352
956 896 14253
258 735 19491
637 874 4559
1015 1041 6049
911 1140 186
504 766 7000
956 439 5567
1310 1277 16923
1214 1040 3601
880 436 19225
606 58 17457
524 996 19409
1085 299 20879
371 1313 17489
1251 891 20660
516 741 14008
812 1043 15826
475 366 4183
119 246 19886
581 1125 10075
1267 1078 6865
863 268 1887
1193 699 14888
1090 1069 2336
14 334 19021
758 849 2024
935 1007 17345
216 829 11337
121 947 22532
413 874 3534
1139 808 18371
590 1017 18958
383 876 17125
475 632 17430
1226 1325 2589
881 750 11792
1276 1031 5372
727 593 12230
543 61 2621
605 473 19151
486 278 11047
763 215 11437
655 1277 16397
591 1098 15812
263 990 3837
268 537 1131
1122 1159 6382
343 552 19742
392 1095 14401
734 366 10243
1270 851 9683
1307 961 19585
347 962 10843
942 219 21677
862 1162 95
94 96 4125
101 564 12455
1139 906 19098
103 644 4395
460 45 14212
1289 661 21089
409 635 20062
1104 328 22430
1062 617 6311
131 145 20481
190 918 20861
133 1019 3922
1234 824 6030
220 926 759
981 732 14064
774 687 3108
111 442 9930
409 212 7314
334 620 19316
505 751 7420
504 940 22128
599 419 2586
1257 319 17160
181 1219 15946
402 866 13344
694 986 11936
314 1096 21404
567 171 22679
1148 1185 10932
359 356 7837
1048 860 5830
1321 125 1375
1279 728 14585
754 908 17893
1154 657 8032
952 697 14887
783 1010 20540
402 244 14059
233 738 17875
684 1097 7304
551 811 18499
52 145 9982
625 770 17020
183 190 22309
306 690 10935
1294 308 20646
1281 437 15543
350 838 21230
270 1071 21686
694 1101 20906
821 998 18297
1153 1050 13006
957 341 15278
154 1203 11279
259 855 9294
1047 162 6993
519 109 8651
347 458 12338
418 75 2080
1226 115 19800
465 282 3336
540 102 13196
80 1058 19409
1068 1211 21239
913 817 20905
113 530 3458
301 395 22437
271 88 20722
1079 505 4712
318 398 15613
1310 209 6402
1314 748 18912
380 174 8797
1120 1242 16410
1075 168 1720
552 960 22681
189 607 21926
615 878 15349
845 1303 8508
1149 288 7766
234 944 2684
934 271 11911
402 651 9447
274 1117 2908
704 858 3574
616 756 20738
405 292 7067
1269 906 10216
207 1097 3518
329 912 12385
196 1145 17962
950 746 251
1119 494 3442
809 115 8289
1086 818 12698
878 780 21900
296 532 701
320 467 18202
569 20 17466
134 1028 3204
666 570 6701
808 187 19038
568 652 12461
325 807 19099
1198 1240 1034
943 131 22325
763 426 12320
221 92 16278
1264 660 10894
737 140 12335
441 805 13047
1316 280 39
271 194 16569
399 519 2084
641 383 6156
367 1325 16687
219 101 8101
1283 1001 2784
146 278 18965
1042 1014 13494
299 801 22090
805 784 8386
845 401 11640
203 799 11960
394 106 2313
492 1152 3056
719 717 5097
39 666 1474
130 159 10390
880 1200 10655
1117 845 21147
146 316 9558
813 507 2940
341 709 21413
387 450 22089
163 941 13661
1290 326 18806
1184 1044 18498
746 1173 13693
1266 67 22946
813 1183 19938
480 675 2042
278 155 643
475 495 8975
818 229 21463
612 391 20928
905 347 16397
1234 877 15970
922 970 14772
89 902 772
481 1061 18458
1038 207 12260
1257 1164 21908
649 306 4364
97 470 2933
674 428 4606
178 1332 4426
688 579 7489
908 168 15621
967 936 7866
440 83 2891
1095 467 21842
1091 390 4278
1242 386 15476
1234 1162 6851
121 503 491
78 680 2397
1061 714 8040
254 288 12586
1097 602 14406
174 1041 13113
312 802 5311
3 1239 16376
857 494 15955
31 1074 20684
1006 1194 13372
1103 618 6932
1199 1025 2440
540 626 15867
75 389 7656
1225 1242 17586
1124 220 9788
837 222 19854
940 426 23026
774 456 16006
437 808 17401
1282 578 8481
141 443 17006
1046 329 19469
252 1083 8159
60 974 14274
907 764 17372
570 268 15960
818 554 22330
226 1327 5290
708 1111 3037
398 406 388
52 546 15413
730 938 1825
48 1190 3202
1113 1249 10969
74 169 6892
1268 85 4295
17 902 3879
1204 475 21952
180 1182 16858
1296 926 1969
1004 977 7902
1153 374 13409
978 1101 11378
551 227 1450
1098 301 1564
422 235 5834
693 931 3122
184 801 8791
1028 327 15515
317 969 2041
11 639 181
250 1139 19282
774 783 1152
501 680 616
823 444 8614
1314 212 11525
556 251 9635
699 1114 9953
664 809 10108
1157 1125 20796
562 1135 11412
291 731 13040
1073 852 11833
969 699 19005
412 189 6519
181 169 20271
838 724 17891
438 769 3255
839 779 6329
912 602 12623
621 1164 1126
969 801 10732
468 541 523
750 176 5210
378 1267 18582
1129 115 3195
106 299 11902
14 736 1158
1035 921 18759
878 1180 10222
1192 467 16591
654 782 7055
846 597 895
584 13 7274
1020 1070 3474
991 212 13783
477 318 3058
686 1011 4267
357 59 12042
127 936 13159
499 141 5079
47 794 7226
1076 986 9308
1312 236 23156
1071 602 13449
110 259 17698
1276 735 1847
754 767 7120
967 1124 13438
115 597 19469
1122 1095 6842
1263 489 15
199 231 17732
411 210 21510
635 627 8897
595 83 6489
113 25 9465
1282 778 6748
141 1091 22826
392 553 6460
244 341 14537
917 270 9320
1049 1148 5525
181 225 12059
202 859 4848
171 800 11052
1078 913 13107
734 208 14070
1157 1028 2887
716 86 14932
872 1010 1025
137 1273 5250
569 335 3838
1232 516 13758
118 64 3837
963 914 3198
557 658 13863
855 59 22360
1277 562 12475
124 1277 20979
855 163 5353
594 299 19106
1283 214 15586
1133 113 4865
527 230 8451
807 1193 4248
554 1096 22077
1212 618 17076
772 1241 19326
679 31 4986
698 233 3849
394 826 22790
708 122 1130
24 601 14392
1188 475 20309
402 1281 8055
1209 501 20026
688 1060 6989
224 498 14360
322 523 21692
1043 567 12922
593 307 20069
441 1015 17389
1182 1038 8718
703 240 7815
1133 641 10855
89 1197 13375
820 1231 5906
183 121 10806
106 1122 9557
86 178 7817
952 770 18598
4 557 6681
510 406 3323
964 455 13388
559 254 14334
102 342 2748
825 508 16378
621 690 2301
914 795 3175
396 228 8667
1124 526 6950
146 529 13155
209 385 20749
1310 16 13132
1316 574 18272
1310 22 13230
514 193 10371
295 813 16684
197 393 15534
1220 135 20954
1087 606 22531
1071 751 9341
279 307 14445
1224 283 7554
638 945 4496
957 269 16125
312 782 9148
827 424 20818
45 620 7259
58 506 1715
978 939 12000
1090 24 10047
397 302 18209
769 872 16474
1155 176 10570
129 480 22490
1138 791 656
1006 964 8111
1033 1008 488
800 1066 19968
702 57 20891
555 1147 17866
1159 890 8728
83 325 6565
622 147 8836
120 955 18491
538 759 9755
1085 1111 1011
69 811 16602
325 277 17736
433 325 2032
827 880 15706
1243 52 13420
628 135 17631
231 103 4898
9 222 18371
947 760 4528
8 1191 3508
33 1260 12797
1065 931 8659
1176 711 821
10 204 8944
671 113 4420
888 87 13117
96 317 12856
131 1006 21866
1120 619 649
881 1306 4188
420 685 17260
116 416 1698
89 938 802
386 295 19790
256 312 14541
830 1199 17116
886 1294 10745
391 91 12278
797 1210 1198
630 105 18606
1000 524 18846
643 640 2848
1216 75 4018
514 460 16729
694 62 17679
987 891 20641
714 1123 11899
757 860 12023
1152 324 732
179 953 13544
511 619 7302
875 608 10475
322 490 8387
53 350 1859
758 1044 15507
441 44 7084
1322 757 13039
177 860 7576
1136 25 12558
639 883 12962
925 741 20988
