50 50
11 41 10 40
28 13 23 18
25 14 28 10
50 29 47 30
18 35 17 33
40 44 44 42
7 26 3 30
1 21 3 23
19 14 14 12
44 49 45 45
41 47 45 44
47 43 45 47
17 49 18 48
23 47 22 45
20 12 22 17
1 19 2 16
45 18 43 13
33 41 31 40
37 13 32 9
43 12 46 17
20 45 21 49
28 39 29 36
16 4 19 5
33 5 30 9
43 47 42 42
34 12 36 13
43 50 38 47
21 19 25 17
23 25 18 22
35 47 32 48
34 12 37 10
20 40 17 45
40 46 38 45
46 33 45 34
29 15 34 17
21 1 16 4
40 50 38 48
31 14 27 16
32 3 34 1
16 20 19 16
40 22 35 24
28 11 33 14
3 10 4 8
49 17 47 15
6 42 5 37
45 22 46 25
17 14 12 10
22 10 18 6
32 11 36 13
20 35 19 40
