50 1000000000
60550652 810523030 60607705 816505649
792655551 763855106 783322257 753561539
853930741 948283858 840208783 935308607
69055867 285868897 70888396 274505769
121520672 447045417 108923059 439293071
546787572 232188294 541759810 223675142
450848437 666575950 445223990 670874963
108387527 112728467 106759011 125771735
319391919 743127647 329366818 751221465
768454184 911382493 774687697 903747122
219273534 544359423 226784365 540003616
71276892 61680773 68112221 72183984
545345446 395742542 557666023 396645223
196749861 111152529 196934230 103086678
842789744 282332414 853867419 278637002
534046619 176618476 545770462 180509823
213674322 135270031 204114957 138098178
2271136 250506808 644210 257764557
28196169 362081221 41324993 365689778
401317032 39178476 406212859 44703239
987717219 730359267 983552653 720923302
799267907 311365386 794614736 298636785
239704851 969233175 253448504 964857255
245711081 21021439 246632719 26234692
57423556 969741015 58362071 981620417
533062458 277382054 538034643 264608345
636999459 922534250 644642369 930597509
831341716 16142339 825007326 28759460
169375049 647005086 159416511 648109197
908875202 177915390 907266809 185920626
805979796 608731043 804446116 595709727
688112981 537848621 700115732 524847982
17085210 906541445 5511608 897974624
161681968 957409539 150544566 956863756
624554133 24753871 633010116 19736504
77167659 811678607 71668735 802922074
535661248 267977273 535551336 257336581
382534455 278798220 381456766 271600413
394267854 419233241 388161313 426195384
100790662 619747946 105488529 630893424
406890201 595917536 401912001 598867119
55751206 460421352 58032965 454513631
206413668 432318000 200485436 433984022
129909124 200816641 137851080 202042729
896493978 617260612 905044046 613125361
868695733 671595983 876805775 659821135
539540744 117868295 542204367 115836965
665406463 302489852 665683005 297077978
562779696 549360047 568593496 539510964
281918357 301499777 282450025 307242187
