1000
1 2
1 3
1 4
4 5
4 6
2 7
6 8
1 9
3 10
8 11
11 12
7 13
4 14
7 15
15 16
11 17
5 18
7 19
2 20
19 21
11 22
9 23
13 24
1 25
2 26
4 27
1 28
9 29
28 30
3 31
9 32
22 33
23 34
23 35
6 36
18 37
11 38
30 39
33 40
1 41
34 42
40 43
16 44
11 45
9 46
21 47
28 48
23 49
4 50
23 51
21 52
8 53
11 54
1 55
1 56
12 57
37 58
31 59
17 60
43 61
47 62
58 63
45 64
21 65
49 66
6 67
56 68
49 69
47 70
4 71
48 72
7 73
64 74
50 75
44 76
47 77
31 78
34 79
26 80
72 81
28 82
69 83
5 84
66 85
85 86
72 87
69 88
84 89
66 90
45 91
62 92
91 93
87 94
93 95
33 96
40 97
64 98
9 99
89 100
22 101
6 102
83 103
25 104
66 105
39 106
97 107
64 108
65 109
99 110
11 111
37 112
78 113
83 114
6 115
90 116
53 117
23 118
49 119
49 120
33 121
4 122
103 123
109 124
19 125
46 126
65 127
95 128
17 129
14 130
50 131
16 132
36 133
26 134
40 135
85 136
58 137
111 138
57 139
35 140
1 141
58 142
123 143
80 144
137 145
118 146
17 147
100 148
54 149
144 150
133 151
96 152
60 153
2 154
75 155
31 156
69 157
7 158
113 159
150 160
47 161
146 162
139 163
80 164
55 165
19 166
143 167
60 168
55 169
103 170
2 171
89 172
45 173
41 174
1 175
47 176
42 177
20 178
146 179
70 180
168 181
180 182
96 183
137 184
60 185
49 186
39 187
148 188
140 189
167 190
118 191
64 192
34 193
94 194
136 195
168 196
176 197
172 198
128 199
117 200
42 201
110 202
99 203
133 204
139 205
62 206
64 207
86 208
192 209
89 210
169 211
200 212
131 213
69 214
79 215
117 216
57 217
205 218
208 219
105 220
89 221
173 222
89 223
215 224
171 225
153 226
115 227
221 228
73 229
188 230
176 231
161 232
82 233
145 234
210 235
148 236
66 237
104 238
189 239
174 240
43 241
209 242
217 243
52 244
151 245
168 246
235 247
225 248
228 249
143 250
53 251
147 252
138 253
253 254
135 255
33 256
137 257
211 258
120 259
240 260
196 261
224 262
164 263
239 264
119 265
65 266
245 267
194 268
210 269
90 270
232 271
211 272
139 273
232 274
215 275
93 276
65 277
203 278
242 279
150 280
75 281
1 282
4 283
120 284
261 285
232 286
237 287
245 288
252 289
286 290
170 291
55 292
28 293
249 294
96 295
158 296
65 297
4 298
194 299
2 300
167 301
181 302
172 303
147 304
49 305
100 306
195 307
303 308
111 309
191 310
208 311
198 312
280 313
93 314
193 315
106 316
41 317
61 318
39 319
1 320
132 321
222 322
27 323
37 324
190 325
54 326
70 327
152 328
65 329
225 330
171 331
38 332
278 333
112 334
103 335
249 336
60 337
119 338
145 339
251 340
195 341
162 342
323 343
54 344
106 345
95 346
187 347
92 348
95 349
281 350
53 351
80 352
97 353
254 354
351 355
29 356
292 357
151 358
243 359
228 360
205 361
247 362
194 363
152 364
318 365
71 366
61 367
257 368
12 369
226 370
104 371
354 372
265 373
268 374
80 375
224 376
202 377
368 378
113 379
281 380
309 381
234 382
274 383
277 384
340 385
46 386
317 387
284 388
324 389
82 390
246 391
161 392
384 393
202 394
26 395
160 396
299 397
58 398
325 399
294 400
129 401
29 402
58 403
22 404
267 405
67 406
360 407
118 408
63 409
234 410
117 411
352 412
1 413
374 414
152 415
259 416
284 417
295 418
204 419
140 420
289 421
292 422
149 423
116 424
247 425
220 426
77 427
94 428
186 429
61 430
428 431
69 432
60 433
375 434
380 435
318 436
111 437
37 438
415 439
196 440
65 441
96 442
89 443
302 444
306 445
331 446
282 447
336 448
121 449
160 450
346 451
424 452
288 453
289 454
166 455
236 456
275 457
73 458
310 459
33 460
26 461
52 462
268 463
80 464
284 465
182 466
33 467
191 468
368 469
381 470
338 471
404 472
272 473
386 474
361 475
393 476
72 477
16 478
313 479
285 480
76 481
316 482
136 483
292 484
344 485
244 486
140 487
322 488
277 489
246 490
34 491
220 492
7 493
452 494
64 495
229 496
49 497
263 498
285 499
196 500
2 501
112 502
220 503
30 504
340 505
192 506
205 507
391 508
292 509
305 510
163 511
345 512
372 513
131 514
419 515
446 516
153 517
451 518
210 519
443 520
60 521
294 522
137 523
38 524
369 525
7 526
174 527
491 528
379 529
229 530
380 531
294 532
174 533
221 534
219 535
331 536
214 537
536 538
181 539
9 540
401 541
300 542
386 543
293 544
113 545
454 546
166 547
140 548
311 549
38 550
502 551
469 552
369 553
221 554
13 555
526 556
228 557
409 558
244 559
233 560
363 561
41 562
17 563
358 564
507 565
301 566
461 567
159 568
45 569
314 570
6 571
257 572
83 573
355 574
543 575
256 576
67 577
344 578
348 579
124 580
86 581
250 582
522 583
325 584
346 585
336 586
342 587
471 588
197 589
243 590
457 591
168 592
208 593
272 594
247 595
232 596
521 597
25 598
518 599
214 600
497 601
561 602
98 603
340 604
570 605
230 606
268 607
86 608
234 609
194 610
470 611
585 612
27 613
443 614
493 615
157 616
289 617
221 618
471 619
535 620
63 621
584 622
150 623
560 624
90 625
482 626
618 627
396 628
228 629
595 630
199 631
156 632
90 633
238 634
349 635
200 636
447 637
278 638
149 639
53 640
487 641
159 642
536 643
54 644
605 645
538 646
316 647
531 648
477 649
597 650
347 651
634 652
306 653
562 654
155 655
429 656
10 657
396 658
300 659
441 660
201 661
504 662
561 663
5 664
417 665
639 666
552 667
463 668
497 669
152 670
470 671
338 672
345 673
357 674
419 675
44 676
132 677
673 678
177 679
364 680
110 681
148 682
205 683
52 684
471 685
203 686
610 687
415 688
350 689
196 690
470 691
546 692
310 693
654 694
242 695
270 696
421 697
562 698
640 699
81 700
352 701
516 702
383 703
18 704
480 705
456 706
205 707
218 708
432 709
398 710
34 711
394 712
445 713
317 714
169 715
2 716
228 717
101 718
527 719
211 720
536 721
714 722
303 723
603 724
373 725
13 726
455 727
531 728
238 729
546 730
81 731
119 732
328 733
200 734
16 735
541 736
381 737
445 738
23 739
253 740
254 741
134 742
54 743
266 744
473 745
403 746
329 747
76 748
203 749
722 750
718 751
456 752
423 753
751 754
445 755
373 756
54 757
618 758
247 759
357 760
637 761
335 762
287 763
549 764
138 765
418 766
4 767
157 768
175 769
98 770
717 771
695 772
573 773
340 774
492 775
289 776
698 777
348 778
468 779
480 780
168 781
769 782
143 783
35 784
364 785
529 786
622 787
30 788
747 789
270 790
600 791
720 792
464 793
190 794
279 795
95 796
201 797
30 798
594 799
575 800
630 801
353 802
303 803
335 804
717 805
81 806
358 807
106 808
40 809
48 810
194 811
183 812
569 813
324 814
103 815
211 816
645 817
734 818
507 819
541 820
726 821
701 822
282 823
56 824
705 825
573 826
4 827
238 828
617 829
607 830
250 831
675 832
402 833
156 834
670 835
523 836
102 837
577 838
32 839
89 840
420 841
9 842
622 843
481 844
456 845
35 846
354 847
538 848
148 849
167 850
144 851
219 852
782 853
359 854
445 855
494 856
680 857
625 858
422 859
244 860
590 861
798 862
280 863
711 864
547 865
366 866
475 867
84 868
597 869
784 870
477 871
686 872
653 873
863 874
480 875
227 876
672 877
85 878
808 879
40 880
280 881
494 882
876 883
472 884
27 885
270 886
12 887
705 888
291 889
444 890
481 891
92 892
689 893
121 894
763 895
295 896
842 897
735 898
587 899
771 900
281 901
14 902
594 903
230 904
323 905
340 906
176 907
629 908
689 909
392 910
660 911
149 912
626 913
6 914
4 915
25 916
622 917
625 918
440 919
617 920
36 921
554 922
612 923
93 924
797 925
764 926
861 927
600 928
166 929
77 930
46 931
315 932
338 933
356 934
415 935
122 936
606 937
399 938
468 939
511 940
428 941
93 942
709 943
317 944
320 945
496 946
166 947
756 948
830 949
215 950
259 951
750 952
530 953
372 954
872 955
627 956
638 957
951 958
627 959
133 960
216 961
61 962
106 963
429 964
81 965
660 966
352 967
451 968
591 969
818 970
714 971
830 972
611 973
443 974
865 975
434 976
36 977
597 978
874 979
637 980
651 981
259 982
642 983
545 984
533 985
431 986
315 987
88 988
844 989
620 990
160 991
241 992
382 993
243 994
989 995
560 996
296 997
393 998
528 999
128 1000
127 18
920 1
129 59
535 61
709 72836
10 95
314 1
370 263727
635 28586
13 242543
921 84
752 1
246 42556
97 1
690 42
458 1
23 1
891 1
963 69
664 96
46 395589
344 1
421 69
688 179603
669 46
488 80
748 1
997 1
762 1
832 225659
386 44
332 1
323 116030
465 252901
383 306264
693 217788
144 51
859 45
699 39
884 1
483 125029
955 34
788 76
855 1
403 1
850 78
866 64
164 62
931 232829
260 16
504 228518
161 1
387 200534
457 104303
525 1
390 57
472 20
204 158316
294 1
628 10
599 71
303 1
79 76
100 84
871 1
764 1
64 9283
533 1
845 29
492 169245
234 1
724 73
880 312242
65 1
12 267276
574 96
440 362179
580 14786
351 83249
961 1
328 226634
668 87
208 1
654 1
415 270786
956 6
953 1
972 87
486 353941
402 89
737 84
145 57031
9 370610
141 305268
897 1
51 203062
807 1
138 1
766 73
232 299958
354 1
991 211965
647 79
906 1
163 63
532 26
395 32
227 130488
804 22
319 65
604 1
122 90
937 1
382 91428
84 13
426 1
279 202952
259 292992
637 68
869 267147
160 346855
923 65054
90 96
401 213808
641 326938
907 1
943 40
560 342069
230 205994
315 375041
975 325521
70 1
727 290056
106 1
514 33
331 1
611 136345
720 1
719 69
388 1
418 300818
928 21
56 1
528 107831
515 287579
237 24
224 23
595 75
915 231551
946 173956
42 33
470 1
473 369874
379 72
697 75015
461 1
548 51441
731 1
104 1
749 33
265 1
529 64815
674 1
225 1
512 207356
501 31242
648 65
901 1
723 10176
770 66
676 309665
173 1
446 1
74 85971
957 1
700 86545
239 173056
468 1
310 99
169 362925
544 69
393 1
362 1
447 1
15 1
135 73358
831 73178
444 131793
18 47
363 265627
121 156196
350 334315
213 1
304 24639
284 1
564 51
366 173758
546 88304
220 56
571 78
822 1
165 11
438 382425
744 22
190 6
342 69100
359 272102
296 368122
281 12791
934 32
111 58
808 360541
537 1
182 45
974 98
337 48882
166 1
11 297334
238 4704
547 88
519 1
617 1
236 1
814 1
207 15926
948 96239
789 1
899 1
707 54
140 1
594 82149
566 27
565 1
787 311941
360 380974
625 73
339 5
497 69
926 80491
380 1
810 35
851 1
115 292089
285 134621
830 1
998 91
391 266819
1000 367983
196 97
950 76
270 162062
29 49064
715 108412
522 78
194 30
952 1
986 1
69 10
904 59
678 66
911 55
939 1
82 298037
420 294164
372 51
274 1
3 62
153 71
743 1
552 48
98 40
801 13
347 8
2 95
241 71
978 292219
34 209651
902 1
400 316027
989 338674
771 1
212 278922
8 215404
349 1
186 378307
867 25
857 213991
83 397553
888 11
378 1
413 217456
878 348504
993 1
785 154606
41 282169
802 361670
542 1
357 69
856 85
994 19087
68 196719
624 185411
696 1
765 1
316 76
459 1
865 385060
623 303399
730 32156
162 298554
417 164918
494 1
896 276120
172 1
970 55
827 28
559 278126
329 115358
962 46
650 33327
394 49382
672 97
684 1
653 77
156 216584
614 1
450 1
410 89
107 259600
524 261026
114 1
996 1
307 88
708 1
636 48608
610 42
419 1
616 1
798 1
177 1
918 73
666 139985
325 57
31 315147
930 160543
603 53
929 1
209 130802
705 335800
462 19
545 2
341 388170
427 89
940 17
596 65
442 34
890 1
887 72352
201 83
407 86
663 65
875 329552
102 1
649 53
840 1
949 99
909 11
601 375742
598 1
912 63
301 83
662 1
714 4149
575 81
620 1
455 3
195 51
584 1
385 91
131 1
221 54456
353 71
189 1
203 310129
480 47
682 3
276 15
774 1
651 1
371 18114
66 4
572 105823
184 1
927 32477
854 81
39 1
760 65011
933 19148
346 393668
7 1
479 27
755 62
428 99
218 8
63 81
333 2
396 34
819 62
133 1
228 1
433 121811
16 99
435 11
126 316872
490 249464
52 228711
750 76
502 132994
193 57
679 1
729 1
656 204284
914 1
436 78
262 2
786 188085
593 43
761 275008
373 130407
113 26
187 1
778 68469
618 193950
843 398000
820 134951
477 6
231 90265
638 1
582 1
1 15
806 1
475 1
577 1
264 85
151 1
894 378232
527 18451
340 97
938 84
898 20713
180 301842
215 398068
553 1
612 1
58 1
944 1
829 336809
24 39
381 358859
932 1
513 319392
185 38
569 1
112 76
256 1
951 2
251 228697
619 1
606 97
292 1
881 1
326 16
336 202255
255 1
27 11
158 1
713 33
916 1
146 1
175 383947
725 1
148 61
825 1
95 31
698 258101
300 9
356 57
900 96
947 75
170 216086
425 1
799 1
570 1
376 46
134 83
6 59
266 66
268 37
397 1
861 53157
116 90061
47 309974
152 44
49 1
324 1
288 317471
345 1
516 82
298 1
607 1
990 1
790 337021
853 1
76 207743
244 82
626 1
306 42
722 29
834 1
496 15222
683 357257
889 288433
833 1
506 298149
985 275714
717 142109
639 1
736 72
28 1
879 5
988 13
539 259596
721 9
849 1
704 36129
540 145603
147 18
702 1
149 1
917 91
86 84163
143 1
432 15
589 302211
511 249982
437 65
757 254554
358 1
852 48596
815 106397
508 75
706 136207
257 1
964 1
670 59724
812 254530
905 1
759 37
811 1
249 23
454 129431
965 1
753 87
941 1
772 1
179 21
558 1
740 237195
821 63841
873 31702
732 377955
59 6
982 171909
43 86
261 228761
202 1
214 30877
530 398613
374 92
405 350825
858 85
677 1
691 1
835 96024
117 1
482 1
792 94
592 50
38 34
615 152795
992 1
302 96
198 245784
327 21
206 86
776 1
870 1
816 93
935 157396
14 273119
498 70
439 1
585 304372
903 36
893 54
409 1
818 10
841 324675
745 55
839 233403
959 1
60 260127
211 9
136 323547
45 1
434 389232
105 1
980 86
784 36
643 1
297 94
55 1
361 36
608 64
733 379177
399 61455
500 197690
562 1
375 261804
192 172476
538 394201
505 1
216 322769
178 41
751 1
925 51
868 69
541 21
36 90
247 79
979 54
971 29
892 84176
602 5
958 1
739 1
758 1
94 44
132 21
828 200170
258 15
556 209732
746 82
567 82841
673 246405
19 260617
987 370738
726 1
96 1
57 1
966 12
71 38
999 1
692 1
78 1
183 252766
735 75337
780 2
838 205012
250 2
456 1
72 1
591 1
229 24
557 1
631 57564
640 334297
813 1
768 53
277 1
430 48
263 1
605 36
269 1
463 222047
293 1
322 42
769 48
561 1
495 1
842 81
478 198049
75 87
35 88
587 1
521 1
448 15
460 48
384 1
969 1
551 53715
200 1
25 158206
176 378317
423 86326
87 93
543 1
568 52
487 32
40 134618
142 19
716 88170
290 1
817 1
826 1
973 1
795 74537
299 284345
711 236706
364 352647
803 8
445 1
466 99
805 1
280 1
977 9
312 94209
622 66
675 30
796 9
85 290361
338 1
32 95
355 1
613 1
563 215691
181 132445
509 245170
125 250953
777 1
197 298839
576 83
50 9
747 74
44 393200
579 352875
80 3
22 21069
686 92
108 289489
645 1
474 61
252 351036
188 63
219 16
712 72
573 8
150 76
20 79
689 30
983 86
800 278042
590 325077
809 1
701 54657
634 26
793 74
597 1
139 23
981 15
88 290010
847 172954
844 23
621 1
240 301364
588 1
481 85411
882 250501
885 130988
484 98
685 26
738 97
794 56
633 1
334 1
167 384382
924 340484
661 1
908 335977
646 308124
954 17
286 1
775 91
37 65
995 86037
960 15
53 333023
271 1
416 1
763 1
210 90
305 1
389 169221
665 143047
308 1
644 65
441 31
67 68107
627 53
223 46
26 1
642 391524
406 63206
311 1
555 1
886 310371
710 18
531 1
872 40
860 1
503 1
945 218793
680 159042
377 40
159 60
657 47536
469 48
600 1
118 78
695 1
17 1
199 341971
254 1
520 293251
295 28
876 381506
4 19
797 1
517 1
507 1
89 1
471 19780
429 1
581 1
652 60
718 1
824 1
862 36
773 215505
128 1
287 321941
61 1
976 334182
728 76
967 45
550 96
895 78
694 1
226 108352
836 377535
368 1
155 1
453 9
414 94
518 284749
137 1
756 43
123 374303
476 135436
62 39259
578 1
191 18
272 60572
253 1
283 32
404 1
536 20
174 1
823 159748
837 1
942 331216
452 64
48 1
783 73
369 71
734 1
335 341475
33 72
313 321798
549 32
242 41776
779 65
632 1
343 80
687 1
101 99
863 368657
742 11
233 40
157 1
703 1
412 1
883 1
491 104259
109 1
222 9
275 77
424 1
243 1
451 6
248 98
321 65
81 19
534 1
846 1
554 1
54 1
629 1
99 86
671 1
92 1
124 1
781 29
77 41
791 294943
235 74
659 1
30 1
583 148237
398 1
411 101938
119 163758
282 1
21 83229
864 88
968 1
245 47
936 1
848 110469
464 1
392 137279
681 33
267 67
273 40
467 1
103 28
289 1
667 18
278 1
449 40
874 177205
586 57
367 1
330 340338
168 1
217 95550
318 151909
523 1
317 108181
526 10
73 1
348 67504
93 204363
408 208782
658 141977
171 99
919 88
922 220267
443 28
309 1
320 45552
365 99
5 35
984 388918
110 48
91 41
609 234668
485 1
877 38
782 1
660 1
510 1
291 94
655 96
913 52
352 1
489 222234
120 1
767 90
754 68614
499 1
154 118124
130 14
431 40
910 63
741 157792
630 7
493 1
205 1
422 32917
