20
5
828933961 606007739 65217376 152976705 787575295
5
386424614 694960288 307015387 812933760 4340226
10
469256786 605995540 910094070 883398465 403109560 116916884 464445646 845309439 440790979 764490124
10
544894459 451115609 112380881 694029402 849441816 241873291 467904682 269604940 578430554 479470897
15
696864323 579230409 203644991 661654655 3968923 132750526 486696622 107618764 363994604 538165293 838650272 130018748 200737600 160619342 55940107
15
25307633 516499938 789569493 429332718 714376260 261938503 142119745 899747004 414231286 369835486 49371306 757539561 680589059 883029582 85052405
20
658767056 106792927 747434327 694509678 817379594 455408244 498998118 225322401 84422116 774166598 184859837 654284378 41449481 943031406 210307993 25028436 472079497 349209439 290213639 307122502
20
364092709 820331548 700319172 19200893 740794877 68408571 873897788 535768325 717636275 103178345 224885803 395929102 495771397 113407274 248555114 541451846 178295874 78585496 448096221 539347070
25
198799267 626504581 34758616 660270932 101780715 97438862 987178580 866243741 725705818 774739517 464835463 896925525 253951680 181876225 603718788 736485719 14818791 669212398 596169128 669880202 695203552 219230858 880119464 51197229 609211142
25
663809664 834512982 32437345 163698819 605822468 241858230 686349152 918634304 99792263 295133090 957324659 87718477 645083839 842551648 293610091 762200640 196621107 727316474 191878798 917583927 690130024 974789146 751056357 392334667 925145312
30
694941577 21303459 296057081 85377157 426008811 514740440 839480547 516429401 183436601 732860909 696371722 822973321 962388574 132034949 985917182 212257543 407520240 358567606 860851009 793583380 293746602 496833915 484317905 900279129 701588463 434407830 295130126 358931869 168495148 347056909
30
396583272 779257016 231822945 340705431 530646744 32540724 355395090 47537893 935672614 109847858 490441141 250038786 299390061 625883988 786478819 671347612 155089811 246961269 360224513 792228971 469759895 74319336 558908168 62240838 146047660 919188566 986132242 789467605 122311731 849502499
35
497906055 227215330 146824031 545119579 125154903 763712044 449711408 665816230 671290251 575714994 916841658 824666211 239165188 98377649 772981073 951581489 491096457 772576745 780733871 951670975 133300571 751960332 57909865 770799877 238128690 996329546 237657342 115972109 710956232 568534503 187509557 835820177 117423350 402654548 760752349
35
86959145 239780476 269718374 560414938 163097971 561924117 856193757 808763316 52232538 271920402 271445418 36358445 197337048 757459826 281541697 758086132 508301463 556912753 937940388 865181807 299184944 206625563 101258073 194579590 214446909 521046462 180608227 7449014 534406093 351278991 284548718 17081959 217574593 411122028 34180567
40
688640733 815950798 209922236 726603121 490869903 39103321 243017150 465918910 788966895 986764168 874977384 436411404 441701013 859437407 518610432 470643343 545668861 70219711 507904067 133279176 855756458 800439574 718604426 147714039 861045753 634152976 52470176 29955479 326873392 486806274 418229117 811568130 731019661 404560738 511207772 24946060 965989046 294086871 901544744 306679051
40
267081533 544426810 252704417 695966810 876692938 37472229 666097674 372587997 253196239 428059606 704770124 899610146 994168824 838566344 840563466 218053432 724166930 107105225 79333867 163172786 595384950 778611883 205354249 658348896 218209778 254394423 205043831 57106122 141966825 951415847 889327337 114609700 332309179 567986679 954260119 92805525 556572595 742313278 600725396 828192274
45
542949982 234162459 659419263 738521405 887760551 968925468 872886690 608633107 92075741 375961504 38426962 450881786 397429684 475600010 845287696 564751360 454330353 532024914 564657845 305667429 734536225 628418626 808508531 656356229 680029232 253006172 57719127 135555989 323571453 546981028 572133887 34134124 46934771 632923100 76242694 157276835 157478382 813987258 974311299 624607382 987484214 114700315 787904120 799543250 993290569
45
222417936 972720931 453043903 900612889 591011534 893416687 436230890 640285730 176212009 225830733 344823715 129343711 342696496 786298015 524608827 342837807 186857209 135271316 205233518 812558130 880430683 720379227 765541748 148174549 485630413 233670243 260311269 326573952 786295337 343061205 284582644 774978850 259769829 930350609 8318469 734583436 752752192 362412127 248948881 672273947 720473801 410616786 904886401 752065852 77985324
50
656159757 109982609 573430977 989190540 375903795 869084966 488992347 369997719 918729234 839563713 585960128 929424366 586551667 32024622 244992317 754951103 859708321 766516298 801816416 26006630 128068398 804698682 95233054 26609574 166129271 177556798 622594772 21010652 755253438 879582313 567055926 540083697 978283894 18506115 218278056 631090755 554711278 610915549 802035926 229393033 771421770 206589858 48790733 197394856 832086519 151478983 474809222 730275895 203649599 257512163
50
984764974 99058829 145397030 645059195 23130530 325076013 693189603 791704338 548183354 433777786 235325266 59432944 992007847 75539233 691912994 329519548 766630140 334845997 415085050 517475691 810988070 795897462 428607453 317918569 911613678 618393759 58295412 744982297 808481907 729300435 211778330 485637594 150287107 682630427 796820489 291807601 861836410 431445106 650133844 718497901 204774165 482130289 982723635 462430092 408900817 314684464 198591501 46582650 231531897 98234045
