200
446981149206672878
156013890561631512
512148984637180339
576149115983227743
601249892478669856
936817189397493963
199403168971651848
378426450595502029
169514557374057404
394879224362380818
637243536334246039
499340277711887953
534573671137649619
896872952085262607
757027073734068366
693139960207483469
425762860139488675
231225552292564997
726733718050783060
31792376348353202
52139117096623711
661622302249346149
57251312077791815
177573533571305241
612717031528478154
916184608710288142
752384756929789665
925054565823648032
149370068000498105
169179864907223200
290831479081518942
348942495794919614
378599518623661685
988475687974781512
824073660321085134
786591309568758122
848936371202970835
985162834871392357
62033481660124527
645554464953735663
295658503625569135
581949375086102538
811818650516105242
276737425249775843
765624746754152891
107230752264302029
280486948851623560
858237727907769758
826061268562093865
787508766831739242
796220730337888715
823679871917683108
636311068260810259
617228859474767629
309556416977693039
21926268320121036
383746875715280037
639368958467959786
330655706564925840
71595530747796594
109200255031675566
344635666821760261
427329249434480041
884941149953153990
967353470896617877
724393712007780724
98973825407396650
507290231020894193
618842532578930794
459148959117576787
464897457798357454
784647323611849740
22879249989305767
406093638519885774
904597377143126805
891998184222150168
459295672234539063
940678052529398222
643047949517332050
116183403237631979
145269784900318751
689021268725606019
636601579465728530
801201622980003900
183342245248608888
79833915713831571
136278334860024136
892162843328335514
146137572775999279
556984994308122738
121686603571051893
941328975174035370
111257869043779604
28516086863897772
497559020794556311
584247515935865222
664495261260250416
456214966308795048
301529310106706221
259831557715448630
39787904011344834
164851665278175835
243326447169212279
890400608987859849
270987211726027406
424698325676215260
886092107578863009
96915289982001936
586678566377684767
898342595301102273
565853322935826814
922667924868529557
993609537991424906
887782185079407780
306510946236137321
599250077681431618
819865029552907926
799243130106559749
677134164808562576
751164080944016335
706047142401991761
42721657687270794
297794629968406735
401243005054774396
440547560580752008
668251876639392091
555475797562068590
859143147870794504
626817200976746711
72658512750653691
977594600634306216
104035611265512037
370105393782391689
94484681743278971
501952265211531504
955199964861732040
604091648491583943
368987676274142966
307836285302932127
678958161686630541
981397954699743846
257174724313446553
328608216188837004
517131054583774378
48257863161650581
745574434300620234
697203629909187035
730739623528362211
451517872461299249
320630729431756514
649434238730071889
7800882783251918
70260712310952772
560099541173292777
221786850070352819
571136923276850558
195746216040786638
865761206858466169
749398921590019405
391667579113923261
516663890363280654
271869334284054874
630962979143324594
441182337242349141
337802971250981174
198309685841698690
9406259341797812
624398264749295944
274433392149957638
888411790722458311
445618493858836520
850433774078227856
317209065257753449
729080494511770548
378541813159495527
618023778761370992
538447682405381538
97741253781355091
908186114450926643
125230044215363668
442450412685131791
470071627450369888
949427539359059011
630953455780355029
942589096735839408
313990371527447024
183796752962230016
25223570523169796
63712891868117032
43437712725416575
575932055498674765
889856031871303513
370031492164879541
589008161646519693
216663401974769726
124857440968138348
651235329896330428
322153636889450479
969184850134212135
356558578901918234
