100
423653552
905107119
184972198
892866577
21570763
972906572
851549622
593151526
543621809
301364521
479272681
2818060
657011616
496388863
900952215
355664903
879325304
535811458
774844712
201129635
107231130
766281070
41309509
387682565
253099843
59381280
594982825
981268203
982677593
407012926
848389381
492401711
421761151
964448433
853037827
933347063
524945394
140672787
97593851
531720745
323217279
126977342
414784823
944660226
300388242
897277700
203695445
21956628
852181032
505131916
484169789
246913894
721987700
793450165
116570565
804210937
758880969
928043022
682068852
108464291
644824275
73075263
172132116
668087545
975969418
806907826
690960933
517108166
890414197
15136111
258073274
281903461
46603446
492488344
75196817
339474262
936547504
891863468
999655998
300857586
904812494
796984997
191196844
544918702
71305226
444060500
648951652
227490809
682224134
925065446
292318128
519264164
869159846
516194625
335428235
309034310
839087111
682939952
77685731
648303719
