1321140888
1169468989
1749718160
1880322007
1997161391
2221091326
2339978736
2710322391
2977599834
2704638467
2910493129
3139763495
2474497088
2357011800
2471941115
2338278141
2090285047
2231065907
1965973994
2165254727
2271852278
2375649903
2511790169
2379818011
2584400191
3136933303
3924501707
4151902151
4081295490
3303139005
3136933303
3223424718
3597985698
3647483054
3966051774
4311396153
4064152270
4070103540
4532810329
5070422233
5337891876
5159628925
5303599195
5776150216
5159628925
5263419708
5776972548
6097504781
5979969682
5979969682
5911906074
6097504781
6054058565
5593473674
5426763358
5070422233
4944308481
4924732067
4562324995
4534092861
4311396153
3897310505
3802885673
3597985698
3212325110
3255923588
3446795496
3030232766
3576828675
3743497947
3973343323
4243124944
4367464961
4401101281
4843176110
5035299908
6856528529
6911864707
6823770056
7035894950
7603692655
7643848556
7603692655
6846020807
7082527272
7123692463
5937861245
5186883932
4984274966
4963676950
4954105079
4724259703
4557590431
4527568797
4232987390
4133244911
3929000151
4651860446
4668363034
4941420168
5856580279
6055289301
5964845714
5966010247
4511746008
3949291569
3940076040
3929000151
3655624612
3661233704
3194968111
3833989147
3970288525
4033770738
5058391396
5321153200
5047138976
5076185106
5164422149
6101975702
6273701614
6009079118
5968222682
5903160225
5719397341
5185483136
4587583918
4616237008
4545264119
5373933678
5437122577
5786441949
6718918339
6867118855
7383369594
7858877943
8132217998
8257614660
7925388993
8147355967
7838700718
7203932332
7130352444
6878202442
6661558935
6025984962
5722671310
5614322489
5367458424
5039760016
4857547151
4578821804
3818239540
3744522903
3684706806
3598251000
3452210275
3680598026
4109731254
4963665729
5063431981
5670872713
6071849957
6162671517
6373357016
6519755520
6381849948
5978174115
5264888932
5262727039
5473331606
5114302033
5434546305
5521261207
5913796180
6044376499
6938431148
7298466461
7609022224
7839956784
7520526514
