950 1000 811
1 2 33349174
2 3 260111480
2 4 176370969
4 5 526072989
5 6 258608504
3 7 184972414
2 8 233924000
1 9 969624004
6 10 494108377
7 11 720893745
5 12 816309461
12 13 221318522
6 14 955222003
13 15 193614988
4 16 920509851
10 17 301807574
2 18 809118061
14 19 831674805
14 20 809388609
1 21 685484778
8 22 110398805
19 23 975718392
19 24 270123655
2 25 90252469
2 26 696116366
20 27 620458870
12 28 763378233
28 29 836024256
9 30 137037962
19 31 309619813
18 32 450550816
12 33 172693813
24 34 100732153
20 35 384554940
15 36 147364813
18 37 168594373
13 38 481268373
17 39 484186224
24 40 876872522
14 41 883903418
30 42 807680083
24 43 962701870
21 44 601370070
14 45 84644977
44 46 199620491
11 47 391970618
13 48 760210934
25 49 556671081
22 50 700857308
19 51 65830989
26 52 278140466
15 53 588035300
23 54 674969284
36 55 464570462
55 56 138273218
17 57 438355159
47 58 666113867
38 59 818441368
56 60 77656432
20 61 229577043
20 62 430673169
14 63 268351372
26 64 465638670
26 65 376168143
14 66 509071914
61 67 427343948
34 68 201701879
24 69 775531290
47 70 694551585
8 71 725015315
63 72 833641273
4 73 138678075
62 74 4696887
48 75 322439237
41 76 941736310
19 77 855178071
54 78 122136316
23 79 804732267
33 80 355921989
65 81 951314835
32 82 917536947
49 83 35468772
73 84 974930584
32 85 494280419
68 86 998712695
80 87 240735644
34 88 369358955
9 89 32977671
16 90 644283892
64 91 831444106
48 92 24887374
60 93 554056270
64 94 229501056
80 95 803899174
89 96 881363799
39 97 346502831
41 98 42037879
92 99 386950921
91 100 749956451
90 101 759108894
7 102 373990424
74 103 6247037
96 104 538623848
13 105 7631045
15 106 669567033
48 107 516430822
54 108 434139919
35 109 542684500
106 110 572575260
92 111 853264291
65 112 578403046
57 113 739303180
41 114 916905752
105 115 328100448
78 116 303016995
110 117 73447938
34 118 662899101
49 119 926734116
66 120 703830560
56 121 371426962
17 122 375008375
65 123 265554792
56 124 185375959
56 125 231874762
33 126 758928814
4 127 839014754
78 128 748152501
28 129 307562722
128 130 777419781
97 131 291427575
126 132 372595866
66 133 77239075
70 134 516023892
54 135 157583894
65 136 410213785
51 137 190700453
130 138 861004503
87 139 146895853
75 140 96668382
40 141 477291613
59 142 164850755
40 143 329102484
89 144 807212434
17 145 492077277
100 146 978811292
84 147 588752782
66 148 256157426
57 149 620772661
148 150 998810976
92 151 122479645
126 152 371847072
45 153 515437828
30 154 930127681
6 155 719282858
27 156 445114045
126 157 356918780
52 158 595406011
69 159 518590646
75 160 422332048
99 161 292565274
43 162 365656404
109 163 870710263
48 164 30809209
4 165 309735653
69 166 797571768
31 167 413216601
9 168 999554131
148 169 577911182
44 170 959774564
61 171 508297794
44 172 971449494
144 173 830614686
147 174 221235846
94 175 133823429
6 176 186924524
153 177 356957740
151 178 475632692
113 179 625958636
42 180 921809260
161 181 856528009
27 182 672059116
99 183 647443401
178 184 932248694
63 185 706277436
13 186 855386462
63 187 702239412
155 188 818251464
178 189 175308269
121 190 714430977
28 191 679031421
60 192 505269133
168 193 76939310
146 194 421447588
61 195 766446205
130 196 197979998
27 197 292915069
87 198 349204397
98 199 331280960
192 200 731914547
129 201 794871336
96 202 677476556
102 203 623772797
203 204 1650259
77 205 291933890
92 206 601351880
103 207 690298766
71 208 952823539
123 209 225702269
131 210 442519624
135 211 887806156
119 212 372138085
203 213 339626125
59 214 274251087
58 215 697446490
66 216 820765772
188 217 494794172
194 218 630641144
121 219 553662740
54 220 978159841
195 221 310107260
192 222 891775684
86 223 157512681
127 224 190731429
107 225 66368040
221 226 647679678
22 227 377212877
34 228 371143364
88 229 728957641
32 230 901975233
184 231 429325773
184 232 717334349
126 233 239430911
118 234 978488047
178 235 454290673
63 236 880359362
232 237 672297819
117 238 937526267
52 239 421212645
63 240 499351277
165 241 599226311
200 242 906189302
131 243 988861816
56 244 126642440
109 245 28763786
48 246 893256222
211 247 994384126
85 248 363436509
19 249 136511226
20 250 510293260
191 251 183818414
120 252 439499808
221 253 53609941
197 254 327261909
237 255 179213572
85 256 923271829
42 257 582727385
157 258 330667308
211 259 666423419
70 260 18593425
163 261 799544016
20 262 674045496
36 263 258412536
1 264 504170364
215 265 43288044
163 266 803691836
103 267 664354754
142 268 566228728
127 269 134419437
151 270 88616463
68 271 134672572
151 272 939769256
191 273 137801219
10 274 7863990
167 275 703610448
25 276 674471232
146 277 256036049
141 278 846005059
55 279 71554605
254 280 407915269
256 281 558245225
262 282 154177506
16 283 25015783
34 284 697908679
177 285 942852773
41 286 795667457
262 287 324358298
63 288 918200239
281 289 491943621
30 290 391958447
129 291 846850571
140 292 653786136
17 293 207341830
125 294 226926724
9 295 562899541
168 296 414616819
207 297 878708689
178 298 542676797
182 299 909982713
138 300 868249167
249 301 853207374
278 302 506344188
26 303 480551465
162 304 931944776
191 305 489304047
199 306 130776161
100 307 890016998
234 308 280357565
211 309 610979234
270 310 7808332
161 311 155558483
180 312 89708907
5 313 897531112
17 314 25365337
17 315 288747771
175 316 302838382
141 317 644500892
91 318 350799226
234 319 702107071
197 320 618918729
248 321 878171115
251 322 56756694
47 323 78397829
52 324 242945494
138 325 570578091
77 326 189623735
23 327 698586760
16 328 365342684
24 329 585599721
134 330 529754647
237 331 782714431
112 332 207064582
39 333 430368870
119 334 84671231
155 335 138144672
306 336 243334533
58 337 988678705
92 338 87405638
87 339 792542330
332 340 752591666
104 341 321554276
80 342 921655920
36 343 31009686
73 344 699411392
14 345 351279903
43 346 659998159
195 347 789662788
16 348 506073272
36 349 837324801
228 350 86291650
234 351 407823877
309 352 9906312
260 353 457840934
65 354 611684264
84 355 577552694
273 356 983654937
124 357 545820502
217 358 610160028
239 359 302067097
238 360 689378906
348 361 72827939
356 362 643980869
33 363 488107438
204 364 525352979
157 365 10605758
333 366 680783760
263 367 459140953
280 368 533624795
208 369 739052226
276 370 423037619
189 371 964270223
23 372 466469742
253 373 837630095
48 374 923084594
213 375 100451546
2 376 721512740
287 377 63955844
301 378 934992326
217 379 509403074
213 380 969800530
244 381 165830842
193 382 982960579
373 383 248009701
296 384 646728669
181 385 161548265
157 386 117122157
259 387 118135204
149 388 160830911
211 389 507188546
94 390 750060784
299 391 367667795
317 392 314506638
287 393 636679616
266 394 411831232
12 395 486787630
217 396 120543203
191 397 937956991
88 398 195069935
105 399 380282413
128 400 404498234
72 401 398724698
154 402 975045606
67 403 218260947
99 404 746837
242 405 371644714
401 406 417803620
34 407 620830154
325 408 974251580
312 409 395764272
328 410 152934205
178 411 440705145
400 412 673383665
363 413 966240402
46 414 114422986
58 415 727675471
387 416 777008223
130 417 576025261
396 418 149476591
136 419 934686826
380 420 764825107
293 421 840452319
100 422 652565111
313 423 904919744
355 424 351535344
222 425 373876841
382 426 298456360
400 427 531615052
354 428 723193549
25 429 13869412
82 430 8939695
339 431 648496892
197 432 652096202
123 433 641380104
384 434 507603035
176 435 940358129
411 436 837471769
143 437 985644033
371 438 464715840
239 439 569347982
193 440 68858462
267 441 701015613
219 442 895366864
327 443 831362319
190 444 196055285
408 445 338195756
420 446 873553013
170 447 179339014
86 448 554424752
268 449 362564138
244 450 670044162
396 451 387668541
358 452 650139178
316 453 935784539
295 454 254534519
308 455 510497999
138 456 923863713
419 457 23510929
271 458 57958599
406 459 681713757
132 460 88176887
403 461 959603015
73 462 727032943
318 463 740444038
72 464 288878701
375 465 726854117
58 466 722482301
377 467 65145958
106 468 292070213
365 469 567309387
230 470 808397661
351 471 68510291
211 472 40448073
9 473 786021810
405 474 11379869
124 475 147064906
2 476 272115546
25 477 662608276
227 478 876075884
302 479 379523905
250 480 946952539
161 481 97950715
50 482 103646594
92 483 926478107
383 484 956254371
235 485 994097891
402 486 368420739
331 487 234239134
271 488 878223604
164 489 598107451
37 490 506562867
193 491 687521611
188 492 987366168
290 493 918831775
259 494 629318965
306 495 72707343
423 496 270354602
126 497 737948028
299 498 483084490
318 499 962096632
293 500 807947952
13 501 889594449
449 502 584194243
372 503 489801712
257 504 762191336
470 505 905484356
471 506 482196105
58 507 691805391
387 508 715864129
429 509 197441927
263 510 937483770
69 511 188918842
511 512 389064481
357 513 714889846
19 514 792899293
333 515 314989858
372 516 202420391
464 517 973494093
286 518 16478903
294 519 833137776
461 520 702618649
72 521 503454192
169 522 239684724
141 523 975508619
106 524 258625516
358 525 258584139
105 526 258454297
345 527 865354549
198 528 656088588
156 529 473880820
180 530 868605940
98 531 873245411
118 532 864041033
305 533 113695993
53 534 567238524
195 535 211590759
349 536 180866911
61 537 700325554
411 538 766157654
146 539 166900252
311 540 284489505
472 541 793643841
498 542 667765346
185 543 55161055
428 544 640170836
59 545 175823693
458 546 297513527
118 547 106131354
345 548 586999994
12 549 338064054
369 550 790127619
549 551 414778971
92 552 4050806
73 553 858836604
497 554 37051554
332 555 496138413
433 556 398919450
535 557 276773810
249 558 923605734
447 559 733386134
66 560 987465265
123 561 309938283
210 562 520926364
153 563 710354967
7 564 898855967
370 565 767111408
283 566 837974472
531 567 279946992
136 568 715500711
471 569 82391567
192 570 481680930
497 571 875404079
20 572 20712524
377 573 439215465
115 574 950486874
143 575 505446090
548 576 985982965
146 577 321647233
457 578 885104030
193 579 453210327
239 580 996695560
138 581 275836803
360 582 814176112
109 583 211590414
441 584 958335682
115 585 170534176
357 586 927570875
409 587 322143287
383 588 254400887
41 589 26472669
428 590 575176242
271 591 162639110
112 592 763869150
492 593 409908316
49 594 500344492
107 595 148658482
396 596 93079238
244 597 583693894
531 598 439791388
313 599 143752800
550 600 15731403
274 601 157828382
185 602 772666440
196 603 797878544
330 604 980472153
360 605 855187325
278 606 691872292
604 607 895177365
44 608 114495844
590 609 485087997
419 610 895990820
210 611 462803698
576 612 941709980
362 613 338214727
464 614 266790920
268 615 727015581
314 616 304421200
502 617 550657670
8 618 432058126
320 619 484676997
561 620 946713711
614 621 952661474
547 622 191514491
7 623 491417079
610 624 691217144
139 625 350230317
332 626 828031987
89 627 69003987
348 628 713166312
385 629 611965502
64 630 464480677
182 631 917648038
22 632 925569141
382 633 65660810
219 634 246913545
574 635 884431061
317 636 116876873
405 637 307316864
196 638 77168190
221 639 175062869
615 640 22865851
232 641 317899332
571 642 827910144
84 643 288236469
509 644 30131981
402 645 544074361
638 646 512403728
235 647 649970537
374 648 119506193
64 649 872663554
240 650 488348386
388 651 353914387
27 652 442700631
204 653 512379428
581 654 683021845
387 655 881306039
256 656 277942751
568 657 120127365
23 658 356445151
342 659 544423722
222 660 693456316
541 661 151868600
484 662 732952434
306 663 42846286
395 664 481839300
261 665 206968241
346 666 820114075
576 667 385424232
169 668 188426670
107 669 857224135
427 670 660195414
563 671 68232830
140 672 411710265
260 673 131717185
470 674 254005851
81 675 377007658
622 676 83687348
430 677 309885332
661 678 26860184
647 679 134044704
1 680 701151639
180 681 922598036
158 682 185063253
60 683 415278907
94 684 116228400
357 685 884779577
411 686 657850381
220 687 100650281
638 688 827850560
303 689 749606906
91 690 975355458
49 691 990256791
19 692 207059375
140 693 74847543
1 694 732205902
32 695 294770103
298 696 915951339
51 697 568299650
567 698 614890524
158 699 489308927
520 700 105751251
569 701 313576503
186 702 15688026
557 703 517667351
302 704 485908280
650 705 623556942
353 706 745962226
88 707 134895926
497 708 862921773
32 709 492560903
132 710 181006906
477 711 899185301
379 712 640046558
59 713 236973092
362 714 939358939
181 715 268494325
210 716 205584922
219 717 568009818
258 718 563113348
670 719 978829375
615 720 324807323
540 721 999763195
337 722 12785327
715 723 606633480
386 724 940575589
220 725 448770562
656 726 420295148
490 727 414209491
248 728 398510758
405 729 969413895
455 730 326420956
353 731 541392160
215 732 816487003
649 733 481699415
417 734 289806260
66 735 63299216
498 736 545919260
602 737 581373919
70 738 930350769
426 739 731500529
54 740 256723040
255 741 106609510
131 742 216890461
438 743 291407942
452 744 563736684
45 745 824191181
275 746 300815337
700 747 563690225
30 748 990527160
606 749 642066101
66 750 307781244
636 751 634845529
54 752 510765753
609 753 122783177
464 754 432206146
608 755 255143131
18 756 180698769
282 757 605369828
247 758 63761019
495 759 9826282
395 760 504336195
263 761 489195942
506 762 197573399
373 763 310237784
655 764 900896814
148 765 164505605
120 766 748648032
336 767 953319420
480 768 468485775
504 769 543720101
313 770 496513830
202 771 672155543
755 772 505629955
628 773 981395182
141 774 670475507
147 775 761119071
572 776 829807339
149 777 789588414
89 778 904233095
212 779 220026176
223 780 157196695
358 781 492301849
747 782 627364805
115 783 882015285
150 784 77540267
762 785 643817347
414 786 418095086
710 787 119440838
377 788 559632284
680 789 943487488
459 790 668609598
145 791 973535464
214 792 822226953
391 793 118934184
441 794 636770222
312 795 691467767
72 796 289517917
180 797 920647768
527 798 351717034
52 799 310689467
410 800 949730966
234 801 179738030
772 802 534555014
455 803 304986948
327 804 461951614
577 805 11085796
608 806 177822266
501 807 645099034
675 808 730654455
705 809 604711632
292 810 874223855
310 811 610798714
423 812 502083579
342 813 493802105
421 814 906669163
803 815 231648503
621 816 215499925
811 817 38975836
63 818 28511773
443 819 585436857
235 820 276045266
337 821 874031606
763 822 847342082
199 823 746490959
548 824 606518685
543 825 860312980
226 826 428432816
165 827 267040082
597 828 477476533
768 829 92099758
571 830 225571548
798 831 429950100
422 832 392263400
329 833 844474647
560 834 230645391
148 835 346255189
812 836 755062703
207 837 723073827
146 838 161250421
232 839 594147867
146 840 192895892
589 841 643607341
123 842 201064694
124 843 542621355
627 844 637375452
460 845 957094608
768 846 375647763
575 847 843092801
561 848 939270668
190 849 604686636
508 850 616039737
288 851 347961190
91 852 117153712
306 853 494000045
688 854 457967887
128 855 970463249
273 856 906496880
847 857 80528828
605 858 971320303
67 859 173840924
389 860 862002680
638 861 595032718
94 862 16545253
108 863 7126851
730 864 319054799
165 865 54856017
205 866 23621053
434 867 899259348
154 868 989071376
608 869 662702798
159 870 925487986
663 871 992691177
211 872 781910022
73 873 225406900
747 874 118735998
63 875 993969765
852 876 400953555
86 877 464048007
356 878 455424819
395 879 696519679
827 880 728453511
450 881 170912200
151 882 103336479
788 883 925296259
640 884 190207669
343 885 677916103
851 886 392885831
361 887 559769030
424 888 927440109
11 889 910997500
656 890 973098831
644 891 721880169
259 892 396225594
379 893 415095148
680 894 248748626
821 895 349267259
852 896 322457187
5 897 13499770
26 898 981970427
153 899 528802073
435 900 852580447
872 901 310515666
565 902 378850617
751 903 638798637
205 904 81870845
865 905 350097636
39 906 477979011
146 907 842256664
813 908 136247757
282 909 44066332
492 910 254615657
160 911 78984288
855 912 670269406
103 913 298198347
788 914 98955177
694 915 264496791
599 916 838285139
2 917 10253515
523 918 47747589
779 919 944862915
289 920 883687252
675 921 692223999
886 922 58239201
810 923 284131161
726 924 941932460
262 925 446035299
169 926 510355783
924 927 555592670
200 928 709316284
880 929 889223550
365 930 559481724
74 931 837767093
334 932 772280040
387 933 392140040
649 934 905148055
269 935 626849239
464 936 535919401
735 937 220639472
895 938 727669130
228 939 244630462
612 940 402794959
82 941 263884370
862 942 354426398
646 943 53489134
756 944 623962548
302 945 450655566
536 946 459940771
85 947 223734976
40 948 603440479
378 949 129523589
701 950 773246551
804 100 852094476
486 668 887583135
43 68 396524408
584 458 247283921
795 321 95594640
536 837 715519282
439 780 173485014
41 727 887778427
933 435 275564661
739 737 618652147
37 368 714723747
554 523 340846376
724 579 865836770
166 859 256255525
824 650 170439056
492 46 892794338
403 931 210009880
587 861 791434536
445 779 510754494
786 453 6841709
340 37 239653190
921 421 400653586
812 590 941415614
366 867 994468118
153 26 765162882
893 510 705746751
533 777 782529021
907 10 818727374
791 342 905202140
706 97 301641771
350 653 732572652
191 544 729142052
389 579 541802435
354 378 99364976
291 31 786431676
106 906 364419184
855 494 887867799
245 413 209199902
144 221 509144661
364 847 648775651
222 369 810832622
13 224 582766309
846 49 256193108
729 660 794773517
274 922 541959425
782 487 743586294
78 451 466610810
776 908 797153268
525 71 464384149
709 110 115702348
559 502 210467543
359 543 923 479 128 880 686 853 553 199 245 488 814 654 922 164 692 56 515 709 753 889 400 595 232 171 387 178 141 195 262 292 766 13 266 383 361 408 275 450 888 902 395 879 402 351 224 929 410 691 147 563 126 200 470 429 261 432 548 277 162 768 761 8 386 598 77 37 939 781 519 716 655 866 202 398 14 518 580 442 528 693 196 241 901 177 108 64 441 704 313 683 350 381 152 317 593 157 365 179 947 932 105 168 577 282 300 259 73 394 297 81 278 622 61 104 839 249 505 719 733 684 571 648 4 795 558 567 422 92 175 771 284 674 788 6 699 165 332 756 918 807 538 739 903 837 257 215 590 153 418 492 653 478 144 426 345 439 423 338 234 208 611 803 428 677 817 203 539 850 862 21 235 572 301 290 517 457 856 334 876 424 882 22 851 885 353 604 819 855 841 842 948 264 625 773 579 95 796 355 646 573 384 222 20 97 24 728 370 341 602 635 161 872 887 99 794 670 744 810 78 303 554 549 639 364 307 483 445 806 895 603 52 757 88 421 661 170 260 306 460 931 727 190 312 407 721 484 163 793 510 551 420 74 516 239 436 9 201 597 640 181 815 269 379 512 852 714 112 792 485 659 680 53 662 907 216 927 544 367 875 633 822 143 70 96 559 311 207 221 698 276 220 62 404 827 524 473 69 584 647 154 213 392 730 323 433 749 750 467 140 375 546 834 214 864 844 212 644 507 741 916 285 585 454 724 615 508 742 427 534 135 616 775 652 294 672 197 176 787 455 254 790 487 304 877 184 883 270 928 942 632 774 72 886 860 789 736 80 893 230 474 227 368 425 159 762 393 415 114 274 818 86 329 11 802 416 679 917 583 324 336 193 938 444 456 890 809 16 405 601 673 111 909 331 738 186 43 624 75 905 926 132 754 369 122 589 723 669 826 430 689 413 15 561 326 526 594 797 881 564 703 830 372 891 783 867 784 68 139 614 155 66 786 658 726 60 446 785 198 67 915 720 417 316 760 911 419 950 102 51 636 557 107 287 532 575 443 138 296 816 949 229 172 251 19 459 29 82 623 910 920 552 5 712 569 898 130 831 295 556 79 146 904 330 940 401 63 511 620 820 608 808 30 305 533 832 41 189 414 263 645 933 322 496 921 23 570 289 204 18 605 764 255 695 884 188 247 26 434 776 701 913 868 937 769 734 352 664 49 502 28 813 537 406 120 302 319 180 847 610 267 94 258 759 233 663 308 941 35 482 943 800 252 835 109 705 798 389 859 250 54 119 914 846 314 360 924 700 431 767 588 780 240 596 540 681 657 469 366 713 55 27 344 7 17 242 782 12 113 617 451 121 36 411 801 666 542 268 873 682 337 854 174 576 486 397 288 649 291 671 718 93 211 490 396 707 523 373 206 356 849 555 489 560 582 225 637 39 607 191 522 630 520 493 466 217 160 600 136 325 34 321 85 501 187 829 167 3 238 231 42 463 438 286 743 342 506 362 930 33 310 504 87 706 376 358 765 848 665 84 71 612 845 246 825 587 409 377 237 435 31 271 731 641 668 100 265 256 500 896 836 935 667 722 131 751 711 702 660 687 541 626 565 47 525 863 90 399 599 737 115 628 638 503 137 755 912 717 10 339 59 897 752 382 568 182 843 412 725 440 101 578 158 236 477 348 777 243 437 779 710 547 123 244 529 629 476 944 46 823 871 732 494 746 156 452 106 748 574 299 631 91 715 169 349 763 824 50 696 45 403 149 821 298 530 946 125 627 471 878 328 688 495 619 562 40 642 708 32 129 858 89 791 892 778 461 2 248 219 497 346 475 333 374 499 134 133 634 447 390 