100
2 46 55
2 46 28
2 44 95
1 12 24
2 84 66
2 1 7
1 17 50
1 91 86
2 53 5
1 10 6
2 30 14
1 94 82
2 78 37
2 87 66
1 65 31
1 63 26
2 61 26
1 72 35
1 16 53
2 3 11
1 31 31
1 69 78
1 56 51
1 44 44
2 81 77
2 74 41
2 94 48
2 24 61
1 26 26
1 60 34
1 61 35
2 80 63
1 94 54
2 85 5
2 79 15
1 95 53
2 82 36
2 67 18
1 26 17
1 95 41
2 88 30
2 23 16
2 74 5
2 47 7
1 60 20
1 7 5
2 96 1
1 53 51
2 29 31
2 62 7
2 83 96
2 41 64
1 58 70
1 1 85
2 23 30
1 39 40
2 29 10
1 37 21
1 98 50
2 69 69
1 34 17
2 63 1
1 29 23
1 90 12
2 9 86
1 80 16
1 52 59
1 86 51
1 54 19
2 5 54
1 72 54
1 62 52
1 57 41
2 27 23
2 28 45
1 63 54
2 74 21
1 91 41
1 39 22
1 55 46
1 99 51
2 75 38
2 91 27
1 20 60
1 76 56
1 28 24
2 26 8
2 70 66
2 10 3
2 82 50
1 41 7
2 96 26
2 87 17
2 55 39
1 40 40
2 53 47
1 21 95
2 92 39
1 2 76
1 75 67
