100
2 943235417 17911827
2 938257807 299475022
2 740500460 620449579
2 395514704 269504706
2 457565796 386682060
2 707862675 53378728
2 554370152 538985553
2 187263456 185917444
2 969868586 4228134
2 244012897 265846255
2 587087996 823353
2 708083639 36243342
2 536366483 519511104
2 422251091 909979718
2 223906726 180492325
2 808994052 305600610
2 714515538 444687434
2 523424967 7167539
2 870667922 159573660
2 658690282 277226729
2 794717302 247488626
2 197059822 709740231
2 698321466 356522498
2 717973749 951066078
2 422624065 806651932
2 959207986 942230058
2 599362780 28675082
2 321291823 308387631
2 233612433 188163523
2 401057324 219238396
2 308434102 4767860
2 643780989 695657798
2 630687333 913364437
2 285665764 939080712
2 177916170 177881348
2 893894012 738197560
2 472740766 662417175
2 949641557 944031041
2 524355209 258525407
2 895227858 348726458
2 367774241 174619535
2 283320472 501524086
2 90725514 768897839
2 445274390 356586118
2 982155510 756689814
2 814273962 573096961
2 218512715 71697065
2 551137412 134324490
2 81693931 80579586
2 160451378 2
2 904209547 738462726
2 492933127 521655524
2 745705852 262565964
2 757551884 177645570
2 684723544 323226480
2 937529836 131158488
2 175269718 153424134
2 224789788 397356334
2 455599118 347224860
2 304704964 815994574
2 208063371 510224510
2 724590653 556009530
2 878550797 205619851
2 919050638 624444746
2 164392717 205147795
2 216756954 168364612
2 459960869 458777682
2 812882706 811142711
2 349860196 314716172
2 591895344 255389987
2 146130089 123963094
2 834038066 944838426
2 446633146 157178834
2 749647729 740208386
2 545899428 136581132
2 192871965 398202545
2 213646596 902065639
2 951377621 34210243
2 236940370 240975334
2 80899411 606293893
2 673623315 837198389
2 732242317 143657293
2 440751603 427515739
2 291015835 137514071
2 842182256 785648973
2 332112137 427763632
2 215900821 71618706
2 167425581 607848385
2 296833844 134791858
2 713364776 967082058
2 374043961 37843209
2 744856652 73743370
2 880463184 286837410
2 700927047 79888419
2 310183210 100942613
2 716941567 651925275
2 334323603 481159466
2 240084628 100684369
2 709503142 353767781
2 47685853 127901384
