100
1 880668605 744192627
1 268454368 61675445
1 807443005 739877812
1 309465924 327022395
1 182172588 19090822
1 765334526 756812580
1 147230392 716532407
1 454146400 955641794
1 770940741 961548100
1 498990711 262358612
1 129113466 65082597
1 418868418 217011842
1 799008479 412325521
1 777957306 391093369
1 974133216 913635994
1 863478383 371041195
1 423345474 87667968
1 528300541 326151585
1 133085039 105473101
1 853325713 582264521
1 499705182 495502646
1 385835518 249770304
1 418368142 417024584
1 65838591 32920958
1 132156056 125863568
1 773471020 161206179
1 570109064 729141293
1 888897373 618520661
1 2337648 156722323
1 367431705 352536597
1 199401468 171088104
1 540716101 588547224
1 192573330 999272370
1 193999563 852655947
1 59294366 419848124
1 587806257 417364110
1 422960959 280297009
1 532150103 409869749
1 182222788 14565342
1 377116054 234122774
1 754890573 449801257
1 40245902 742174894
1 476282560 245639788
1 265086363 218944790
1 876591542 473390493
1 856960931 314124394
1 461238686 368298205
1 930372105 903535992
1 722325855 721875284
1 317849085 313098505
1 623312010 447396654
1 680946439 774460702
1 266858362 262511337
1 300940019 599303675
1 517398906 280400090
1 819705952 608097977
1 390468137 665807030
1 459898301 239696315
1 395340482 871032034
1 517920598 316058955
1 958814555 395342546
1 265190318 191646558
1 962816582 701014014
1 420341039 367797337
1 796314527 440183249
1 494579709 390687091
1 416002539 409641446
1 268998170 272660216
1 780304355 915829784
1 421218363 229351964
1 175074508 104642188
1 452017838 620705166
1 405036414 242397372
1 536565623 526233028
1 601184690 250283854
1 121619579 120586866
1 669997759 343489128
1 44316766 158050776
1 812889529 304454520
1 919444947 646667187
1 804386682 500254186
1 263969772 166081366
1 786939903 479590518
1 113765787 109545366
1 376223197 356152047
1 855309822 855286658
1 803192605 765145363
1 746423160 608853454
1 786695230 429533447
1 404055858 629880595
1 254474912 843932230
1 218021614 147499914
1 987075295 649267929
1 633778374 360615739
1 358556179 597522294
1 192757694 184361389
1 268400622 142368251
1 216209719 148049068
1 804235607 452454583
1 866416510 968360311
