300 1000
1 1 1 2 820894945
1 0 142 4 238037017
2 9 113
2 122 60
2 115 257
2 225 263
2 180 248
2 88 274
2 259 223
2 134 19
2 88 87
2 226 104
2 32 96
1 0 121 3 583061502
2 123 268
1 1 165 3 980380774
1 0 50 4 603276887
1 1 223 1 933358623
2 107 113
1 1 137 1 702949613
1 0 298 2 864174880
1 1 55 2 585407629
2 175 222
1 0 168 1 424476456
2 23 204
2 80 272
1 1 58 2 427797022
1 1 30 2 89487913
2 22 34
2 147 292
1 0 253 3 437839018
1 1 218 3 197485641
2 263 12
1 0 4 3 702179960
1 0 59 2 526722993
2 77 288
2 112 93
1 1 144 3 909816789
2 238 60
1 1 31 3 731125467
2 62 263
2 210 25
1 1 79 2 777707111
1 1 149 2 747213329
1 0 269 3 676432126
2 101 39
2 250 135
2 32 177
2 88 255
2 70 238
2 76 67
1 1 202 1 249422181
1 1 35 3 422930772
1 0 26 2 630009895
2 58 161
2 268 4
1 1 268 4 482680335
1 1 53 4 622857494
1 1 242 2 237109368
2 258 201
1 0 58 1 864494458
2 141 175
2 60 157
1 0 221 3 686797380
1 0 265 3 50886947
1 1 226 3 146065609
1 0 226 4 993964815
1 0 86 4 110726982
1 1 94 3 198022651
1 1 275 2 652080632
2 247 17
2 241 96
1 1 87 1 756397293
1 1 60 4 463807300
1 0 208 3 507205259
2 99 264
2 66 292
1 1 218 4 342935314
1 0 83 1 908434854
2 160 142
1 0 151 1 755829080
2 99 152
2 64 212
2 289 111
1 1 222 1 517348383
2 188 222
1 0 170 1 340455585
1 1 99 3 71134488
2 64 185
1 0 189 2 783728293
2 130 48
1 0 247 1 678218702
2 70 148
2 89 291
2 148 224
1 1 230 1 625322239
1 0 268 4 296444024
1 1 123 1 708680581
2 250 49
1 1 176 4 58988705
1 1 275 1 135809869
1 1 224 2 605178251
1 0 225 1 958846787
1 1 7 3 174935144
1 0 72 2 945848277
2 12 30
1 0 118 3 443045257
2 36 272
2 256 203
2 190 270
2 142 274
2 143 23
2 208 47
1 1 91 4 542295380
1 0 172 2 987823608
2 267 292
2 89 262
2 253 211
2 211 235
1 1 10 4 808815350
2 61 4
2 174 42
2 260 163
2 6 239
2 212 147
2 47 86
1 1 271 1 713788956
1 0 36 2 27759711
2 200 216
1 1 49 4 174217559
2 278 67
2 92 171
1 0 276 4 197008239
1 0 146 2 370734387
2 294 77
2 18 47
2 7 56
1 0 229 1 297053553
1 0 7 2 146407237
1 0 92 3 300782015
2 203 198
2 50 97
2 270 211
1 0 287 1 353268706
2 287 229
1 0 157 2 560423554
2 148 151
2 135 217
1 1 274 3 679656531
1 1 53 4 82640212
1 0 223 4 410900262
1 1 30 2 126347656
1 0 165 2 194406962
2 173 181
1 1 232 1 739351290
2 24 162
1 0 3 2 191055805
1 0 263 1 586256159
2 286 170
1 0 188 1 787346061
2 30 248
2 145 44
1 0 109 4 659382643
2 261 152
1 1 241 4 392099916
2 290 239
1 1 135 4 726694630
1 0 142 4 197546477
1 1 116 1 857220114
2 203 2
2 191 42
2 150 67
1 1 58 3 40846176
2 42 80
2 114 62
1 1 34 1 981622404
2 219 43
2 72 218
2 247 166
2 105 116
2 146 8
1 1 226 2 847828725
2 123 66
1 0 100 1 951736628
1 0 285 3 540916644
2 14 2
1 1 234 4 395218162
2 123 242
2 244 273
2 201 117
1 0 229 1 508496586
2 57 200
2 83 193
2 190 80
2 154 190
1 1 223 1 800368630
1 0 246 1 804861069
1 1 147 1 229398065
2 60 133
1 0 63 3 944268734
1 0 206 2 45545837
1 0 179 2 241266365
2 86 272
1 1 101 4 701549564
1 1 231 3 980740052
1 0 45 2 280667524
2 159 110
1 1 278 3 963008790
1 1 26 1 82701090
2 32 139
2 180 109
1 0 108 1 789419164
2 253 258
2 38 47
1 1 255 2 749383011
2 209 179
1 0 107 3 382840818
2 5 298
2 205 19
2 239 277
2 137 10
2 265 147
2 19 281
1 0 198 2 239749250
2 8 61
2 271 132
2 101 47
1 0 117 4 292915
2 161 234
2 43 158
2 138 232
1 1 131 1 351748882
1 1 80 2 363264463
1 1 9 3 521757677
1 1 287 1 562576496
2 16 154
2 95 24
2 208 289
1 0 192 3 400376924
1 0 234 3 828489613
1 0 220 2 78280887
1 0 252 4 283826820
2 31 112
1 0 156 2 192636375
2 152 286
1 0 142 1 885782217
2 119 87
2 294 42
1 0 212 4 953596641
2 246 12
2 219 218
1 1 241 2 271122805
2 130 76
1 0 106 3 364483217
2 270 132
1 1 262 4 655595861
2 211 167
1 1 224 4 459499304
1 0 38 2 273423436
2 97 197
1 0 241 1 572862608
2 176 298
2 172 235
1 1 97 4 63573823
2 58 131
2 165 243
1 0 294 3 273044173
1 0 61 3 442721637
1 0 267 3 191880394
1 1 257 3 90847119
1 0 61 4 833011931
2 175 84
2 117 218
2 1 247
2 74 256
1 0 19 1 843645980
2 293 40
2 185 133
1 1 271 2 180383060
2 39 169
1 0 144 4 674543811
1 0 60 2 316426130
2 244 298
1 0 167 2 683662539
2 279 206
2 187 265
2 67 168
2 100 195
1 1 148 4 254750081
1 0 47 2 382369595
1 0 14 2 41650324
1 1 166 4 769941353
1 0 269 3 329477311
2 100 157
2 98 5
1 1 25 1 522586807
1 0 279 4 463437512
2 197 106
1 0 227 2 100597894
2 270 66
1 1 197 2 117355063
1 0 225 3 106228852
1 1 191 4 563781805
2 191 160
2 24 278
2 80 157
1 1 245 1 930621708
2 56 208
1 0 219 4 572044052
2 228 251
1 0 88 3 873490778
1 1 209 1 710067264
1 0 160 1 840103185
2 180 88
1 0 92 3 620249654
1 0 178 1 220687577
2 94 291
1 1 90 2 623966450
2 299 121
1 1 281 2 973012431
2 276 108
2 119 117
1 0 267 3 599564467
1 0 88 2 628013749
2 239 181
2 213 158
1 1 80 2 543692173
1 0 117 1 483378366
2 161 45
1 0 21 4 857139882
2 277 254
2 275 130
2 211 79
1 0 300 4 983415090
2 237 72
2 7 99
2 18 251
2 213 298
2 237 81
1 0 50 4 362128179
1 1 84 3 328255203
2 166 168
1 0 86 4 558601593
2 28 24
1 1 75 2 801420673
1 1 31 4 163041667
1 0 14 4 765251559
1 1 287 1 995821025
1 1 14 3 595579082
2 145 260
2 237 90
1 1 223 1 321427210
2 101 292
1 0 196 2 465561155
1 0 261 3 201058224
2 164 264
2 299 90
1 0 120 3 462800698
2 144 117
2 271 261
1 0 214 4 487714662
2 86 237
2 123 251
2 17 283
2 223 150
1 1 264 2 719020331
1 0 178 4 196270688
1 0 24 3 568152514
2 9 296
1 1 251 2 63515833
1 0 154 3 374740874
1 1 143 4 531019497
2 125 139
2 287 139
2 82 93
2 106 217
2 248 159
1 0 157 2 988560224
2 155 79
1 1 166 3 777633479
2 279 226
1 1 78 3 502079994
1 0 180 1 209436721
2 13 17
2 94 188
1 0 131 3 380479184
2 133 289
2 155 188
1 0 140 4 760235256
2 278 138
2 257 41
2 188 72
1 0 4 1 108829738
2 128 60
2 280 123
2 259 28
2 126 225
1 0 269 1 272942862
1 0 25 3 362525783
2 254 203
2 107 215
1 0 261 3 206210147
1 0 90 2 4041548
2 28 197
1 0 262 4 620231964
2 205 96
2 296 17
2 126 288
2 84 218
1 0 253 3 138846780
2 107 152
2 183 113
2 151 129
1 0 187 4 922819174
1 1 122 4 340539109
1 1 27 1 434981108
1 1 124 3 370539694
2 26 64
2 116 66
2 270 214
1 0 276 2 223217541
1 1 296 2 475649541
1 1 118 4 571389986
1 1 290 2 90832066
2 200 109
2 107 292
2 293 187
1 0 30 1 39081517
2 240 109
2 278 162
1 1 166 2 374907960
2 264 173
2 81 122
2 241 183
2 222 91
2 233 257
1 0 182 2 221581131
2 121 21
2 166 298
1 1 6 2 47529594
2 277 181
2 285 241
1 0 100 4 678403478
2 264 162
1 1 137 4 962974763
2 290 114
1 0 254 4 569603479
2 27 177
2 176 205
1 1 38 4 42443916
2 214 174
2 288 3
2 202 130
2 63 38
1 0 239 2 95226544
2 278 29
2 40 71
1 0 150 4 330383788
2 283 197
2 254 33
1 1 73 3 269938466
1 0 172 1 536215178
1 0 32 3 859272118
1 0 231 2 701614101
1 1 251 1 172209079
1 0 235 1 511484228
1 1 165 1 136717444
1 0 75 2 594108571
1 0 57 1 811317170
2 257 186
2 196 31
1 1 192 2 584268467
1 0 268 2 207775065
1 0 132 4 973582811
1 1 297 3 34849118
2 182 93
2 256 159
2 241 294
2 48 240
2 159 184
1 1 124 2 430947218
2 269 112
2 236 91
2 78 86
1 1 265 3 826827927
2 266 179
1 0 106 1 97514078
2 60 199
2 119 89
1 0 50 1 72580748
2 257 89
1 1 203 2 327814226
1 0 151 2 893389647
1 0 157 1 984024368
1 0 96 1 19987232
2 73 17
2 109 68
2 141 143
2 8 146
1 1 187 1 381601816
2 33 91
1 1 213 3 531815974
1 1 63 1 911103856
2 113 30
1 0 20 2 685839935
1 0 84 3 785909052
2 77 3
1 1 122 2 593017191
2 83 73
1 0 300 4 191010854
1 1 243 1 244191005
2 120 151
1 0 67 2 509745684
2 153 128
1 0 298 3 405306252
1 1 228 3 995110435
2 33 245
1 0 16 2 960805481
2 154 75
1 0 237 4 205963848
1 1 210 1 558098446
2 90 89
2 79 273
1 1 291 1 870499549
2 87 77
1 0 115 3 948603339
1 1 191 3 548224903
1 1 89 3 554618033
2 274 7
2 145 72
2 197 70
2 240 15
2 279 43
1 1 288 4 680978120
1 1 229 4 173797922
1 1 269 2 382491909
1 1 92 4 423355345
1 1 190 2 539688589
1 0 214 4 866144118
1 0 1 3 64587973
1 0 256 3 256123418
2 154 181
2 69 240
2 34 75
1 0 225 2 62086210
1 1 262 3 947657877
2 256 284
2 198 280
2 7 82
2 269 106
1 0 148 1 17610782
2 119 125
1 1 22 4 266665310
1 0 89 1 244121640
1 1 2 2 566613731
2 74 141
2 216 45
2 269 214
1 1 293 3 537292367
1 1 252 1 104826068
1 1 37 4 642096444
2 27 94
2 117 224
2 153 98
1 1 238 4 441160409
1 1 210 1 594175346
1 1 132 4 429279482
1 0 146 4 198834479
1 1 20 2 467085070
2 171 98
1 1 67 3 793998598
2 222 71
2 111 253
1 0 279 3 855396701
1 0 105 4 736925440
2 199 154
2 277 66
1 1 61 1 464220856
1 1 45 4 273097293
2 194 130
2 111 213
1 1 226 2 855491159
1 0 17 2 518021570
2 271 71
2 197 118
1 1 91 1 183477842
2 82 175
2 15 7
2 108 67
1 0 153 3 385084670
2 219 184
1 0 229 1 436314672
1 1 43 3 708272607
1 0 74 1 787477351
1 0 52 2 887705677
2 207 263
1 1 210 2 577624402
1 1 137 3 605862536
2 64 177
2 96 69
2 144 201
2 161 278
1 0 149 1 936264043
2 215 135
1 1 39 1 776332090
1 0 202 3 119667398
2 292 115
2 265 14
2 102 95
1 0 84 4 785011038
2 59 221
2 234 136
1 1 43 2 915015758
2 143 39
1 1 85 2 221491330
1 1 86 3 959620019
1 0 284 2 916141598
2 46 74
1 0 124 2 806606708
2 254 294
1 0 45 4 978417428
1 1 113 4 7397167
2 242 174
1 0 297 3 196932281
2 68 104
1 0 208 4 107367621
1 1 79 2 341193145
1 0 36 1 858920427
2 37 41
1 0 99 2 273359605
2 18 97
1 0 15 4 755698390
1 1 206 4 959612060
1 0 57 1 699492038
1 1 260 1 75998925
2 94 133
2 148 111
1 0 60 4 630880174
1 1 237 1 76885203
2 49 147
2 126 257
2 223 200
2 64 269
2 36 183
1 0 44 2 749397990
2 112 179
2 143 105
2 102 187
1 0 11 4 116237365
1 1 261 2 59324220
2 156 278
2 139 48
1 0 78 2 399842606
2 290 71
1 0 45 1 739021738
1 1 273 2 12286901
1 0 39 3 978277489
2 165 227
2 166 3
2 24 148
1 1 245 3 803033505
2 40 173
2 275 167
1 0 267 3 892349114
1 0 49 3 34728216
1 1 56 4 227881875
1 1 62 2 424406339
2 138 16
1 1 110 4 611046670
2 219 76
1 0 135 1 283549631
2 132 62
2 269 123
2 133 21
1 1 111 4 994800364
2 197 111
1 1 35 1 198171043
1 1 38 3 708380354
2 93 272
1 1 259 3 431743073
1 1 197 1 832144877
1 0 293 2 577554226
1 1 98 1 969990524
2 159 54
1 0 210 2 957602816
1 0 296 2 881549024
2 70 190
1 1 199 3 730982845
2 108 32
2 169 149
1 0 62 1 236313448
1 0 167 2 710316349
1 1 94 3 82312923
1 1 136 4 913611191
2 152 167
2 123 3
1 1 242 1 813841787
2 207 203
2 249 279
1 0 216 3 574793199
1 0 121 1 639308230
1 1 234 1 310337102
1 0 99 4 350759872
2 208 221
1 1 286 3 484656799
1 1 194 2 406315514
1 0 133 1 477413791
1 1 55 3 795232374
1 0 190 2 235575572
1 1 192 1 380012812
2 15 265
2 216 288
2 264 254
1 0 153 4 974377672
1 0 230 4 356259402
1 1 71 2 726538545
2 256 72
2 94 192
2 208 166
1 1 66 3 889438957
2 150 277
2 151 132
2 126 267
1 1 140 4 880625475
2 131 28
2 289 2
2 54 252
2 241 16
1 0 229 4 905275186
2 112 171
2 3 13
2 172 247
2 131 162
1 0 175 1 359152812
1 1 125 1 853192854
2 1 241
1 1 42 4 84420220
1 0 6 1 683755230
2 223 71
1 0 73 4 95478497
1 0 12 1 876760634
1 0 95 4 294497495
2 138 23
1 1 103 4 157036242
1 1 64 4 56467211
2 211 85
2 228 169
2 33 99
1 1 74 3 199021839
2 92 10
1 0 256 2 47960638
1 0 248 2 756636806
2 21 45
2 235 128
1 1 231 1 137130755
1 0 255 2 14828606
1 1 269 4 176630853
1 0 196 4 668659679
1 0 223 3 34975088
2 124 105
1 0 42 2 42170414
2 287 61
1 1 36 2 498960366
2 228 142
2 192 281
1 0 22 4 566241602
2 125 163
1 0 149 3 368521299
2 221 142
2 168 76
1 0 202 4 600787977
2 55 265
2 205 176
1 1 55 3 635562108
1 0 164 1 668697177
2 282 76
1 0 34 3 933661873
2 38 166
1 1 64 4 680818634
1 1 20 3 216017446
2 213 52
1 1 170 3 902847385
2 70 9
1 1 126 2 117723677
2 170 269
1 0 94 3 90982120
2 191 71
1 1 96 1 571041378
1 0 85 2 169751521
2 283 80
2 140 219
1 1 184 1 938749583
2 267 224
2 243 31
1 0 39 3 794808369
1 1 213 2 392488106
2 88 235
2 281 5
1 0 119 4 418381917
2 25 19
1 0 31 1 553682694
2 53 162
1 0 132 3 581794588
2 97 192
1 1 1 4 953103515
2 287 64
2 66 227
2 31 200
1 0 289 3 945354580
2 252 202
2 42 270
1 0 183 3 325241877
1 1 278 4 285156216
2 236 57
1 1 143 4 540115012
2 189 115
1 0 201 1 983560319
2 120 7
1 1 171 1 323365071
2 58 83
1 0 158 2 441169328
2 268 92
2 23 108
1 0 133 2 952806128
2 193 33
1 0 96 1 840415862
2 268 39
1 0 86 1 820243291
1 1 99 4 103760971
2 40 8
1 0 207 3 319499785
1 0 150 1 511909965
1 1 296 3 413757313
1 0 52 2 171169324
2 126 33
2 14 138
1 0 126 1 284506039
2 230 105
2 289 74
1 1 293 1 143487029
2 160 136
2 249 144
2 221 192
1 0 246 4 436167624
2 181 9
1 0 58 3 406163704
2 183 173
1 0 245 3 70377444
1 0 169 4 29995593
2 151 190
2 132 144
1 0 164 1 523027783
2 31 144
2 137 276
2 134 164
1 1 73 2 842239061
1 0 199 2 460898869
2 277 17
1 1 223 3 497120058
1 1 29 4 687785902
2 280 56
1 1 249 2 778968785
2 125 169
1 1 134 4 885050235
2 99 160
1 1 12 4 934007592
1 0 291 1 598449037
1 0 133 1 885308332
2 233 88
1 0 79 3 582869755
1 0 245 2 847642945
1 0 270 1 284439962
1 1 91 2 438618146
1 1 147 3 955701946
1 0 42 2 563059190
2 171 37
1 1 16 2 888371819
2 298 279
2 159 134
1 1 75 2 533113471
2 16 268
1 1 111 3 835853924
2 294 136
1 0 165 1 258702429
1 0 74 1 784679440
2 118 219
1 1 62 1 951730275
1 1 84 2 577267032
2 263 72
2 277 176
1 1 225 4 964744094
1 1 67 3 154802026
1 1 231 3 294631311
1 1 252 3 680644864
1 0 258 4 657211180
1 0 2 4 612020385
2 277 251
1 0 243 1 896221234
1 1 149 1 44434021
1 0 43 3 212009312
1 1 222 3 410263838
2 79 80
1 1 137 4 863382249
2 192 264
1 1 160 1 813848874
1 0 202 3 64669665
1 0 203 1 421426912
1 0 285 1 903579220
1 0 116 3 530253269
2 241 287
1 1 141 1 144463942
2 51 158
1 0 163 1 776590800
1 1 158 4 728553252
1 0 109 3 937985417
2 89 122
2 13 178
2 294 204
2 13 270
1 0 148 3 814078493
2 97 98
2 200 142
2 229 138
1 1 222 3 108598272
2 18 93
2 155 186
1 1 300 1 699230262
1 0 176 4 641678644
1 1 47 4 259475277
1 1 63 1 278102150
2 45 97
2 164 136
2 231 262
1 0 29 1 812497086
2 102 22
2 122 27
2 300 211
1 1 41 1 157855436
1 0 111 3 725285754
1 0 262 1 700493486
1 0 21 1 423382775
2 101 180
2 68 288
2 220 143
1 1 299 2 830463030
1 0 67 4 150003290
2 218 91
1 0 255 3 627654974
1 0 132 2 159741028
2 22 235
1 1 67 1 820857807
2 41 150
2 170 15
1 1 27 1 973440684
2 9 293
2 120 173
1 1 220 3 169455532
2 116 154
1 1 69 2 657056133
2 84 94
1 0 190 1 141890694
2 129 82
1 0 146 1 495803173
2 124 202
1 0 288 2 386384336
1 1 269 4 280652270
1 1 172 2 36392498
1 0 275 1 927881286
2 103 145
2 133 126
2 13 291
2 60 179
2 57 258
1 1 43 4 827751438
1 1 88 4 730666248
1 1 247 4 746989755
1 1 291 1 508242505
2 160 70
2 175 66
2 293 2
1 0 173 1 923903806
1 0 185 3 264130096
2 91 282
1 0 56 2 527964273
1 0 217 2 925926167
1 0 264 4 421271914
1 1 223 4 463013495
1 1 5 4 584702941
2 177 32
1 0 136 2 120624971
2 182 263
1 1 134 1 885599799
1 1 65 2 225615976
2 188 293
2 206 249
1 1 26 4 961390579
2 155 102
1 1 15 4 449946569
2 160 20
1 0 137 2 327552146
