6
1
807973144
3
556005957
830409025
169999973
933773723
214077524
188643761
897381637
132825000
219476438
9729720
700440262
816030178
2268000
68850
306719079
452637024
6692400
1
10584000
759563743
4
480
127074780
142800
1
401962370
504
99143294
802997845
256895619
7087500
13200
1
36
409029259
342000
472585341
139993582
574121607
826842145
664250199
686905219
2510606
1365
15
164930271
753407752
995898909
40320
739374714
715950338
1008
525736940
464365967
455295174
223146000
259794694
35280
510155294
220700216
226380000
340401465
508370119
747831804
596829292
45
360
707634744
9800
6720
956582195
586971000
441898235
906245146
635519494
675
1
189000
434636276
641806381
80
12
3
734568564
7
1320
3
751043357
403779020
640252012
1080
6
63112000
468880941
720705582
787027874
344648233
484107778
91574451
815329479
72
849723382
239533771
3
498605995
564056877
176042384
3
430920
739200
217275468
447805944
653400
908107200
928146047
2520
120
746221040
390
436841868
4630500
27837044
332678810
380746672
60480
362191758
509942983
270
596910656
23648625
39605266
21
90
541504459
882
17640
990000
689024371
901697020
395750056
486261197
388356162
774379647
614542985
1
834458415
24
715040647
1
339691932
373519101
5987520
318809999
13860
288000
749504621
681232863
189000
263716064
24
6
18330343
20412000
383842895
942226768
90090000
114506390
488586586
1
348448571
450450
1800
5100
916016444
806400
838065297
908585518
68796000
602585647
69120
8640
720
310870093
338137692
1
352800
989034263
6
4
416628700
1
36382500
3550050
190610033
13500
681384248
96
488623112
180
282522240
10080
473666073
136216080
3780
1500
1400
236670000
6
780509664
78871968
11700
264884039
54
387292694
1071000
126411487
67107351
689899160
649941811
984905314
9
169738884
8640
288815771
235528370
897949048
1
1
480200000
928043647
450
1
663741672
838200804
19568476
1
607033614
7056
109521140
663774042
997520832
989434590
885326747
733109737
858964545
197773588
457552692
24854144
441828267
586027581
103783680
137395152
357189928
895230
166573822
19950
5654880
2
289555629
534818890
1
81144000
257028792
239868419
421894326
552572469
79883784
15015000
2058000
2
18195176
252017090
90931545
223020102
1
12
75600
4
5071500
6
746481527
450
536856342
490372591
624
126000
15
269020914
80
395350927
996622588
42
739049467
839599934
753442206
876731408
612140470
366377039
88010675
378
121704303
915988194
354203059
910772284
18711000
899068650
816290968
2
15649200
392745637
2407860
48
322662961
540
923819350
192334175
676
33080368
912379764
840
12348000
203385310
1
789946865
797913195
685776880
717336608
697943619
323811609
994832916
412094142
718422819
4
714560152
1
244642365
468933192
390
176783724
12
75600
426147557
838252800
502019898
603336705
471496900
745254933
480664800
89250
104850209
24
1092000
432
675969743
161043644
352800
117600
911872231
852622446
7938000
90
268800
57257541
831127501
5
419747328
16964640
308700
510633024
780562342
490652126
2
218261999
10187100
198966862
95011808
325065771
216216000
627200
154459397
994610571
390
23575860
6300
1
616622255
22050
660095660
3
691042680
868202908
720
485158507
389761763
886424111
381887294
768231598
234718202
383842895
838122695
9072000
2
489977537
12656700
59270400
286122322
889182997
10080
317520
471734208
289700624
68703834
517512264
574616505
720345635
64111053
18900
217727015
335339647
10
588521695
861423978
2700
176997015
123143129
2
1
808505706
1
302053366
533108554
617315126
5
1
5313000
513874189
9702000
623185028
537823078
11900
508356891
343114235
89793474
163822144
902085870
61703329
24578400
594000
965741035
88016544
705600
24851811
557974703
2400
2286900
403530385
639888650
857304000
900
1
869041996
766398316
60
545674228
2464000
718601814
2494800
104137384
528132786
4
691589432
655670836
124212260
645225803
172147107
158474219
47880
294
504214059
60462241
3744
30
102000
355622400
900
828747119
526790350
780
501486731
126000
7
181845031
1
838378432
21
730172865
217910646
933461968
311938914
623463333
30
38808000
459679023
81496800
2
24
828747119
2
4
211606442
4
6
135
522553197
549836911
546158977
598380219
3213000
1
914475732
15
90
22120560
634349570
864
1
15523200
8
168000
107866424
548856000
270194011
13221005
1
12600
803164027
43218000
293476102
68544
827878992
275775357
355564245
331978549
228094941
808334110
558600
847637306
518005675
7700
772413708
549571169
850626179
44783176
270
383662305
536973255
19809712
198874447
5950
106862386
12096
413429672
7938000
315
11200
97697317
641585301
26775
330635293
600
2
1
51104299
373868466
953083544
16170000
8
616586293
31532747
568844524
412056350
94977429
602701977
4
2
252
5821200
4041402
2700
60328800
728600508
666138297
962287601
483000
719842411
25
10584000
713554235
1
5
28
798160233
663138978
849669517
630
235435200
27048000
739284621
538008395
388615755
2419200
864
505400
307919188
18345600
714281431
25920
295685816
1
216683717
805848464
92037854
30576000
554400
1528800
77761516
946541855
54
385396588
5
356400
2125200
8640
671668472
418950
92610000
22050
48
10800
363524805
5400
2
677164247
1
591737639
368321188
8100
47149690
856265082
504504000
478870019
15840
2
18
71124480
960
728788946
85520468
5600
522849600
3073950
20
614043830
669464353
211680
75345529
616167970
135644462
965051138
302400
12
252
813461163
1260
853699903
1117200
302232452
926966874
4
873180
285268287
180
899391104
14700
270
5762400
2541000
8820
244637786
4
30429000
317409663
322427894
493695769
784064468
660457770
560437525
1
189
490652126
505004976
784
1
259057480
307596494
585749910
2
625197242
80
339641712
687038340
590943247
693
918210705
809690757
955413083
6
16632000
878110061
261954000
180
231965858
155338400
823754783
8960
1
4536000
458238043
697807776
9072
493699416
623948065
66888572
2
331703759
18900
42
372606689
5
1164240
901299678
625870447
49890807
620712871
216635748
324
982492009
1
646905973
506230198
151200
178200
440756275
7
966633526
87104442
266112000
227885046
203938492
966457759
240
580278899
574718143
108
336
1
1440
547351194
240
326714589
842050576
28
237204897
441712277
548800
655474189
135319931
662217506
18
250355319
441741736
1
152472458
30600
24
329645080
360
752345568
22522500
7840
1
523479590
797431178
901610027
604845107
779972527
975821521
6720
14
44660304
812014799
40320
35280000
244153241
15876000
2646000
50517525
525
30462274
958031708
362308240
779164165
720982602
349601452
743765166
312281251
11700
880058430
17920
180651298
216000
35
20991600
30
87021940
628032859
6840
428337102
617228304
1
851200
591636722
35721000
326766959
895826051
60
7200
1
1
40377902
299600841
1234800
4
788334897
349125
82576898
58800
105076452
245700
21000
336040837
352800
7350
804604917
872511185
3
50400
54
482439471
16
745483536
3600
946350050
8
718926584
4
316773633
876971757
681366877
60
1
264600
495863647
83349000
1
682177764
677348693
379792447
324
884208434
675397867
966828425
939573096
1
196819432
90154589
145530000
927167636
7197615
852950291
990099863
233377200
13860
78816737
111138555
40
183600
116517408
347102923
1
9702000
18
364474130
592811790
1512
350380178
185869472
2646000
946822419
3
660607828
428400
755699161
38808000
340200
108
840
195698975
912448094
176
706574100
422579599
418910068
389761763
7644000
15120
287178626
306911825
5760
831600
30
82164141
47040000
622919295
24
927452820
259745299
180228245
54
8731800
2
1
647522180
2
2688
1
624028580
75700593
324667622
3
401110696
12
1
41868077
413816643
171171000
923281613
481014014
49342608
47466853
444528000
187718977
47600
3307500
916996502
81
330997588
258720
110905429
675679291
579175962
18
314840636
120
32986800
90335144
2
639432535
564556009
363937270
18900
277200
783181406
11907000
54
347001529
122223489
977748993
661840980
746008158
390437770
555393784
4
996622588
810586312
55566000
516944392
754129225
338994697
700473562
4
294835058
1
3600
475647911
942510432
83149952
774204854
156524911
203851809
618223494
699587512
4656960
48
1
9100
793800
16800
929221307
470937525
485549246
941859474
533444177
784710939
9900
48
6237000
555093823
231931566
472626000
1102500
352488349
382839807
925764642
374019952
239400
210
286099524
827034614
58285866
811830171
351689416
13860000
235844129
648648000
143398834
281420151
1
569884583
249729485
8
7
692000937
3
964260785
856410066
881080179
813923050
18
349272000
945087427
107459294
7800
11760000
1470
54885600
255385344
699878961
6
538736545
567464368
629681272
470489943
656183811
605449232
2
707245350
868330735
6
675366351
110
72
349213687
530759354
537477409
2940
136889647
934731034
493939297
1
371383576
166111812
127183338
12
36000
4762800
555180295
545711458
468
1
1
987232514
5443200
203742000
451480157
926779336
225400
813097953
60
35342033
756687341
201600
567641416
396112920
7057703
696427200
555883042
959141999
10500
3900
5
756314469
354724786
346820279
96
1260
769869022
68989916
643893934
602742752
718200
45
720
1
339150
264639595
60
234481193
861375773
709869530
516157095
420979375
84498847
840345292
2694268
783515145
1
869299200
683701052
826673604
267400314
215779947
46770188
12
186701760
980230252
146819547
320631696
472320323
22680
111147624
3984307
28670866
6773760
931897831
2
971195236
43295832
895670482
958776211
350847365
80
861561635
882882000
486038795
827842729
269308456
282696765
839865813
27783000
8400
55860
54
616167970
532913977
202522292
828186341
76397435
933427050
416366605
4050
108
244490400
57200
252789377
615903002
113320356
170054116
185977926
36
997352196
1
141120
1164240
872259720
454847992
90810720
454864410
879298098
1646400
848925
22947575
14288400
176954856
240
548383442
787857715
83474815
960498000
720
228151706
919403294
1080
330750
86981334
820695901
803679753
7
806702724
386571596
144074700
148663474
4
551250
1
824195574
1
3
847967396
343213328
527988650
308706494
937081553
3360
68544
773416249
29106000
650647663
209990373
2
913522586
457380
687656802
43200
586460149
716540516
12
127596000
332821025
572709227
5
5292000
870030328
5397840
82027710
1
350110368
238769075
337407328
54
296141675
282287951
1800
189466191
2598436
698544000
715784674
3
299821371
596146826
100
12
389141647
54522809
3
1200
1
754851317
943593224
4
12403303
120
810512631
971435923
565208737
350543110
1512
41277600
874726747
1111320
92400
30
970372174
131260325
262342080
371265895
462000
298942923
479284926
925678696
48600
57275251
72698414
649740000
919977576
4
510594186
137155376
704007750
849307295
113051856
442530552
1
105105000
153032880
236737549
873250560
383199158
72
3640
641602231
18
2800
217728
30
720618660
784190834
318441614
654885000
2
232210941
83349000
1
512067210
544320
831600
178542776
50400
92480424
4
585608310
774140808
384934511
72
604800
3
12240
168000
113074231
55138731
508277075
406396364
885005294
612140470
30576000
205200
803695579
879027704
385545237
76485696
12
479417831
745845176
12
487868739
386117308
21420
139938283
924832093
83825280
36
133358400
314849493
41081040
142884000
436142233
1
4
30
391830571
1
49392000
387012589
88200
130
76500
222264000
36
481763025
235200
10080
761797028
434312852
336336
2381400
255455200
839961492
157683598
6085800
150
545937997
432
5354443
3
912379764
74088000
700262329
5
4
394143750
263057694
1344
666311068
2160
376320
81862588
24
85865348
108256842
30240
720
161403254
989540236
48
842717999
378
7800930
501760
1
757433999
99604139
18
154353247
636247711
5
682071487
411474769
652340188
791067642
777404541
4630500
357325181
1
79002000
853628823
305304388
2381400
799999200
79002000
542975636
1
288635742
209728710
848647576
289543515
989619067
12960
190512
174472588
240
262707121
1350
610910873
314547709
64899665
10160640
94545505
21
772795393
760291409
65165100
330543610
934913834
510720
687041032
784930152
6
1
226076862
682801590
72
462998983
540
482326718
942817934
640863100
306920157
685121802
115500000
315315000
92532016
854560463
1
1
779671374
3410400
639007407
373717650
596686528
718918200
818056083
261697885
25920
599278147
1127000
144
778283294
5080320
795145786
98000
407831891
534502925
680400
42336000
1
14560
918959285
1
1955100
21829500
410542021
8
835736600
10080
672649478
970246495
137656940
3
176033088
321221301
733824000
144
520925435
437999158
1
943687620
144218897
28224000
224428870
144000
266230801
221981760
347302025
495814938
867448381
524659900
757899977
128777413
19669350
563561239
333302960
4
807069112
68338404
909191572
5
846258815
360000
805550014
202841996
900400882
516853924
25200
2
436684224
4608450
1
10080
509337477
532787975
48
2700
240
182921718
27
100
26866937
217324800
915107244
937083736
532838398
433432573
761312646
258720
85186054
196078933
207694532
643228378
356201672
772798842
12
968761486
540
1
462971071
5080320
109914793
8
603028771
12700800
913055104
587623864
432502187
210900053
668751753
166698000
24
540
492408007
80
428082742
184800
947069463
789074711
929723024
702643411
54
913216386
1
941402406
72576
887745939
279854504
682227000
16
24000
225656331
1785
1170
652842974
270668630
36
711440901
992999499
1
145211324
609862147
183163791
772200
125317488
896464800
635548317
881689003
1
756756000
5
885930233
140
14
209863960
226036587
528007411
138560386
6
23436
786430429
7200
42
157020334
114666494
810048343
661500
892584
45
550549199
334630637
167685219
441898235
992244083
13200
38981702
4
735282338
724838899
289655294
488968821
14400
975
105986115
920464470
21840
1
236250000
565796280
7484400
32
841554569
6
558157646
515267647
685673147
867634846
260245387
226100
623795867
444950061
659295000
1693440
1
36
321872593
36
110
263375565
12
409935643
1323000
45900
900
258058006
300
1
5
886052037
364826708
961853676
694479096
349256211
330
965947955
966801880
361662629
1
544909402
88179441
642781056
5600
447032291
1646400
574501268
1
10080
571771200
658914879
1
564117853
181930874
1
75600
322909801
684163744
2010960
1764000
15523200
57820358
100160324
91800
278152437
1650
440809506
1200
32400
1212750
220720500
3
23100
727898588
212173605
8640
44147643
880165440
1
388264767
498960
1
82467000
194364700
40800
845387679
641806381
1
6062103
2340
231667243
3234000
251508228
273779294
2
2
534484444
618825246
3192000
1176000
13608
216269647
785333251
3
1
10500
100011063
730756799
356723294
6
4
47628000
567850508
3
235748450
996348158
254016000
418193279
452878674
305910683
1
753800527
1
880725365
755218463
6237000
736453855
751831852
266587200
558860950
288
745012003
46570935
924672628
623922714
250880
826077793
255301367
144
12
9
4
989450482
1
53555040
31680
53713800
297462442
1
396900
962127322
710648328
437080430
972
15523200
64679149
621785208
351996097
43173208
271656
1
505205627
985322052
790383104
1
7
429791378
733824000
946726588
84084000
1
420233572
503200825
1
431752222
5613300
878634932
153679680
969040962
504000
9
141805003
976140137
337737999
947463882
24229428
448009315
160319040
390
184162811
340698489
368291157
1
756000
2
20
64464219
313385995
1730520
528402637
2
219542400
287734107
140184940
2402400
872087013
649429588
15
387109800
125213787
352486528
908567740
390234702
132300
926100
174734433
6
785126243
32062922
3456
403845750
370440
388255278
390
3
798336000
244480370
202796701
138915000
770190782
753745743
164995012
991038649
1
631691647
436640564
720857151
5616
250880651
786245251
893645647
399156143
118609920
3034080
487719590
13305600
1940400
122336647
280116561
108
554408897
489913751
131742152
498605995
409762461
311557055
5292000
378960102
258777487
258889696
333549544
1
392000
82730852
207038422
1212750
1980
1620000
3
113400
3
120
179284093
713512800
162
35280
325850785
54
5556600
53253200
602056447
165215273
123200
76551871
179347276
918766587
12
1544400
625052575
30240
296761122
914179599
3600
842050576
273753072
163800
2
47040
574658250
23974941
862742115
58577788
686848744
1
944383654
1008000
6048
210000
532665084
473968676
850690424
24
3
240
60
86109176
28215
207900
722358000
897786624
290993359
1800
30240
50
93215053
279801762
412126764
771949632
107675452
14700
12
434381527
829746978
540
88303168
80
1500
733960217
194040
483097455
598815629
871552517
847585297
36
52664571
398478905
933947991
615556302
5500
12
654530643
665945280
747791294
12
566521057
2381400
1
17640
44452800
176954856
784564432
270
468480424
791112253
4939200
7938000
1518882
60
8
17920
473601839
8
145887801
531283517
376193550
1
802293596
90920340
950564462
1
360
30
343220005
2
3
150
529768078
76204800
4950
32
932110649
267943416
605263341
536836778
20612362
1
315900
1
46922400
288099388
157500
3
152078467
349346729
3780
3
312390616
687274386
959706566
656149460
3
13205866
42000
36
2
202160
1
216000
32
16
198
668751753
901517645
749931660
857929609
215202907
501947662
238511140
1
882000
9849206
942954348
160319040
823338587
32387040
856512726
4
523299073
12
2425500
167492826
1680
2
994462651
139993582
830040596
40931294
5292000
23020200
675357981
2760
740484082
1746360
283806611
18
298661435
691539293
893131783
3
6
18000
926100
6
1
252
1
12
69549275
672
9
212800
264600
11088000
126
1
1440600
2100
1
535820903
523681348
943672489
1
80
10393744
994560317
448230591
586621842
646890330
3
765576000
4800
54
935022699
837983678
37800
265693492
828186341
279707645
742709647
960672276
336
30184000
465062261
518700
470027442
2328480
8408400
252
571942957
48
9
501203290
767812203
4200
12039300
808551833
652157294
720
67091094
425162714
886391294
359169449
2510606
1
65969291
752998336
920389729
14
42336000
3
971701901
742011529
300
1
953673660
484008537
393550795
885528122
1
376063194
570813911
535080000
180
403200
3
104522963
48
415387074
5544
6
311850
5
957897092
846902636
856050244
1
970433493
1
6930000
176
806475009
27720
669406955
610496340
548945997
174423119
735282338
726871193
189
889857127
174108092
83349769
1
28348499
414670973
400400293
873538951
121080960
1512
226800
1
240
51923633
594965994
334212625
157355294
7200
382833458
7020
936366348
904369939
1
399578227
835406423
3646983
30365419
218736
614250
14400
653328561
29400
588579333
802620000
30
865758098
713618545
54371803
180
16632000
80394431
90
31185000
780190130
804526987
232602592
9
703137318
14080
94299380
3
856249538
84000
4200
618377015
1400
37683952
539484734
190909564
924924000
1
473044168
2257920
4586400
858210165
119247374
363242880
11340
2
602056447
2
35721000
1
40800
47628000
270
113049195
327973927
763213913
461659405
383040
226800
1
806367478
1
418174846
76440000
84672
602737382
25390763
393322809
139263299
34927200
300300
780
644431411
73731190
18018000
1200
240045120
610334362
42997500
68703834
683055113
1
120
1
650359762
168
252252000
2
624
22104644
40772160
5821200
400635994
4245859
529200
1411200
122892000
12612600
918485229
756756000
198450000
786430429
233648231
853128457
46850185
165
577711322
145401933
37422000
476787996
218639517
388935944
607462982
818174774
219187106
583125251
325159808
4989600
49787136
892481407
230305737
458640000
117600
470400
330
202990411
754398966
687146200
631564196
331991294
692881828
927615497
492504102
341070071
390861397
341617795
27
86981334
10
2
1
1800
77059572
490264166
738221483
252000
273000
1
18867346
559080536
95104880
154
961781181
960
3570
360
91588113
1
741192581
226151294
329234538
692223807
10
445563617
79027200
42
367306498
531717994
6
24
856105227
1890
915015897
289197216
3811500
902920410
759500799
281580951
88727865
1
540
446285977
5830941
952624940
145705689
72951487
245875379
395497979
141120
383845071
32290941
330063919
903347647
23824960
12
77014114
795983986
713512800
129729600
938434609
181440
633363790
971126467
158037105
165
515994442
79966505
188160
124740
218793322
166521481
920203231
941016024
767599533
809377400
809903353
538345637
822283760
1016400
108492263
500879023
116958600
5556600
8250
2
785874361
605068958
2
812359375
303938180
4
270
36
95468835
821664551
893760
235748450
989009164
782382705
233927631
638970477
2
797687294
741304234
797364906
70070821
626810794
342884266
919164222
7000
24
518700
1400
37800
5
158400
539671829
1
966054268
76608078
198286588
1800
519750
37044000
207896090
849597879
907416053
34956464
536973255
156800
543018104
4
10687936
943800
23441600
32290941
175681294
550377741
10125
152078467
427500
396373766
350
7
1
1
2359500
420790199
15
90
8731800
350704275
334851882
943661361
937860
812444446
282240
60
165488376
348435583
372895407
22226400
12
632431800
5700
24
756000
792709489
749505630
24
35700
7560
895116366
5
8640
135
193869244
36
891669004
145993266
404832917
631890289
19800
1
2
360
937396094
941785550
72
66096863
1
930686597
282898140
539278566
330856435
450119929
6
12
950044411
123293308
4
8640
305288964
11466000
12
19088101
252000
12
48235856
398438064
441563717
652614529
472536330
621650958
906045356
2857680
718489579
441000
754200291
237674678
354451688
834488266
825902019
19264893
220041360
313405397
991905414
50039294
847007894
680875273
764328718
992104293
7875
141670283
46121815
54432
817452849
78688232
1
48773195
406621660
280263397
1
6
525054506
188598760
883869108
367749523
817970047
2340
40800
796389882
574501268
507541764
996889928
823387145
236212255
540
60
9600
605678271
70560
89499386
437790050
1451520
11700
716119141
40
554272605
1
374594220
3
12
1008000
342046130
912106378
269620379
80
313846104
5850
903687429
583034470
896830588
9800
815768552
144471092
8232000
176434941
894117713
180757606
225627989
14
174490591
845531460
1
415800
984286155
6
965372288
587668092
12789000
28
816123362
1
291862827
28800
5
815305753
10614364
180
703957453
794772942
355101963
817994619
109760000
542965444
3
965840901
48
216290720
798208341
7761600
8019000
758527122
192705381
156311064
32
132945339
595451102
1
659301692
1050
572495972
325506815
136080
19967399
304177516
310555000
185891067
325425353
363653944
4200
2
420251631
886572697
1323000
373400494
2
825482812
198728265
28
395475168
533935762
48648600
947400300
861807442
600783501
1890
6930
120
743290214
652251972
413487497
64140351
752373174
8731800
22869000
576770979
49000000
100918929
48988800
733453075
1440
145945800
169442000
220888270
420673147
108864
4286520
442057373
749940278
126000
250558474
833587991
983561901
227538603
336336000
465833244
12
960
328364822
794742398
748604744
626661000
633173386
439252644
23520
4725
476646742
7373119
1008000
541064714
533834288
903347647
193745646
300
7938000
450
90
878751625
545074392
861963908
4
474519247
2381400
69854400
4233600
64864800
1
208402147
395472571
37961402
286157172
5040
1543500
910626002
979523209
193247385
359204738
798405133
12322536
681880023
315962079
