1540
418233970
106783934
1
177106519
168
20
1
4
8
650
848489321
4950
16
666212896
626484541
6600
596624461
627851597
365284554
5
725422169
650
1
24249225
384645202
440486925
768791786
446292
198974527
160606446
9
6336
249376995
191077016
193993800
916518211
117
418107690
2
313956
761183642
4
1960
6
219942262
2476656
2
125584788
210991668
478887552
1176
4900
4
1
1681680
106260
15675
40
497908697
116396280
2718144
17640
460866157
331681601
78822592
72958954
5096520
859196687
2718144
817665724
226433569
6
198028850
1
200
140
259351602
1587355
1
492028599
3459456
594138715
760363476
1
5153148
125147880
15876
596237619
52920
3360
924924
380245728
4
491905434
99107008
525096
40694940
1155
1
114514400
702963512
1
67589801
27
92534750
5
356796788
299855188
902495485
802684709
260932320
221041105
816750
637770027
299531109
252013832
6370650
362728458
219882280
234333279
103895191
372910393
84
699224727
3
494208
7729722
255024
1225
154428910
292923111
284984133
284393845
346735109
879909728
52985901
4158336
265882982
75
1680
135210384
920571775
693306079
411840
54
326734014
14112
85652359
130869802
9405
1050
630
99792
575986233
31286970
98598224
865984622
25872
525
476695179
790070588
15876
15402816
16
12740
5
2
5
55747692
21
187041488
959218405
121968
514026513
402910200
572377680
63
691525066
824541731
443824394
14700
50642592
1
146425411
250699680
5889312
1
354560976
671369695
2236248
99
25232760
669540374
60
258615260
945183739
103895191
3
764539776
450701280
847342117
988020717
21
1170
891388756
1
664707455
3
599980565
496419924
7
956500176
18
603143168
126
9
700021126
6
15
9
554822268
946847236
217370047
7938
418346914
226695928
1
8471463
959469596
767274459
150177456
947236327
493256693
779609380
836537874
466703781
569712302
60
889718749
943021528
17640
36
426888
469077476
247642
25025
1
251396176
2378376
150618930
1
2944656
5621616
21
898829777
945
2
432432
7056
12740
630
155739584
915512160
781466400
183707847
784
4
856617739
162162
994845883
73616400
76105260
209886606
10445820
829682895
712821725
1
189
194040
371835390
4480
963049757
693658717
895373844
1
3300
1656369
52997175
180260376
647292646
680567230
66561495
18474885
224
153649853
25
474168589
625955223
10501920
1559376
810616950
1
814217701
144
871876376
417154686
3
30
28137023
286902
99099
168168
226141344
20738025
350
460757527
926868123
196818086
2772
658880179
1
3960
699263035
323570036
3
533908624
1920
63344359
1524600
33
15934571
1431430
400
16
1
9018009
742050688
796267936
681450241
240
120
2450
9073598
99754200
116396280
348107760
64422540
661765252
275325336
700
526321141
704099218
228099180
11340
262473247
1050
361883209
498960
1
14294280
979945824
58212
1
384178766
860121424
275046477
182
235563900
484026832
536865363
4
783164369
20451816
9702
487226214
49322167
756
240
755062045
60724034
1254
230690534
3
18480
17640
853776
768709816
112
1
162624
103281552
2772
150
3234
32
172931616
15
539801480
31869142
870871883
1575
230916660
140
1575
840
44072761
16758
315
280514351
126
744879585
12
308062768
752474027
36
2
57761833
2186184
251396176
222485120
547740060
288419802
44352
346528
762322524
4410
194040
28
10
34650
432432
738189157
882916505
3147312
129948
5
90552
6842550
812667338
420689412
5
2930256
1813968
1
4480
9405
150
652013916
4
627264
18018
522529310
128707425
584290850
7
909019006
5351346
2475
78504995
8
887173916
540
6083154
72765
962917745
800563434
73252467
252252
680960362
73616400
563764870
164240
90
2606175
6384
919330117
97201104
53391967
182642078
63
806327022
360
474168589
11920998
33976800
519898985
3640
48118070
30
18
57052710
207773966
566280
33042619
168
1890
6076885
150
324324
4
977955314
207293469
4162158
481413446
27930
99099
3136
876282654
5292
4900
5127948
3699696
615385914
110
598609440
276276
4410
36
916518211
80901810
6
269900740
2805
950454345
4
67721472
524342198
1338480
413683270
3
169660823
16
380245728
4900
1
75
222934395
2450
18810
1960
419927245
318780
33372768
11495484
9
238920722
1
19159140
20384
665408228
17213592
5
128035908
4950
36
22344
440486925
105
8
1238328
26460
17297280
378287910
4
480
1
14965236
508569811
182708714
13230
925335878
912663881
487199430
994845883
1
10080
63504
319786611
1701700
162162
11395440
948616349
146978832
2860
993253055
640783502
380245728
20
41409225
9702
4
75209737
65
1
6
1
84
488754473
5046552
45900
41172376
21660210
2898840
266636070
16
157048320
577748808
704099218
438741654
1589952
19110
270774504
315
32340
19953648
453814641
72144072
229320
4900
434543716
326949168
706472631
2576574
19324305
213444
1840410
350
1050
2646
544864320
5292
75486373
25404108
1
5
33976800
24048024
2142
293535637
184940756
922061921
1
286199425
17355800
100
5
744879585
630911316
9767520
27223105
4900896
756756
585436897
247945583
1
4
784
556014076
7
760682902
7
901170
2
29700
50050
4
470711295
355567212
105858070
7
3405402
514616767
685540736
315
671263170
1
1650
355655300
4410
1
689706075
840
2
31752
630
18975
386407334
115133364
840
100
540781128
50642592
53391967
432707506
4162158
760363476
9
477938011
5136768
7938
100
591540757
1225
533717378
1
556044099
1585584
4849845
765159786
260932320
25
542461838
750693240
252
36
46200
7140
495535040
135660
15
638790977
5
8
2
1
350
17640
630630
1
206494002
32
650
360
54
542461838
1
20196032
650
147232800
26747630
454823807
5621616
112
25729704
337675712
110
432707506
567286720
176039138
54
291801465
450
1
6046560
5
2016
6
804463420
75
344495037
20
90552
2
14
571080529
1831410
3
17297280
284257359
874913997
2625
1
60
20
555115410
581981400
546377603
499800
490593299
21265110
4586868
525
18
4704
578577417
350
775215604
581979268
2450
8
725190513
427785116
699224727
1132560
218471147
650
1
14112
432699847
220
923990549
100
469274705
225266184
135795660
325824970
1
196999375
175207032
5
835123898
613476667
47040
1
222853933
4
260533610
335820394
432432
13230
303667650
15
393956640
1
312274205
110
550368
216138271
8330
189061233
264924734
5775
1050
1050
1
5096520
14112
3360
14112
3332
388580787
45
331681601
236618172
311737491
34398000
989357750
855743682
100
2
907508946
213444
731332356
350
21
650
654774342
162954792
328822939
862521689
112
77
242705430
498960
4410
1144
224550144
4
165636900
386407334
4400
454020942
42474432
407386980
634329460
872561311
774631924
509902168
8
123871687
2
2312310
870046252
1387386
902495485
1351350
121671550
292653504
158400
498960
333558549
125147880
18582564
140
605238091
525325198
572552265
7700
245516461
537601535
4
991760
313055095
514616767
16396380
700
4
209886606
194040
4
82818450
39262080
148808923
30
67760
218471147
625604615
1400
687062718
23091666
965159017
806781584
5100
312095771
882805318
86042817
19631040
57052710
601953469
319786611
130873600
722550349
99792
27
1
13117104
30576
14112
989357750
80330096
981279020
30
6474468
265376502
210
719540640
32
2450
37413090
932285049
945139178
384399268
525798449
1
123821
73616400
400
2
774835924
479938992
90
1
865399694
808383576
324246780
90090
97020
850437211
3003
15925
224
133852104
69035049
416924432
12012
216138271
457850727
103895191
449231281
1
391718250
1650
106366260
7220070
2100
35
3147312
162162
4900
975975
1
15675
335785632
462745524
90
19467448
14300
514690905
131025254
654472000
886151441
155584
156
852837774
318780
497939006
364117547
110
143867167
1440
700128
24066900
62370
27
1
50
7425
6
75
262149567
46200
660708633
2
336336
770193969
5
278106400
302855573
495495
175
460481433
318780
429283260
110
2
28706222
4624620
784
163105599
713684217
498612406
560
45045
622073452
1
704099218
1
90776992
27606150
360445211
737607659
31424522
1
15139656
1
400
57052710
40
491947197
1120
860301209
411937384
5
914399135
402910200
112112
546
5
2774772
1400
525
150150
480
80
611080470
6
130815
7350
4480
90552
990
270
4950
49299112
24
264924734
515731004
189
16
10
35
131025254
205185750
100068047
738947316
740153254
35
1
947922875
285558454
1
286313427
660
7056
277282859
4050
416195277
1225
587440713
21
243613107
889718749
24024
66297454
572552265
30
77770213
609443630
1359072
33042619
455
1
45
880
7140
419557821
94301297
879822600
582335961
36808200
164341716
594138715
6726720
199687406
416924432
118186992
808107374
453814641
20404750
220
100
108896140
168168
465962931
594594
41409225
1
30
3303300
140
1969110
1
324324
1050
992031412
280514351
7425
839154067
598401629
258404082
233672479
244608
355278103
54
2333760
4162158
814879834
463827708
14
905338958
24225
22344
2100
661765252
886828800
22084920
53882589
9240
33516
168
99754200
350
898430003
4
464184864
784
48048
57302784
540781128
488376
511176059
693050257
5
1
2940
808383576
25872
378875053
164826397
758188660
3
99107008
627264
490
184839148
843958880
238920722
10689031
980
12
1911195
150317033
900216004
14
13117104
391270572
80901810
1
808107374
880627360
560
3
22344
2186184
247945583
817665724
114757280
420
159205157
16632
137181330
566280
103950
3419346
3
91321039
900221689
35
1
5
201092642
15015
1144
1002001
958536012
199584
4341120
31855824
251396176
443824394
733960957
90
17297280
92470378
520795430
466703781
49514615
353976704
2072070
932173504
1
6563700
344495037
144
90710879
2475
105858070
224224
9249240
238054967
3
207881917
934865360
1
459295731
9
111132
90
450450
464516654
31286970
247642
31855824
30
648648
324813012
1400
262685037
252252
34471206
273295613
9209376
36300
900216004
1840410
594138715
1
782120536
513390797
980
54
13117104
658743868
194471534
61776
990664156
455936446
27930
618734741
315
839464080
1338480
180768376
175
6435
2718144
504114905
756430560
447283659
776584741
2
36
2860
284257359
440282697
1
126
318780
596624461
100818432
521870625
281582730
76211850
1561560
783719582
549475247
12
831278504
429559697
140
199584
44100
837473714
1890
6
142677264
77616
8281845
26460
530904209
997581758
641461490
1
224224
100
537023684
70
99
310761683
356808597
1
191642078
627021458
221887110
97337240
1
767274459
889718749
336
1
15675
180449587
794632294
211857982
922585193
221041105
1225
1
360
21953469
530904209
111132
244146101
3
1
5005
958536012
7350
736561835
64828188
90776992
852226160
1
114514400
1
772200
639350026
756756
191100
463827708
546380574
165
3
435023891
420872400
6
1680
84419280
730770504
861151351
2
63344359
87210732
15030015
216138271
1039584
21
36
21790217
70032820
49
700
1389960
1729
671571264
185449565
2
650
33976800
1
1
5697720
202347878
36
967275888
135795660
2378376
7
22902880
9
3
111132
105080867
12
92912820
350
615632518
94185
595763675
793800335
547740060
1352078
479904630
58559967
25069968
845065646
14112
1890
90
1
1585584
140140
585436897
806299645
40
644262420
10
394091791
726836110
249636728
214200
714723028
2576574
964572001
9
45045
507132797
1
1575
950454345
305002702
360445211
694978071
424553918
251186196
8820
520795430
864213613
9
48
1559376
41172376
9
6076885
25069968
23100
576438720
69119556
471369160
41409225
920672947
1
1524600
86944073
318780
367285500
915442925
4279275
4
909019006
3699696
2142
204488728
1
444166800
22344
33600
45
947922875
9984975
1
71449286
249945993
195146519
237463789
164826397
12
386100
31711680
885313474
290556779
840
238920722
915512160
135
329931881
7
647950365
324131505
150290542
72072
157048320
9112543
39262080
206494002
150317033
756923914
642600
589725560
249636728
4050
168
400
53018784
14113219
650
2100
188948760
805473169
92912820
12
23100
4
690108340
283687513
993617444
3
1
5697720
194340210
84
874601225
622989547
1
11042460
656673204
1274130
180260376
3150
609443630
119868219
630630
479904630
434182034
116424
600899260
12012
390733200
209475
126
243226582
8817900
775623221
175207032
178560463
281603922
945447732
851005584
618913152
95320705
97020
52985901
2522520
252013832
310651844
426888
2
20
754662292
396325351
2352
1524600
240
922253901
462691612
507595816
1
480
587057051
31062031
47190
126
4
715820484
135795660
350
258868295
346528
725422169
400
126126
10450
1
69035049
501115221
2170962
759696
812667338
3958416
1
252
1
1
673652980
195
865984622
9753744
1
853776
2625
731332356
960630784
353068716
66745536
11435424
759179909
632233745
32670
313846649
252252
2
1
161161
1
5
135070848
12
491805102
6
194040
96696600
84084
31286970
175
312869700
986752252
5100
688949328
7056
311479168
54
1400
40
154056797
135236131
10
798336
300860560
410578524
7399392
18
48510
73002930
220
2674100
1
14965236
318369209
1359072
343220488
163105599
19110
128388624
79115400
32670
100
503253553
92721633
749580967
597039172
21348756
855743682
950369919
660
5877374
672672
567286720
105858070
2940
4
113170016
4624620
27930
6090889
108900
631712202
66561495
946544677
948412619
746102788
80
10020010
32
1
1359072
1
727093711
1260
68136068
265213843
8
2
813031770
2964
60856224
214500
265882982
15
33600
462351890
856527708
37209600
121968
1050
10767120
131405274
3150
622427594
1
9209376
19324305
1
5
8
863593230
310651844
1
160875
1
4900896
386128526
10
47775
112112
2646
335785632
172710989
6
20040020
844467494
787547702
800750949
111132
355278103
121352715
18
106260
834792562
921989395
417021696
1
593914464
486566243
54609984
695384664
630630
2450
3
864213613
99792
303667650
11550
157048320
14700
27027
940745581
35035
218953144
989907700
1540
38648610
15545838
4624620
104984880
2312310
1
785053204
1
1
90
750748953
560
8820
424465630
665592224
1585584
119868219
116424
126
893002024
25
109494017
556444727
220
8
278106400
126
885588480
13741728
37165128
7350
1
797285746
853776
303510774
1
4
694978071
350
11340
605303359
417154686
246661864
90
11550
1524600
245420708
355567212
5351346
948320273
1
64128064
280
8
2400
1
5
169811389
8
793462741
712995159
3003
3360
100068047
52920
712684608
713877839
696088312
318780
10
111132
3
140
24
729935728
5217912
4
9
3818880
752474027
132974168
60
9
462745524
899246193
318954632
8588580
714723028
551209312
1200
947236327
14112
2
30
30
908292467
230068092
1
49322167
11778624
5
387690250
135795660
427209239
14
373007118
195
3
5405400
6115824
24869130
400
945915277
228009600
1120
229320
2
1
2352
80
5
410074259
5720
59685912
10
62183352
422870385
364454423
46638592
585131691
907106644
1120
840639800
15196734
726112770
486370170
4
8
1575
455936446
493163982
135236131
411937384
14440140
173225052
4900
46200
286199425
206503883
293734209
891361024
8
1
587057051
335785632
92157854
134411949
874601225
1
10
125958470
282724550
13430340
585477671
902495485
789439333
1
402910200
3
91239672
9073598
607439303
114976265
911344701
39395664
1
5
360
255024
220
66745536
483977397
289605427
16800
25
978296699
967275888
566280
666380420
111242560
676220780
560
622427594
16
6115824
480945034
31711680
36
402910200
4368
1
931802306
77616
11435424
99
161647767
725780214
1
99792
648648
275
105524100
32
68136068
2100
163338630
759696
810445146
8
2598960
972268296
51571546
25356760
550092954
1870
26460
29700
18
14
1
60
220
15015
53391967
70791072
4011150
400
38881185
24
30
125271727
584350605
1
4900
2476656
364
292951341
355278103
223009549
997788990
8
31062031
39975012
1
272802974
3604680
86977440
5
366767823
2
492791376
2352
621919452
7
113850
300
85579065
1440
206812394
6370650
721049505
783719582
419927245
1
221887110
73616400
8330
93275028
3
63
5
814165897
267677410
214500
1
165636900
15327312
846305141
17153136
84
993253055
60724034
103950
646563985
3136
687062718
591777329
125147880
95550
667944684
428433289
329507741
14294280
18
83300
272273086
1840410
3332
669540374
32670
155169156
63
761183642
162162
285120
980
17204000
1
286902
910573093
825506417
90
3
790175549
4410
1387386
685010430
681450241
892016055
61175770
173954880
333641440
226695928
6370650
13430340
648648
7140
884909762
535356920
934960968
478651833
931992353
9
9
525
329369155
4
630479850
15402816
4
270774504
22344
342018374
623371146
154700
178265990
133466128
570402564
3509560
533196221
539757279
722016704
902403093
786565300
266166700
