40 40
43 90 4 82 47 6 45 10 93 38 97 61 33 65 56 62 88 93 85 80 57 45 88 77 83 3 59 17 66 5 21 90 9 64 44 77 26 80 68 88 99 58 100 88 10 93 91 1 20 28 98 76 49 6 16 60 27 27 55 15 27 89 90 15 26 47 88 15 13 84 99 69 26 66 34 98 15 1 61 
99 39 56 79 72 12 28 20 2 21 100 82 73 53 47 52 6 43 31 24 11 20 25 72 7 100 10 17 87 62 66 48 27 25 91 44 52 43 45 40 32 28 23 68 34 85 19 30 79 37 93 85 28 74 90 59 88 13 2 30 7 9 1 40 55 73 26 80 96 25 55 71 92 65 70 27 59 21 78 
77 12 83 18 35 28 50 12 4 21 24 66 59 39 70 53 99 49 20 10 86 16 93 60 61 54 65 7 78 70 91 74 36 39 83 8 71 56 93 97 28 64 8 30 49 100 8 42 46 75 84 84 60 97 7 87 33 93 99 11 66 78 18 11 77 6 92 29 73 96 15 3 38 26 1 78 39 4 23 
4 68 50 77 93 27 52 29 53 14 28 81 6 4 72 85 7 55 70 49 80 62 15 13 7 18 92 80 39 46 88 75 7 58 73 87 31 31 43 99 96 41 23 81 22 26 20 66 32 53 82 42 74 47 43 69 40 7 72 54 14 54 85 59 86 75 52 22 76 54 24 38 54 34 11 32 30 51 97 
66 67 23 57 2 94 8 96 10 19 8 73 92 93 45 57 76 87 76 96 39 77 59 71 42 9 40 11 43 37 85 20 100 62 8 33 52 95 85 55 90 32 9 16 31 65 96 78 54 32 64 69 22 45 95 1 16 19 92 44 16 87 10 18 32 1 22 67 2 85 61 35 34 84 50 81 54 7 12 
14 72 61 3 86 52 93 19 35 35 99 96 34 50 86 93 95 35 10 98 25 6 43 47 97 82 27 94 12 93 21 34 17 43 97 5 63 25 89 36 29 25 12 19 93 1 86 31 55 30 52 58 59 68 95 50 71 97 4 50 93 31 17 59 48 2 8 33 26 30 36 19 57 82 25 91 20 84 52 
22 82 85 58 32 70 60 50 83 85 29 55 94 10 69 17 88 24 95 67 91 72 66 86 95 61 31 61 32 42 48 20 75 92 12 85 10 35 15 53 11 72 97 98 37 36 76 69 46 29 51 85 67 47 92 10 48 20 25 31 21 21 40 50 58 9 74 76 12 91 88 63 54 2 33 96 75 64 37 
30 100 74 9 7 92 68 56 22 31 62 82 8 86 80 56 7 14 99 53 34 72 81 49 22 85 5 1 12 36 33 56 45 6 36 37 10 85 21 84 43 17 60 99 49 33 45 24 36 5 95 66 22 39 71 94 31 42 26 16 61 56 42 51 31 54 94 50 18 44 59 13 12 99 1 83 36 89 98 
82 18 67 79 74 48 43 48 61 16 85 22 7 4 43 74 1 21 54 19 61 55 73 64 5 4 61 57 1 39 37 62 99 14 67 66 72 54 29 61 37 3 10 97 81 60 60 35 100 78 3 71 14 78 18 32 77 53 30 37 12 62 81 51 64 88 28 62 38 53 15 57 16 85 1 1 30 82 9 
7 62 97 59 3 5 59 5 14 66 3 7 77 43 59 7 87 29 32 7 14 38 7 57 51 90 47 78 89 49 73 90 47 93 58 12 79 66 62 34 26 60 10 41 7 38 41 51 52 21 36 2 16 46 92 30 3 32 72 41 15 58 42 88 7 27 93 5 39 30 91 60 20 70 13 83 22 14 54 
48 93 78 79 89 12 15 42 68 98 64 97 14 27 43 29 58 25 22 82 48 36 45 79 60 42 98 72 17 84 49 70 98 13 39 23 100 38 19 46 41 54 26 94 69 83 85 9 61 43 69 99 92 62 24 79 51 91 5 1 3 44 7 70 18 9 74 94 56 6 73 63 19 17 9 13 40 64 59 
20 14 89 57 83 34 11 38 84 9 65 75 4 18 60 58 57 57 1 42 15 14 10 16 17 85 81 95 97 55 73 18 15 47 99 63 68 5 8 23 4 28 43 35 10 98 8 68 61 60 81 66 86 77 16 45 36 2 43 43 1 3 23 87 33 44 10 37 65 31 19 9 56 61 8 25 88 3 54 
88 56 99 40 19 34 91 44 22 17 22 53 28 31 5 18 85 28 93 16 41 77 23 25 15 94 20 47 60 77 21 13 39 2 89 68 26 93 68 40 41 71 12 97 86 41 37 69 66 49 30 21 70 67 69 39 66 9 5 16 55 56 49 19 38 63 2 36 63 6 86 73 6 61 32 23 45 35 43 
90 67 56 44 51 75 78 87 58 2 36 93 23 87 97 38 54 51 59 19 27 77 11 39 12 74 92 34 36 86 22 55 20 84 20 95 66 23 13 3 96 98 78 1 84 2 17 70 41 99 27 10 38 89 48 88 33 42 37 40 43 51 62 7 90 22 86 43 50 45 78 86 1 100 41 54 62 46 77 
75 25 91 15 39 21 82 65 94 100 53 41 68 95 54 64 31 52 92 11 20 4 43 25 85 89 54 63 46 90 94 93 51 24 5 26 76 76 50 17 58 10 19 4 55 64 60 4 42 25 2 12 100 81 4 41 26 21 66 57 25 74 94 29 49 53 82 30 35 17 34 89 48 9 87 80 67 7 60 
2 92 57 35 69 94 49 77 63 80 26 22 25 70 60 29 64 98 30 13 60 60 76 23 6 53 81 96 79 13 11 28 58 100 66 13 75 30 39 84 93 71 65 98 5 23 71 28 89 11 34 50 82 17 50 16 34 81 8 60 87 12 60 13 100 69 99 18 51 62 95 17 45 29 4 84 65 28 82 
29 60 19 2 52 92 43 92 47 87 67 5 4 83 30 99 12 18 6 1 81 66 37 19 93 75 2 73 94 44 72 11 71 75 44 31 68 96 92 41 46 30 28 6 34 28 73 63 51 88 23 31 72 57 53 11 10 82 8 50 90 44 59 76 36 100 9 21 20 3 6 37 22 99 67 4 8 7 51 
16 34 28 100 91 85 97 26 76 28 93 77 30 91 15 59 37 62 66 100 10 24 96 79 97 82 30 18 4 75 80 62 69 94 24 24 83 53 47 15 46 68 79 58 87 44 39 100 69 37 23 25 97 46 60 11 22 52 55 75 44 53 79 28 61 17 58 56 36 62 74 75 84 72 53 29 89 36 91 
32 73 12 34 1 32 73 55 2 23 42 68 15 85 97 77 90 60 58 38 81 10 42 56 30 2 3 16 99 9 77 47 100 60 57 17 68 50 14 84 15 4 62 86 39 53 68 83 48 52 13 67 53 40 87 67 7 65 78 50 95 8 21 81 53 82 66 62 14 2 46 88 12 60 42 39 1 12 90 
63 32 91 2 95 99 65 49 64 37 66 57 51 92 22 62 94 49 69 69 3 43 2 41 19 92 98 81 48 1 89 17 81 83 54 36 5 87 99 98 33 34 42 14 31 27 88 92 12 99 21 44 49 71 63 54 41 63 23 100 55 32 99 44 3 60 72 92 91 78 79 60 12 13 33 75 72 26 11 
18 48 19 91 94 68 45 12 47 76 83 49 87 78 51 74 28 55 37 46 21 78 99 85 85 67 96 48 19 36 78 98 18 7 77 49 30 94 51 100 28 65 78 79 79 56 52 58 94 48 73 19 44 54 52 31 58 44 92 1 97 51 39 28 29 5 67 28 21 75 56 100 90 76 91 46 58 80 64 
31 52 57 62 77 99 29 93 59 87 47 74 51 51 53 58 16 76 46 9 15 61 53 6 88 65 67 76 63 99 64 62 78 63 44 13 27 85 11 91 34 18 18 59 99 19 92 45 25 9 90 70 33 6 4 58 71 9 86 70 8 13 58 73 43 36 24 64 12 22 28 83 87 3 15 8 16 31 93 
18 9 8 86 12 4 94 53 33 90 100 62 97 92 79 34 57 9 44 19 40 3 32 51 84 38 3 61 30 33 67 9 39 21 7 49 20 95 44 41 57 81 100 18 44 34 48 27 91 77 82 61 58 60 23 12 18 33 56 67 37 32 79 9 44 22 97 4 50 28 49 3 73 63 4 94 10 39 8 
44 94 29 63 19 73 24 14 23 85 24 39 47 83 52 76 16 53 97 15 83 2 77 93 65 29 39 4 48 20 100 92 95 53 26 83 94 9 79 33 85 31 79 72 79 68 26 33 12 65 76 68 99 88 69 93 52 50 17 44 52 32 15 72 10 32 4 26 66 94 13 48 73 22 78 83 47 23 68 
89 59 24 11 99 22 94 54 5 54 96 3 81 21 37 48 3 16 45 70 44 93 18 51 4 49 83 62 54 64 65 59 8 93 18 24 89 63 37 59 21 2 68 66 22 45 94 38 70 49 7 77 11 58 17 42 96 75 7 15 65 79 87 90 2 72 100 41 8 75 97 44 25 38 63 90 80 61 47 
75 47 89 62 15 29 4 28 22 12 48 55 85 99 87 36 4 72 93 2 32 84 89 51 16 88 77 20 23 1 23 32 19 4 55 81 77 65 30 76 24 15 67 28 42 66 3 28 94 46 64 18 19 63 35 1 78 30 86 3 6 24 23 27 26 94 55 11 67 50 86 3 58 51 48 36 35 25 86 
24 15 4 84 87 99 100 18 2 39 82 8 59 15 13 69 36 83 11 68 64 95 36 76 26 38 65 99 13 81 49 58 49 82 3 72 10 57 5 23 26 83 89 4 10 23 29 16 62 36 17 30 14 32 66 98 15 24 77 87 8 44 42 90 89 18 59 41 50 61 19 73 46 98 61 18 68 27 50 
30 96 66 27 86 63 58 3 55 66 7 1 100 83 52 95 96 34 40 16 28 24 44 73 61 95 63 32 11 47 38 22 16 95 31 39 93 21 95 95 100 56 19 31 67 100 23 45 89 87 6 8 84 70 54 43 83 60 29 75 37 19 45 46 50 31 11 25 70 97 78 28 40 91 69 44 24 70 75 
91 94 33 70 2 95 97 75 87 5 83 31 7 8 18 48 36 83 26 54 16 86 56 47 53 81 87 47 67 23 61 43 98 98 46 98 100 52 12 77 54 47 92 65 71 95 29 67 50 89 46 12 79 56 56 66 70 50 44 16 59 84 50 38 12 67 45 94 47 28 45 44 72 40 55 25 13 81 88 
18 65 5 55 84 68 69 52 79 20 91 10 98 75 94 71 72 77 91 32 45 1 28 31 13 85 8 12 63 24 5 18 80 59 78 57 69 61 31 68 51 6 32 64 34 82 26 88 80 66 81 89 80 63 21 19 51 89 18 52 80 98 27 22 53 63 91 65 3 93 56 97 42 76 15 31 62 91 55 
62 100 52 35 62 24 46 8 30 90 58 58 55 61 66 69 16 100 69 50 78 2 93 24 87 53 33 2 12 89 60 56 76 13 13 83 58 18 65 91 54 23 48 69 12 90 52 38 35 8 53 58 80 94 28 59 13 88 5 81 29 3 89 73 5 7 81 5 71 50 64 2 27 70 57 79 34 97 88 
16 75 89 92 33 22 69 41 78 46 32 14 23 87 94 13 7 64 65 88 99 71 21 82 59 23 71 77 54 36 10 41 65 63 93 74 85 16 47 23 11 12 72 18 13 93 20 90 4 6 53 5 90 66 36 52 36 6 7 24 7 84 21 66 39 87 7 62 32 91 45 1 95 73 2 50 37 33 61 
94 78 86 94 71 22 64 43 48 74 6 45 57 52 8 72 64 23 57 83 17 51 50 50 88 56 94 35 29 63 7 25 61 13 28 75 15 79 28 11 48 65 25 54 7 46 13 52 89 19 28 25 87 34 6 17 1 20 95 9 8 14 57 54 10 80 50 28 97 54 21 65 55 92 15 14 25 83 26 
11 24 99 70 85 99 80 38 51 1 96 7 63 80 70 92 72 9 47 69 86 42 65 92 9 95 87 15 94 27 76 57 13 14 69 25 79 14 30 13 85 61 83 46 57 11 63 92 52 56 2 79 82 70 92 82 99 23 30 87 73 87 23 63 71 91 84 58 33 95 13 58 40 88 89 38 28 11 24 
66 78 40 97 87 21 67 42 57 45 41 63 97 97 9 27 49 74 87 66 37 43 48 59 82 7 84 52 44 2 88 35 99 84 10 74 33 13 43 82 14 31 84 84 89 4 14 4 29 35 16 46 7 71 41 10 84 33 67 37 98 36 83 36 63 74 11 18 83 56 3 53 2 38 15 75 99 51 18 
45 33 22 27 74 29 50 82 61 17 30 20 24 11 8 73 90 61 89 87 38 38 10 56 93 3 52 39 24 72 25 68 36 66 57 47 65 99 100 80 45 52 81 97 68 12 44 49 89 10 46 13 18 36 45 100 67 3 44 11 50 50 85 89 83 9 34 46 46 18 59 4 16 93 51 28 62 75 63 
78 32 72 80 50 33 1 13 75 47 14 22 99 86 86 44 24 8 82 25 52 96 100 70 29 45 68 60 74 68 13 30 16 64 6 21 25 81 98 55 25 99 45 56 99 12 64 83 93 16 80 99 77 27 10 34 93 6 45 21 3 16 42 16 95 88 44 100 9 15 71 62 23 98 89 74 41 28 56 
29 24 74 100 31 21 89 53 2 98 70 8 62 99 24 59 23 28 77 54 12 35 29 45 51 29 66 76 49 69 52 19 69 8 57 15 88 20 12 85 28 65 78 11 20 51 20 87 85 84 41 66 91 4 85 40 13 94 56 41 30 99 84 55 68 26 95 45 81 61 36 51 18 93 55 46 68 11 50 
100 10 84 97 86 90 57 83 73 17 55 43 92 1 4 63 82 90 39 67 63 50 29 86 90 2 60 84 22 33 62 3 9 88 49 14 81 77 21 56 76 69 44 57 86 31 87 41 55 99 3 17 89 58 48 25 21 42 42 38 42 46 63 20 43 28 30 86 60 68 84 17 62 59 98 21 35 43 99 
88 22 35 45 30 28 88 57 35 68 67 29 15 58 77 71 19 75 100 34 6 37 86 22 18 12 61 38 16 77 2 72 25 8 81 93 52 48 91 38 88 61 60 57 42 62 78 93 15 47 20 12 99 89 83 100 22 97 63 80 26 43 60 46 49 8 61 83 37 59 1 93 48 61 85 29 2 64 78 
3
1 13 1 26
14 22 27 29
23 40 30 40
3
1 5 1 6
6 23 7 7
24 40 8 40
4
1 1 1 12
2 4 13 14
5 19 15 24
20 40 25 40
7
1 12 1 4
13 15 5 5
16 18 6 12
19 19 13 28
20 21 29 36
22 27 37 38
28 40 39 40
8
1 4 1 5
5 17 6 7
18 22 8 17
23 25 18 19
26 30 20 20
31 33 21 21
34 37 22 33
38 40 34 40
2
1 30 1 6
31 40 7 40
2
1 20 1 17
21 40 18 40
5
1 3 1 4
4 9 5 7
10 10 8 27
11 29 28 30
30 40 31 40
5
1 5 1 9
6 7 10 14
8 24 15 18
25 27 19 23
28 40 24 40
4
1 18 1 11
19 26 12 14
27 34 15 15
35 40 16 40
5
1 4 1 11
5 12 12 13
13 34 14 26
35 35 27 28
36 40 29 40
4
1 8 1 15
9 9 16 19
10 17 20 29
18 40 30 40
8
1 7 1 4
8 8 5 7
9 14 8 17
15 15 18 18
16 22 19 24
23 32 25 25
33 33 26 30
34 40 31 40
2
1 5 1 17
6 40 18 40
6
1 21 1 3
22 26 4 13
27 28 14 16
29 30 17 17
31 34 18 36
35 40 37 40
4
1 9 1 7
10 12 8 14
13 36 15 29
37 40 30 40
8
1 8 1 3
9 9 4 7
10 15 8 11
16 18 12 13
19 21 14 17
22 26 18 22
27 29 23 37
30 40 38 40
6
1 3 1 5
4 11 6 9
12 12 10 11
13 16 12 12
17 31 13 25
32 40 26 40
2
1 6 1 35
7 40 36 40
7
1 11 1 18
12 13 19 20
14 18 21 22
19 23 23 24
24 28 25 27
29 32 28 35
33 40 36 40
3
1 24 1 25
25 25 26 26
26 40 27 40
5
1 1 1 2
2 4 3 3
5 20 4 23
21 31 24 34
32 40 35 40
8
1 1 1 3
2 4 4 11
5 8 12 16
9 19 17 23
20 25 24 28
26 30 29 29
31 34 30 37
35 40 38 40
6
1 4 1 2
5 5 3 5
6 19 6 9
20 22 10 29
23 32 30 31
33 40 32 40
8
1 6 1 2
7 8 3 3
9 12 4 10
13 16 11 23
17 25 24 33
26 27 34 34
28 30 35 36
31 40 37 40
3
1 16 1 8
17 25 9 33
26 40 34 40
4
1 16 1 7
17 28 8 30
29 37 31 31
38 40 32 40
4
1 1 1 13
2 26 14 21
27 27 22 28
28 40 29 40
7
1 5 1 2
6 16 3 6
17 17 7 23
18 20 24 25
21 27 26 29
28 29 30 33
30 40 34 40
5
1 2 1 4
3 3 5 22
4 10 23 26
11 36 27 33
37 40 34 40
4
1 25 1 8
26 30 9 23
31 31 24 25
32 40 26 40
8
1 5 1 6
6 10 7 7
11 11 8 10
12 14 11 13
15 18 14 15
19 21 16 29
22 32 30 31
33 40 32 40
6
1 3 1 1
4 8 2 10
9 13 11 16
14 22 17 18
23 26 19 23
27 40 24 40
5
1 9 1 2
10 26 3 4
27 32 5 22
33 34 23 31
35 40 32 40
7
1 1 1 1
2 4 2 2
5 5 3 8
6 9 9 15
10 26 16 18
27 37 19 29
38 40 30 40
7
1 7 1 2
8 15 3 20
16 17 21 21
18 24 22 24
25 26 25 27
27 37 28 36
38 40 37 40
6
1 7 1 7
8 12 8 26
13 15 27 27
16 24 28 34
25 27 35 36
28 40 37 40
5
1 1 1 13
2 10 14 24
11 11 25 29
12 38 30 34
39 40 35 40
7
1 10 1 4
11 21 5 9
22 22 10 13
23 27 14 16
28 32 17 20
33 35 21 38
36 40 39 40
