10 10
21 74 7 64 2 3 35 77 41 57 89 66 59 46 44 78 88 8 84 
91 65 79 83 86 44 8 8 3 46 2 71 1 4 87 20 27 44 12 
53 85 62 77 3 99 8 42 75 81 1 32 65 91 58 93 80 86 93 
23 27 14 33 25 97 10 92 93 13 95 59 73 17 100 56 93 36 52 
5 4 40 44 33 61 36 13 31 82 55 97 65 83 9 32 87 25 23 
31 89 66 1 48 32 16 30 24 84 100 23 35 11 57 15 100 51 91 
33 39 64 4 63 31 68 38 33 63 79 6 80 11 66 68 96 9 12 
25 8 13 72 43 89 91 25 42 5 39 79 25 62 59 100 72 93 78 
68 24 100 74 58 46 79 86 67 63 5 9 86 53 82 12 71 12 88 
10 79 64 92 39 21 9 43 73 71 88 20 45 50 86 88 86 34 48 
2
1 4 1 5
5 10 6 10
4
1 3 1 2
4 4 3 6
5 6 7 7
7 10 8 10
2
1 7 1 7
8 10 8 10
3
1 6 1 6
7 8 7 8
9 10 9 10
3
1 2 1 1
3 4 2 4
5 10 5 10
4
1 1 1 5
2 2 6 6
3 6 7 7
7 10 8 10
2
1 5 1 5
6 10 6 10
4
1 3 1 5
4 5 6 7
6 6 8 8
7 10 9 10
4
1 1 1 1
2 5 2 2
6 7 3 4
8 10 5 10
