1000
816 506 806 125 794 463 723 349 169 803 326 137 394 939 181 481 798 10 104 249 642 757 176 719 800 987 364 761 449 829 158 874 468 2 113 918 603 707 763 152 387 907 944 660 187 409 663 377 500 977 325 703 293 270 683 446 943 471 685 21 812 576 144 100 546 146 60 379 427 799 842 866 852 48 119 357 882 258 141 893 897 87 410 35 472 534 930 692 366 514 976 459 271 1 95 210 540 938 285 677 570 220 960 937 470 963 183 457 414 952 331 980 626 328 972 776 415 42 643 911 44 442 411 452 106 83 819 788 596 605 207 904 142 287 567 555 217 26 848 758 167 552 359 79 791 967 67 160 398 599 444 121 609 840 512 912 720 584 588 49 992 954 836 112 656 130 23 75 856 653 885 827 199 43 342 956 773 934 97 805 80 822 235 569 849 111 549 515 214 157 345 378 618 877 947 838 694 786 407 136 915 735 3 484 367 475 467 772 480 93 676 300 25 89 393 889 778 133 636 131 297 825 524 76 243 853 811 447 984 502 304 221 96 833 242 134 213 910 405 551 658 282 916 166 933 122 881 631 292 855 548 236 216 573 594 7 741 795 195 180 485 682 559 403 830 557 18 353 646 40 462 138 227 513 932 15 81 784 41 532 128 376 982 408 388 693 296 801 474 52 749 469 991 755 903 614 66 116 64 347 193 775 390 864 895 172 630 189 416 264 920 479 628 46 727 4 617 69 478 362 988 84 341 91 391 714 900 458 627 36 717 689 890 497 263 762 591 821 710 351 802 336 820 722 335 330 706 361 751 273 891 746 888 556 374 709 72 102 219 894 39 439 913 51 11 127 914 70 959 865 945 759 686 863 329 510 610 6 188 268 105 558 28 701 77 239 574 600 766 797 958 440 670 311 657 708 58 309 696 13 237 508 971 267 724 465 808 488 253 896 251 860 644 491 736 565 906 175 873 787 313 516 495 204 789 170 887 294 883 550 986 61 752 828 688 566 869 492 543 279 436 503 150 870 902 844 702 810 640 998 684 140 965 868 884 346 563 777 278 846 34 429 931 322 770 925 994 321 999 523 16 173 650 461 604 109 841 572 153 698 875 511 310 839 678 989 107 82 732 88 973 352 796 624 381 437 212 50 845 974 301 223 665 184 225 756 619 314 428 275 993 424 252 742 792 260 745 704 386 38 24 531 182 305 858 343 544 17 135 456 276 254 354 901 365 74 438 308 817 54 533 476 781 585 339 876 55 537 545 375 996 324 190 445 483 412 31 522 396 995 312 623 634 669 327 564 246 477 350 280 161 397 975 560 110 659 667 872 384 509 946 399 697 577 218 231 358 528 370 261 962 815 679 274 441 718 371 499 229 674 47 332 823 151 149 318 63 126 743 580 561 205 908 595 740 228 633 878 835 928 120 923 299 355 700 575 635 734 607 602 651 641 185 850 482 725 807 406 90 782 422 647 368 337 568 715 286 373 226 671 654 156 899 382 536 486 344 118 266 451 611 201 961 507 298 402 385 598 103 234 316 147 590 712 288 114 695 964 450 115 490 57 489 940 921 498 164 178 283 277 238 905 926 85 648 73 37 200 675 496 154 432 582 291 592 307 780 168 814 323 191 966 53 690 290 867 259 632 687 420 622 922 340 529 880 581 774 579 124 295 383 666 983 197 360 145 317 754 733 257 423 652 521 269 957 211 94 832 86 955 62 65 433 929 30 760 224 98 739 162 404 196 969 19 662 494 435 639 673 691 222 306 518 434 289 953 645 203 179 9 256 857 730 716 779 664 389 898 744 672 250 101 587 186 230 56 997 699 425 978 45 132 240 661 255 281 769 108 209 247 726 527 750 5 990 413 233 629 380 356 621 713 148 818 505 198 71 363 768 831 804 655 202 369 985 968 948 320 194 454 936 941 241 731 493 927 979 517 245 601 464 392 554 765 612 538 262 334 487 14 519 12 753 764 668 949 942 951 8 542 215 535 501 400 553 981 59 681 606 729 748 583 418 20 129 177 443 448 430 620 767 143 539 589 917 649 272 924 466 92 586 837 854 721 372 401 809 348 578 886 843 171 747 790 455 338 526 165 431 303 174 33 847 29 192 319 302 530 395 1000 504 711 421 625 265 284 562 680 728 771 520 206 862 155 333 637 871 426 473 453 571 950 638 27 615 99 32 597 738 861 834 232 824 244 935 851 892 117 737 123 139 919 541 460 785 78 417 208 608 616 248 813 705 22 547 315 793 419 525 593 613 826 159 909 783 163 970 879 859 68 
1000
222 324
27 820
1 342
431 539
115 956
493 790
259 455
527 826
563 945
712 722
490 656
153 520
493 829
656 876
132 815
101 982
53 643
469 721
26 488
231 464
315 339
564 761
338 790
263 458
98 497
502 921
173 686
658 897
313 949
10 903
215 296
821 848
349 476
435 920
559 894
100 685
285 638
11 966
74 730
122 727
509 766
521 712
75 171
274 774
61 748
286 835
426 949
8 839
415 864
37 169
293 758
138 805
85 595
268 884
485 872
35 887
370 750
56 242
671 987
589 918
414 735
516 974
432 493
312 370
158 921
268 476
233 801
38 596
689 876
291 621
331 377
53 135
164 908
88 488
181 787
8 498
704 975
92 330
278 946
88 445
254 836
805 852
95 483
8 537
1 592
114 346
13 747
447 671
85 367
44 978
198 689
313 836
153 185
24 821
392 785
67 686
129 729
518 641
280 883
81 651
190 575
503 714
577 912
150 561
111 844
118 764
431 536
139 929
330 944
65 613
464 903
193 796
766 767
553 747
189 529
476 928
895 953
196 638
44 972
268 461
1 492
109 287
79 665
292 364
244 775
160 442
275 480
475 639
229 413
778 966
381 933
94 506
140 454
431 589
780 896
208 716
390 660
305 795
449 610
312 520
70 173
249 574
393 514
486 577
269 663
92 733
55 345
54 66
189 639
528 720
473 868
508 603
822 934
19 968
90 109
855 886
497 729
402 445
629 748
17 978
987 998
756 813
263 535
205 552
387 434
207 777
524 576
169 697
98 550
123 990
843 986
216 606
524 637
37 60
179 841
584 785
328 665
186 341
481 766
510 552
64 389
169 585
28 620
62 928
244 899
84 976
116 872
404 407
456 695
384 982
863 974
345 518
241 354
292 952
39 586
158 261
354 395
95 679
280 546
236 342
369 970
731 907
374 486
674 994
274 635
531 906
334 710
583 638
238 804
21 75
284 904
704 965
918 958
328 764
797 820
147 340
748 885
387 795
28 282
507 840
315 974
531 788
55 337
191 989
507 753
235 446
133 204
618 793
781 902
552 965
197 720
354 746
358 821
137 956
320 953
295 335
867 963
541 774
520 560
151 852
265 753
55 771
83 531
792 982
352 968
387 925
141 322
130 663
805 859
213 478
188 945
712 813
282 855
95 626
299 691
126 820
131 865
132 820
638 840
560 853
382 776
641 700
677 993
82 389
995 998
392 502
80 572
186 613
48 220
312 354
155 384
146 417
383 401
311 629
667 787
248 265
591 812
428 496
101 229
34 994
214 231
277 572
57 138
120 167
937 950
493 704
246 645
81 778
133 450
108 323
533 755
600 880
228 482
204 708
42 338
367 828
362 779
65 160
436 608
54 221
138 966
344 618
70 452
70 373
38 932
152 977
233 330
366 886
705 873
194 250
607 829
508 878
28 387
187 269
416 741
78 501
293 508
327 739
409 941
407 741
136 601
105 624
543 769
323 506
275 369
228 662
499 917
152 697
10 899
218 282
355 750
729 815
146 768
366 774
174 729
216 349
334 412
661 794
532 874
758 908
423 808
594 786
408 514
525 763
319 695
527 553
550 744
91 487
673 704
284 365
681 941
95 720
62 714
157 831
251 843
196 552
216 280
196 675
229 773
231 705
16 643
505 936
423 461
399 608
87 722
245 963
382 940
486 755
56 920
329 510
354 485
361 992
270 779
192 589
829 945
251 605
157 295
257 265
195 376
993 999
278 530
296 736
72 123
250 538
56 356
7 273
543 866
444 543
610 728
630 657
10 494
391 641
330 350
378 783
393 571
785 902
501 936
751 814
128 986
138 949
161 363
606 970
394 626
772 909
71 883
181 444
932 971
421 861
716 754
218 363
728 926
166 604
222 597
522 784
652 674
483 582
186 244
335 415
699 798
192 340
25 143
898 900
376 612
43 601
727 834
550 827
523 712
448 464
181 427
68 919
820 868
575 606
477 847
161 194
467 645
419 905
230 632
671 822
389 833
193 260
357 850
473 585
137 142
431 653
727 949
35 523
286 448
420 693
100 513
438 800
152 288
244 891
121 940
214 554
4 978
744 831
945 951
29 710
836 906
319 692
362 605
414 692
331 584
455 686
70 940
115 355
77 427
244 867
843 854
164 200
460 487
231 562
359 510
803 950
322 628
161 486
404 702
929 945
368 844
212 718
150 292
892 994
526 949
490 593
767 783
94 997
549 769
661 671
335 405
165 800
321 518
42 965
525 567
504 660
47 317
281 766
291 387
673 939
516 611
438 510
98 512
151 364
170 355
112 616
46 154
513 719
247 315
81 555
461 609
586 990
305 407
585 627
163 770
3 301
162 986
607 753
324 617
116 315
647 875
338 617
517 633
79 860
415 463
875 891
316 779
71 328
25 184
37 710
29 235
618 689
590 781
135 835
227 293
61 168
189 912
92 819
386 486
91 671
550 604
471 524
341 490
337 415
43 214
50 143
919 950
62 271
311 923
84 868
128 874
676 777
442 754
293 726
293 960
120 488
100 573
152 694
520 567
474 506
518 575
780 843
188 674
78 702
119 277
611 935
887 996
399 848
216 906
512 720
75 251
26 651
404 990
829 839
236 346
218 503
571 764
622 712
68 431
198 916
125 154
48 864
202 370
865 884
671 965
306 724
51 519
285 875
530 817
827 980
109 303
71 538
220 363
608 613
718 924
464 790
193 866
236 575
276 808
282 338
497 539
316 800
40 498
9 1000
192 590
148 217
64 522
498 842
211 992
301 336
347 491
725 996
118 171
223 236
265 386
585 933
145 225
173 852
26 435
597 645
128 354
463 746
451 500
345 952
169 380
248 445
242 994
81 408
4 587
264 870
173 869
343 515
526 998
193 558
122 825
134 194
10 974
243 254
324 480
423 505
478 871
49 981
203 931
496 569
391 649
439 904
885 892
620 732
368 396
239 807
127 853
360 444
240 422
89 292
132 916
566 876
327 842
9 574
327 948
40 670
853 996
21 398
103 344
81 392
31 234
117 144
358 635
590 840
107 164
257 517
235 729
627 946
384 644
340 939
127 813
842 913
237 839
48 571
104 916
139 546
156 424
60 840
69 421
194 838
220 252
224 659
360 686
27 257
278 501
412 629
235 389
214 232
225 1000
74 191
596 852
844 902
374 798
361 939
184 933
22 97
454 621
255 886
331 997
239 358
470 490
372 711
136 600
299 563
174 1000
433 538
200 252
229 949
246 404
339 985
696 812
104 702
581 683
614 660
305 752
626 902
115 135
303 846
222 764
60 321
763 882
113 463
382 585
212 745
507 723
180 881
65 998
474 953
601 764
611 929
204 886
246 839
305 864
545 895
253 284
426 873
165 177
153 530
650 656
135 522
221 817
337 557
365 800
513 565
299 322
196 454
444 750
148 962
209 477
99 888
101 821
467 812
298 741
771 950
340 351
762 854
84 495
439 760
158 344
374 544
404 705
526 623
63 451
355 773
303 610
842 972
118 473
302 603
12 111
243 802
65 356
106 984
221 817
912 969
278 469
17 549
198 929
220 585
473 864
471 797
512 521
209 729
400 967
139 223
599 897
894 942
455 550
489 980
619 820
671 699
260 614
450 714
352 691
246 434
393 935
241 338
256 654
755 916
695 756
295 762
66 995
441 831
577 989
149 686
98 618
38 287
25 821
224 928
255 648
66 998
632 661
212 729
527 793
370 945
546 640
442 949
353 356
417 871
373 991
79 253
103 849
133 331
500 657
559 636
475 890
572 736
26 696
421 803
500 917
189 515
573 791
547 815
387 779
455 661
186 857
355 436
543 593
196 303
693 826
495 757
240 524
224 533
79 632
622 976
743 982
237 496
140 406
630 726
96 976
443 539
329 824
67 882
464 870
84 586
156 864
319 724
495 782
796 950
32 698
32 422
940 980
409 810
59 752
90 339
568 643
236 862
186 205
670 950
325 501
16 194
371 754
160 425
80 215
262 414
33 133
187 991
434 918
82 959
348 964
41 211
284 460
540 976
373 455
225 605
556 711
318 560
126 315
714 867
536 747
327 843
386 927
54 233
260 954
104 504
390 722
433 433
787 955
257 713
169 512
635 815
318 834
212 518
192 529
58 742
152 696
482 898
223 315
293 393
315 525
525 561
19 96
371 930
200 686
177 620
9 531
229 796
657 770
278 770
403 458
882 887
399 647
139 383
535 892
397 716
525 723
85 552
52 926
74 741
44 491
343 909
289 622
268 679
156 256
453 648
489 642
458 854
309 465
238 495
502 670
707 819
77 449
770 947
523 601
634 862
900 989
595 827
47 394
186 324
79 419
693 838
438 510
732 978
532 539
110 870
73 268
827 888
563 949
218 555
455 971
328 791
177 652
494 664
332 823
117 119
40 327
559 802
456 722
322 752
744 913
233 528
75 105
6 927
302 515
127 654
508 926
421 639
417 729
362 704
78 142
908 961
110 818
224 295
100 118
401 571
121 204
835 957
62 717
971 982
99 932
56 422
385 390
47 105
85 388
64 682
148 569
89 126
293 321
10 540
