1998 1998
1300 615 0 666
514 925 0 0
1841 1606 2 0
915 1511 3 0
1571 1767 4 0
29 273 5 0
414 599 6 0
719 1439 7 0
45 1494 8 0
220 299 9 0
660 422 10 0
1362 1109 11 0
971 1826 12 0
1470 1965 13 0
1449 1532 14 0
857 340 15 0
1088 1348 16 0
1275 1677 17 0
1128 1431 18 0
1227 1520 19 0
1219 1575 20 0
1898 820 21 0
1369 1228 22 0
1154 1957 23 0
1770 1583 24 0
401 1190 25 0
1956 62 26 0
189 1740 27 0
243 1553 28 0
1993 1438 29 0
1833 491 30 0
1230 1927 31 0
1626 490 32 0
103 1177 33 0
601 183 34 0
1728 1151 35 0
1126 1585 36 0
1935 705 37 0
816 496 38 0
30 1578 39 0
1359 709 40 0
1955 67 41 0
1212 1198 42 0
1010 1134 43 0
198 58 44 0
427 747 45 0
144 645 46 0
1511 1954 47 0
86 1774 48 0
1462 488 49 0
1417 775 50 0
27 691 51 0
698 609 52 0
130 1395 53 0
333 549 54 0
794 387 55 0
1943 1888 56 0
386 1606 57 0
1976 669 58 0
1773 395 59 0
17 1710 60 0
1973 513 61 0
1137 1866 62 0
1105 1799 63 0
748 1923 64 0
780 1225 65 0
242 329 66 0
397 1504 67 0
399 229 68 0
96 779 69 0
323 477 70 0
545 1176 71 0
233 1722 72 0
698 210 73 0
1187 1518 74 0
1588 251 75 0
52 195 76 0
240 1010 77 0
1355 543 78 0
1739 506 79 0
1176 804 80 0
0 1913 81 0
1868 247 82 0
1756 267 83 0
1813 353 84 0
816 1292 85 0
910 1680 86 0
1662 178 87 0
1024 24 88 0
1787 987 89 0
755 1589 90 0
133 510 91 0
1445 451 92 0
1032 440 93 0
497 179 94 0
1902 1434 95 0
1892 733 96 0
1476 953 97 0
779 1347 98 0
858 1832 99 0
1448 669 100 0
159 23 101 0
661 376 102 0
670 1204 103 0
884 968 104 0
1625 1198 105 0
1057 1835 106 0
16 523 107 0
455 1866 108 0
1512 1335 109 0
50 632 110 0
1406 312 111 0
642 328 112 0
1850 236 113 0
1251 286 114 0
779 424 115 0
1944 1946 116 0
39 642 117 0
1732 1467 118 0
1444 933 119 0
1814 1898 120 0
1328 529 121 0
1242 1539 122 0
1491 256 123 0
1122 478 124 0
1995 1818 125 0
1423 1480 126 0
1337 728 127 0
1882 631 128 0
274 1603 129 0
1657 697 130 0
640 549 131 0
1361 1966 132 0
447 1507 133 0
853 1698 134 0
922 1217 135 0
929 1202 136 0
1158 1832 137 0
412 77 138 0
1890 740 139 0
763 945 140 0
351 1261 141 0
718 1541 142 0
218 282 143 0
1690 1531 144 0
1848 1234 145 0
1040 59 146 0
422 311 147 0
908 1502 148 0
169 1783 149 0
525 1840 150 0
85 1871 151 0
1891 1621 152 0
1541 796 153 0
1005 1640 154 0
120 1551 155 0
937 459 156 0
1196 90 157 0
40 139 158 0
1672 193 159 0
1409 1617 160 0
393 893 161 0
567 1399 162 0
363 781 163 0
1210 362 164 0
421 1217 165 0
1518 27 166 0
1867 54 167 0
736 1704 168 0
1779 936 169 0
214 397 170 0
212 1475 171 0
864 1521 172 0
1765 191 173 0
1510 1353 174 0
1578 1984 175 0
901 144 176 0
1025 1270 177 0
299 476 178 0
1372 229 179 0
486 1230 180 0
745 755 181 0
1270 1675 182 0
1807 1005 183 0
1879 621 184 0
1973 1526 185 0
717 1669 186 0
120 1601 187 0
613 371 188 0
653 1128 189 0
859 159 190 0
695 557 191 0
1588 770 192 0
1069 695 193 0
98 1082 194 0
251 1695 195 0
1928 1507 196 0
1509 1844 197 0
914 459 198 0
388 504 199 0
804 144 200 0
1185 1866 201 0
1476 1440 202 0
930 1915 203 0
444 383 204 0
425 1198 205 0
294 1365 206 0
746 1546 207 0
1621 475 208 0
493 715 209 0
1957 914 210 0
1817 1794 211 0
786 804 212 0
479 679 213 0
334 947 214 0
1746 943 215 0
221 1958 216 0
1320 1531 217 0
63 1245 218 0
929 591 219 0
1712 917 220 0
560 1573 221 0
1107 1589 222 0
827 785 223 0
1809 1479 224 0
535 48 225 0
725 104 226 0
718 192 227 0
111 1978 228 0
1234 801 229 0
1845 468 230 0
718 1784 231 0
1652 1696 232 0
693 1304 233 0
1238 1389 234 0
336 729 235 0
563 1174 236 0
1550 1618 237 0
892 191 238 0
476 1141 239 0
837 1943 240 0
509 907 241 0
1855 819 242 0
1589 176 243 0
1670 1249 244 0
1586 597 245 0
1680 640 246 0
192 324 247 0
1096 119 248 0
530 1241 249 0
839 1158 250 0
803 13 251 0
1188 1440 252 0
5 1889 253 0
47 1490 254 0
623 1102 255 0
410 671 256 0
362 1701 257 0
1328 810 258 0
446 173 259 0
925 438 260 0
958 289 261 0
1921 216 262 0
1457 917 263 0
789 346 264 0
1148 1554 265 0
1048 1238 266 0
205 35 267 0
1387 1745 268 0
1312 1463 269 0
458 1507 270 0
633 348 271 0
1980 691 272 0
176 1146 273 0
217 1528 274 0
1158 51 275 0
1669 131 276 0
1212 1976 277 0
324 588 278 0
810 1090 279 0
453 956 280 0
138 1397 281 0
1224 1979 282 0
280 1912 283 0
613 1992 284 0
1478 1572 285 0
1455 1022 286 0
572 606 287 0
1583 1017 288 0
1077 1657 289 0
234 1599 290 0
1366 1927 291 0
1595 1677 292 0
509 1345 293 0
657 734 294 0
1171 1512 295 0
70 842 296 0
229 0 297 0
462 277 298 0
579 825 299 0
1524 741 300 0
1112 736 301 0
306 739 302 0
1480 1330 303 0
1877 1029 304 0
878 922 305 0
904 1358 306 0
1970 99 307 0
1177 1580 308 0
379 548 309 0
1524 27 310 0
1533 1800 311 0
280 249 312 0
1920 1805 313 0
1083 1863 314 0
1789 838 315 0
710 859 316 0
587 882 317 0
934 886 318 0
1196 783 319 0
1333 710 320 0
1085 190 321 0
1768 1829 322 0
515 571 323 0
1209 725 324 0
1054 1299 325 0
1863 480 326 0
790 736 327 0
89 1192 328 0
126 1662 329 0
230 1672 330 0
1100 806 331 0
881 263 332 0
1117 268 333 0
469 645 334 0
1900 261 335 0
570 1097 336 0
1764 1590 337 0
1800 276 338 0
1566 791 339 0
784 681 340 0
983 950 341 0
153 1407 342 0
377 284 343 0
736 530 344 0
1055 1149 345 0
323 661 346 0
589 474 347 0
1803 1499 348 0
1902 527 349 0
1238 1344 350 0
1855 766 351 0
761 1206 352 0
1258 293 353 0
1615 1733 354 0
1936 1449 355 0
910 1573 356 0
512 1866 357 0
457 536 358 0
1953 1655 359 0
1451 48 360 0
98 1423 361 0
1811 702 362 0
1341 1493 363 0
1906 1411 364 0
649 1633 365 0
74 1942 366 0
332 676 367 0
540 1157 368 0
226 1598 369 0
1898 1062 370 0
1917 1968 371 0
1323 1407 372 0
1880 1054 373 0
1635 1042 374 0
1466 1002 375 0
1060 1006 376 0
1030 1159 377 0
1872 106 378 0
506 1424 379 0
1185 1657 380 0
1289 478 381 0
1534 1058 382 0
1107 922 383 0
674 1595 384 0
258 1801 385 0
452 734 386 0
1270 1945 387 0
366 1844 388 0
1603 600 389 0
1295 587 390 0
853 1316 391 0
1228 1061 392 0
1375 422 393 0
222 231 394 0
224 860 395 0
1262 1070 396 0
706 1051 397 0
1282 1682 398 0
946 1052 399 0
810 1698 400 0
465 238 401 0
1187 284 402 0
205 1222 403 0
551 1595 404 0
1185 1086 405 0
670 838 406 0
1205 1705 407 0
612 397 408 0
232 1748 409 0
1629 1037 410 0
1779 1213 411 0
1213 1418 412 0
13 1242 413 0
726 341 414 0
1426 521 415 0
1040 483 416 0
1264 417 417 0
701 1657 418 0
721 1916 419 0
493 1055 420 0
641 636 421 0
673 1673 422 0
1059 488 423 0
1868 44 424 0
498 1400 425 0
500 154 426 0
86 309 427 0
805 1426 428 0
1887 3 429 0
520 117 430 0
90 1282 431 0
13 1072 432 0
173 589 433 0
1350 281 434 0
430 661 435 0
1620 676 436 0
824 216 437 0
715 1623 438 0
1233 100 439 0
1394 617 440 0
235 1235 441 0
1661 1954 442 0
1741 163 443 0
1629 1394 444 0
1241 552 445 0
352 259 446 0
1816 1297 447 0
626 1314 448 0
1050 709 449 0
938 1665 450 0
1370 1967 451 0
248 489 452 0
1121 229 453 0
1945 81 454 0
1832 1801 455 0
590 1385 456 0
1311 1461 457 0
1809 1493 458 0
1777 499 459 0
1241 1571 460 0
507 1162 461 0
1107 1738 462 0
952 1283 463 0
1745 531 464 0
1841 690 465 0
1983 258 466 0
1130 678 467 0
428 1170 468 0
1188 783 469 0
666 690 470 0
1403 251 471 0
1353 1220 472 0
809 1032 473 0
730 738 474 0
456 1513 475 0
1603 1698 476 0
768 1534 477 0
928 677 478 0
749 1424 479 0
264 578 480 0
802 704 481 0
253 37 482 0
567 1614 483 0
1247 1311 484 0
1059 773 485 0
1717 1517 486 0
469 436 487 0
117 1568 488 0
1481 1223 489 0
1671 1433 490 0
1116 154 491 0
1395 241 492 0
417 829 493 0
1322 997 494 0
346 871 495 0
1670 305 496 0
1415 683 497 0
168 1480 498 0
340 1677 499 0
901 403 500 0
1535 31 501 0
867 1663 502 0
124 1106 503 0
1874 893 504 0
872 1561 505 0
1066 984 506 0
1522 1687 507 0
270 1098 508 0
550 985 509 0
897 808 510 0
1739 1599 511 0
1043 1942 512 0
1169 1179 513 0
1156 1071 514 0
350 973 515 0
990 846 516 0
1722 790 517 0
990 1192 518 0
1561 1381 519 0
295 1588 520 0
113 999 521 0
1589 528 522 0
1229 140 523 0
1685 1376 524 0
879 1506 525 0
609 786 526 0
1502 1780 527 0
1174 1951 528 0
129 239 529 0
238 46 530 0
320 160 531 0
784 146 532 0
751 190 533 0
310 108 534 0
1630 739 535 0
532 424 536 0
214 250 537 0
1465 842 538 0
245 757 539 0
1428 1196 540 0
506 1545 541 0
1648 130 542 0
1445 313 543 0
1787 918 544 0
1826 791 545 0
1534 694 546 0
582 1130 547 0
1267 531 548 0
168 342 549 0
451 1884 550 0
34 1950 551 0
1440 279 552 0
579 747 553 0
1985 769 554 0
1035 1287 555 0
1405 930 556 0
471 805 557 0
1666 1462 558 0
126 12 559 0
854 1359 560 0
1484 559 561 0
1093 267 562 0
496 1418 563 0
70 183 564 0
840 409 565 0
89 299 566 0
308 398 567 0
1131 1269 568 0
919 505 569 0
576 264 570 0
1585 1284 571 0
1268 1149 572 0
705 1276 573 0
1054 1634 574 0
1239 1681 575 0
412 881 576 0
1899 1365 577 0
1359 1087 578 0
1788 1775 579 0
777 1592 580 0
1578 1636 581 0
1684 1759 582 0
1831 998 583 0
377 1932 584 0
876 1173 585 0
1174 1903 586 0
521 1469 587 0
1651 1723 588 0
148 208 589 0
479 1079 590 0
685 900 591 0
501 881 592 0
1067 723 593 0
327 375 594 0
1389 813 595 0
193 1143 596 0
461 1979 597 0
1530 163 598 0
254 586 599 0
846 1957 600 0
1226 518 601 0
429 1985 602 0
1920 142 603 0
1323 1154 604 0
442 179 605 0
1340 538 606 0
1504 319 607 0
904 874 608 0
1163 1383 609 0
442 443 610 0
1162 1363 611 0
446 603 612 0
1870 1820 613 0
1116 1451 614 0
875 572 615 0
1257 1392 616 0
1240 1696 617 0
1696 1595 618 0
1508 701 619 0
1842 1921 620 0
1390 858 621 0
434 536 622 0
25 1017 623 0
1700 1020 624 0
1186 862 625 0
619 1820 626 0
1561 8 627 0
669 680 628 0
290 675 629 0
626 508 630 0
1686 1715 631 0
1416 607 632 0
667 1251 633 0
864 452 634 0
1922 174 635 0
508 1926 636 0
441 257 637 0
1500 1758 638 0
985 1177 639 0
264 995 640 0
1483 938 641 0
141 1845 642 0
1734 129 643 0
98 731 644 0
1209 819 645 0
1064 79 646 0
97 1108 647 0
602 1651 648 0
177 1180 649 0
930 409 650 0
976 1033 651 0
816 1504 652 0
821 1749 653 0
1809 1883 654 0
749 977 655 0
1486 1598 656 0
1838 1088 657 0
2 14 658 0
1082 1229 659 0
1812 1977 660 0
205 1645 661 0
1144 1858 662 0
454 1638 663 0
229 1646 664 0
1738 1625 665 998
509 495 0 0
1325 1600 667 673
1414 1061 0 0
1992 101 669 671
1451 1284 0 672
1900 331 0 0
1125 536 670 0
750 1376 668 675
757 338 0 0
1840 409 674 677
1489 404 0 678
131 292 0 709
53 1990 0 0
285 1129 679 683
751 586 0 682
1220 1080 0 0
150 473 681 0
419 889 680 687
799 366 0 0
1515 1123 685 0
1713 23 686 0
251 1240 684 691
509 409 0 0
1760 1448 689 0
1070 1628 690 0
737 1068 688 697
1855 546 0 0
511 191 693 0
118 1936 694 696
235 760 0 0
1492 388 695 702
337 1734 0 700
1613 1248 0 0
224 1624 699 701
260 189 0 0
662 607 698 705
1268 808 0 704
1696 285 0 0
1767 502 703 708
1682 149 0 0
1532 1376 706 0
399 265 707 0
640 997 692 711
471 1313 0 0
752 468 710 0
558 718 676 725
428 97 0 718
887 879 0 715
737 605 0 0
393 620 714 717
1447 782 0 0
385 1878 716 0
1526 1078 713 720
1993 1482 0 721
1046 313 0 0
438 1337 719 723
233 1117 0 724
1893 1756 0 0
1792 1661 722 727
315 822 0 0
1920 399 726 0
730 1590 712 909
1581 1850 0 0
296 1179 729 0
1437 1313 730 732
505 52 0 741
1574 1753 0 0
91 591 733 737
752 622 0 0
430 883 735 0
1874 140 736 740
1244 1447 0 0
467 961 738 0
503 752 739 0
185 1699 734 743
1065 1107 0 0
851 1400 742 745
1480 549 0 0
245 780 744 0
1130 1848 731 748
1656 127 0 0
1545 253 747 749
1740 782 0 750
809 59 0 0
1332 1480 746 753
570 981 0 0
1778 1609 752 754
27 772 0 755
260 343 0 759
605 36 0 0
1349 1199 756 758
942 891 0 0
1157 340 757 761
244 976 0 0
1193 1360 760 763
1239 1790 0 0
1788 1509 762 0
1249 1635 751 777
924 371 0 775
854 1239 0 774
1071 1086 0 771
1789 1764 0 769
1901 1585 0 0
1074 1772 768 0
588 1447 770 772
318 1642 0 773
1979 1646 0 0
1681 1408 767 0
91 1337 766 776
675 1281 0 0
4 1794 765 779
1419 929 0 0
394 944 778 780
170 808 0 781
739 1364 0 0
1549 1794 764 907
245 447 0 784
1404 1343 0 785
1002 855 0 786
232 1612 0 787
861 1688 0 788
1397 591 0 0
133 844 783 790
249 762 0 0
1027 56 789 824
1617 1506 0 0
462 445 792 794
1360 1701 0 0
1047 384 793 797
865 202 0 0
932 1101 796 798
1297 1531 0 799
1778 873 0 0
692 1397 795 806
1032 344 0 0
258 1585 801 803
553 1124 0 805
166 431 0 0
419 585 804 0
1824 1264 802 809
1319 1145 0 0
1329 1909 807 0
342 1110 808 822
840 454 0 817
1126 314 0 812
1184 386 0 816
938 857 0 0
1175 850 813 0
1677 24 814 0
1170 638 815 0
1540 937 811 819
1320 61 0 0
666 1016 818 820
828 1671 0 821
1831 735 0 0
1657 717 810 823
1266 302 0 0
542 429 800 855
55 1670 0 0
1444 692 825 830
740 837 0 0
713 707 827 0
743 1575 828 0
1505 1056 829 831
144 617 0 0
218 66 826 846
345 59 0 834
745 924 0 835
1681 409 0 836
274 108 0 0
669 636 833 840
1664 1005 0 0
1355 557 838 0
1941 464 839 841
1747 492 0 0
1257 317 837 843
1412 223 0 844
451 339 0 845
1126 1201 0 0
57 115 842 0
338 48 832 849
1270 1318 0 0
221 563 848 852
1847 574 0 0
726 1838 850 0
724 701 851 853
1294 242 0 854
1676 383 0 0
266 683 847 901
599 93 0 857
1230 1540 0 858
1280 1599 0 859
1537 336 0 0
704 1482 856 893
1107 1267 0 880
1700 1040 0 866
1687 1505 0 865
1310 1815 0 0
1934 1766 864 0
1537 369 863 0
1745 547 862 874
1029 1864 0 870
1903 1587 0 0
1925 319 869 0
92 1285 868 872
1291 608 0 873
79 1378 0 0
1623 1380 871 875
809 1344 0 877
1552 1159 0 0
1535 1710 876 878
1322 746 0 879
1735 938 0 0
1047 1772 867 0
585 1233 861 883
1600 1735 0 0
1334 1898 882 888
1926 670 0 885
64 986 0 0
1938 957 884 887
1977 333 0 0
276 555 886 892
1052 1440 0 890
798 490 0 0
775 1152 889 0
1178 444 891 0
1922 857 881 898
1968 770 0 896
254 1017 0 0
1394 1926 895 897
475 1431 0 0
1326 1421 894 899
1990 82 0 900
814 1985 0 0
1270 1161 860 902
628 845 0 906
515 1170 0 904
1586 444 0 905
167 634 0 0
1497 1348 903 0
511 41 791 908
1925 1937 0 0
1784 672 782 993
1390 1800 0 911
1338 1463 0 0
491 1506 910 913
1022 428 0 914
1284 1389 0 0
1820 391 912 0
1898 138 915 970
771 623 0 918
692 954 0 927
1811 877 0 0
373 760 919 0
116 1014 920 922
419 155 0 0
1280 1158 921 924
1208 1267 0 0
1453 486 923 926
1269 320 0 0
471 1107 925 928
1046 817 0 929
40 1015 0 0
1172 1922 917 963
1297 1 0 932
984 1250 0 0
1275 1007 931 935
305 1927 0 0
1778 776 934 937
1934 842 0 0
907 246 936 0
1508 31 933 943
574 1145 0 940
618 1886 0 0
906 1436 939 0
161 1201 941 0
1600 1235 942 944
1478 59 0 0
1811 1529 938 948
708 1801 0 947
684 470 0 0
1159 65 946 954
488 1313 0 0
1910 1497 949 952
1836 1434 0 0
670 633 951 0
894 932 950 0
673 1300 953 959
555 895 0 956
1065 343 0 958
1001 241 0 0
1187 140 957 0
1610 1426 955 962
1595 1648 0 0
341 231 960 0
1869 371 961 0
1446 524 945 964
975 1255 0 966
1915 217 0 0
399 1741 965 0
677 126 930 968
1785 1108 0 969
995 229 0 0
427 1963 967 973
1341 578 0 0
844 353 971 0
1478 1940 972 975
132 929 0 0
614 973 974 976
1945 836 0 0
1863 653 916 983
663 600 0 0
1003 1242 978 980
63 592 0 0
146 455 979 982
1978 912 0 0
295 1957 981 985
574 1322 0 0
1400 743 984 986
114 1703 0 991
144 827 0 989
1826 976 0 0
1278 1307 988 0
1064 1392 987 0
1127 1253 990 992
233 416 0 0
1128 1128 977 995
9 1145 0 0
1174 1008 994 997
316 962 0 0
953 488 996 0
538 393 728 1129
1323 1479 0 0
1433 1623 999 1007
1630 1034 0 0
802 1180 1001 1003
1479 1631 0 0
482 366 1002 1005
1958 410 0 1006
1900 1543 0 0
1457 1710 1004 1008
1619 292 0 1009
1073 1404 0 1010
1410 1404 0 0
614 798 1000 1020
1234 909 0 1013
990 1469 0 0
1636 1450 1012 1015
1534 1945 0 1016
1576 1437 0 0
884 646 1014 0
1396 222 1017 1019
457 1709 0 0
103 1930 1018 1026
72 1358 0 0
1115 947 1021 1023
91 1366 0 1025
924 1096 0 0
1629 246 1024 0
876 474 1022 0
204 349 1011 1036
230 1967 0 1029
1892 892 0 0
1633 1381 1028 1035
1573 340 0 0
842 1247 1031 1034
1213 1760 0 0
800 220 1033 0
300 283 1032 0
242 1847 1030 1037
828 437 0 0
947 1906 1027 1046
1816 1474 0 0
556 886 1039 1043
1905 1608 0 0
985 1365 1041 0
429 1682 1042 0
583 65 1040 1045
234 1290 0 0
1946 88 1044 1076
18 417 0 0
1930 790 1047 1049
1132 447 0 0
855 645 1048 1052
1953 476 0 0
1946 823 1051 1053
803 341 0 1054
1808 210 0 1055
1266 991 0 0
1831 1244 1050 1057
568 1028 0 1058
1047 1253 0 0
1091 1974 1056 1060
51 1556 0 1061
113 184 0 0
689 452 1059 0
1432 1931 1062 1065
408 1713 0 0
280 1950 1064 1066
295 1152 0 0
1656 1123 1063 1074
814 1144 0 1069
93 202 0 0
1912 1803 1068 1071
1705 4 0 0
51 1430 1070 1073
1624 669 0 0
739 844 1072 1075
162 1898 0 0
1120 572 1067 1081
23 1641 0 0
240 1498 1077 1079
365 1539 0 0
1624 847 1078 0
1149 891 1080 1088
1414 67 0 0
410 690 1082 1085
1927 105 0 0
1873 274 1084 1086
71 1476 0 0
1465 309 1083 0
1845 974 1087 1092
549 1177 0 1090
1177 1996 0 0
1748 1126 1089 0
339 604 1091 1093
1324 393 0 1094
331 1099 0 0
52 799 1038 1126
308 47 0 1099
855 1862 0 1098
1414 725 0 0
1876 1847 1097 1100
295 1564 0 1101
1756 1564 0 0
1047 739 1096 1104
1827 1806 0 0
680 1872 1103 1105
164 642 0 0
1870 1717 1102 1107
1007 105 0 1112
1345 1139 0 0
1426 242 1108 1110
745 1546 0 1111
1542 815 0 0
287 1855 1109 1115
847 1602 0 1114
1355 43 0 0
1520 798 1113 1116
1925 1683 0 0
959 750 1106 1124
1256 1261 0 0
698 108 1118 1120
9 459 0 0
102 883 1119 0
1567 47 1121 1123
899 32 0 0
1745 530 1122 1125
1834 1155 0 0
367 1034 1117 1128
1397 1706 0 0
996 1543 1127 0
1750 195 1095 1333
497 1101 0 1137
1398 156 0 1134
1802 545 0 0
118 954 1132 0
848 1121 1133 1136
19 709 0 0
775 1866 1135 0
1474 1336 1131 1138
362 1596 0 0
763 1514 1130 1144
99 191 0 1141
1543 1986 0 0
736 253 1140 1143
1066 1965 0 0
469 1067 1142 0
1066 1749 1139 1221
1524 397 0 1149
45 451 0 1148
1744 478 0 0
1053 1616 1147 1150
402 1592 0 0
1034 362 1146 1153
679 1273 0 0
353 704 1152 1154
725 1224 0 0
1549 615 1151 1163
552 388 0 1157
287 1672 0 0
1168 1129 1156 1160
1697 976 0 0
806 1105 1159 1162
1138 1617 0 0
1461 1016 1161 0
1624 1345 1158 1188
1448 1689 0 1175
758 935 0 0
781 631 1165 1167
958 1172 0 0
865 731 1166 1169
514 1878 0 1170
28 1453 0 1172
195 1538 0 0
1134 159 1171 1174
1888 1797 0 0
404 1937 1173 0
977 826 1168 1182
1856 1500 0 0
95 294 1176 1181
914 243 0 0
1358 559 1178 1180
840 1265 0 0
1384 932 1179 0
2 1514 1177 1183
1932 61 0 1187
1261 1182 0 1185
1110 456 0 1186
1524 209 0 0
1261 1181 1184 0
1063 368 1164 1190
897 1784 0 0
1537 1483 1189 1194
1680 776 0 0
1229 1559 1191 0
1212 1582 1192 0
216 314 1193 1195
1726 1112 0 0
1315 44 1155 1214
410 1657 0 0
1687 131 1197 1212
165 1719 0 0
187 1908 1199 1202
1676 1793 0 0
97 292 1201 1207
313 770 0 0
435 83 1203 0
1102 1891 1204 1206
214 712 0 0
1465 253 1205 0
486 1331 1200 1209
1777 748 0 1211
1831 1184 0 0
1161 1242 1210 0
681 1627 1208 1213
356 1715 0 0
340 1873 1198 1217
252 785 0 1216
296 451 0 0
1319 49 1215 1220
406 23 0 0
1785 158 1218 0
1738 422 1219 0
1663 171 1196 1240
1225 1107 0 0
524 353 1222 1237
1376 78 0 0
1024 1531 1224 0
1974 243 1225 1227
1248 1394 0 0
585 1397 1226 1234
1232 1035 0 0
1126 1072 1229 1231
1421 744 0 0
1834 1819 1230 1233
1126 589 0 0
940 1081 1232 1235
367 1889 0 1236
981 716 0 0
528 1396 1228 1239
72 961 0 0
1922 575 1238 0
1622 527 1223 1300
332 821 0 0
1513 1258 1241 1247
1488 493 0 1244
1160 1768 0 0
1656 1067 1243 1246
490 605 0 0
1130 1103 1245 0
1985 1380 1242 1252
1576 1789 0 1251
847 1254 0 0
463 1327 1250 0
452 1742 1249 1253
215 444 0 1254
44 405 0 0
488 257 1248 1267
1782 531 0 0
606 230 1256 1259
307 956 0 0
1324 1227 1258 1262
225 1709 0 0
740 1444 1260 0
416 1486 1261 0
406 1455 1257 1264
461 263 0 1266
1315 1741 0 0
1091 1718 1265 0
1220 801 1263 1270
1186 1379 0 0
49 207 1268 0
677 52 1269 1273
137 808 0 0
1576 815 1271 0
578 1776 1272 0
1297 965 1255 1276
1389 406 0 0
361 407 1275 0
1602 1514 1274 1286
754 925 0 1279
169 1936 0 0
685 1984 1278 0
756 171 1280 0
649 78 1281 0
82 1075 1282 1284
1618 1952 0 1285
529 1156 0 0
1098 1139 1283 0
484 1470 1277 1294
959 661 0 1292
1181 1000 0 1290
1564 1408 0 1291
1472 1498 0 0
45 500 1289 1293
55 1317 0 0
49 1924 1288 1295
1734 1818 0 1299
1495 935 0 0
378 376 1296 1298
1529 1203 0 0
472 975 1297 0
1810 1825 1287 1330
453 1706 0 1302
593 645 0 0
1298 977 1301 0
1158 1525 1303 1305
1780 1125 0 0
876 828 1304 1307
1270 1862 0 0
1939 556 1306 1322
1748 23 0 0
1871 1062 1309 0
136 928 1310 1312
625 386 0 0
251 58 1311 1321
1797 845 0 1315
1373 1700 0 1316
1286 1107 0 0
1489 1166 1314 1320
307 1592 0 1319
1606 1521 0 0
1496 1768 1318 0
643 208 1317 0
1055 1886 1313 1324
80 1238 0 0
989 1235 1323 1328
1971 511 0 1327
1768 227 0 0
1706 1168 1326 0
1257 1770 1325 1329
686 1885 0 0
815 921 1308 1332
1673 1377 0 0
908 1793 1331 0
1684 869 1145 1334
1858 154 0 1335
1005 1488 0 1336
1594 965 0 1337
457 544 0 1338
305 1145 0 1339
314 636 0 1340
979 1611 0 1341
1689 412 0 1342
843 1771 0 1343
635 1557 0 1344
781 126 0 1345
1466 1354 0 1346
130 1383 0 1347
429 1967 0 1348
221 1995 0 1349
1699 1444 0 1350
1921 152 0 1351
583 1691 0 1352
1048 1859 0 1353
1309 88 0 1354
1443 697 0 1355
1806 1400 0 1356
146 731 0 1357
718 1026 0 1358
1662 1150 0 1359
1684 1188 0 1360
1489 1304 0 1361
1973 1142 0 1362
479 1190 0 1363
637 1415 0 1364
662 1283 0 1365
115 384 0 1366
893 1382 0 1367
399 850 0 1368
1072 1378 0 1369
415 1264 0 1370
580 889 0 1371
91 600 0 1372
1699 1505 0 1373
34 24 0 1374
1084 280 0 1375
214 650 0 1376
1953 1121 0 1377
1177 1637 0 1378
42 656 0 1379
1949 1046 0 1380
1385 1383 0 1381
1192 1026 0 1382
216 1113 0 1383
808 1614 0 1384
278 724 0 1385
170 437 0 1386
1568 508 0 1387
154 335 0 1388
401 1165 0 1389
1455 1747 0 1390
1447 860 0 1391
1142 384 0 1392
1241 1499 0 1393
88 1360 0 1394
127 99 0 1395
229 1042 0 1396
1659 491 0 1397
709 392 0 1398
1388 845 0 1399
1971 953 0 1400
1116 1751 0 1401
320 45 0 1402
1935 1409 0 1403
1757 286 0 1404
1756 908 0 1405
137 698 0 1406
841 1363 0 1407
1373 976 0 1408
1670 1434 0 1409
1777 643 0 1410
283 1954 0 1411
532 1735 0 1412
939 1968 0 1413
1485 133 0 1414
702 494 0 1415
533 1207 0 1416
835 1359 0 1417
1095 292 0 1418
680 1286 0 1419
1597 1186 0 1420
1702 278 0 1421
1438 1474 0 1422
1338 1135 0 1423
440 148 0 1424
586 1610 0 1425
530 1248 0 1426
364 364 0 1427
1610 909 0 1428
1261 1947 0 1429
1222 466 0 1430
632 111 0 1431
802 1689 0 1432
133 1735 0 1433
302 24 0 1434
1964 656 0 1435
128 454 0 1436
1593 64 0 1437
1960 1492 0 1438
1196 1687 0 1439
159 1985 0 1440
951 1640 0 1441
473 1919 0 1442
415 507 0 1443
252 450 0 1444
329 1314 0 1445
859 144 0 1446
916 376 0 1447
627 82 0 1448
869 621 0 1449
1530 107 0 1450
371 1487 0 1451
1165 806 0 1452
1002 1080 0 1453
907 723 0 1454
267 1949 0 1455
1613 426 0 1456
1451 1203 0 1457
1347 1762 0 1458
1777 1943 0 1459
971 1156 0 1460
372 1691 0 1461
1979 705 0 1462
843 717 0 1463
1560 1173 0 1464
1627 277 0 1465
363 91 0 1466
1536 814 0 1467
1574 1192 0 1468
971 259 0 1469
752 716 0 1470
638 1383 0 1471
1962 1941 0 1472
1094 1109 0 1473
1923 296 0 1474
1639 766 0 1475
21 544 0 1476
1227 896 0 1477
1361 93 0 1478
1355 1982 0 1479
1725 1372 0 1480
830 75 0 1481
490 909 0 1482
1932 1061 0 1483
1148 1113 0 1484
1092 548 0 1485
1396 674 0 1486
306 104 0 1487
142 153 0 1488
1241 1428 0 1489
1786 1239 0 1490
228 481 0 1491
1506 1890 0 1492
1608 1076 0 1493
1788 1620 0 1494
1969 869 0 1495
1761 1734 0 1496
484 10 0 1497
754 149 0 1498
1184 111 0 1499
474 933 0 1500
1880 303 0 1501
1505 1515 0 1502
77 319 0 1503
377 1631 0 1504
1731 1901 0 1505
1109 1956 0 1506
550 1929 0 1507
363 1599 0 1508
1089 1175 0 1509
1922 92 0 1510
1171 627 0 1511
562 427 0 1512
157 1216 0 1513
1871 60 0 1514
1423 1856 0 1515
654 522 0 1516
596 244 0 1517
707 666 0 1518
48 602 0 1519
1425 774 0 1520
71 501 0 1521
403 1429 0 1522
85 111 0 1523
1991 905 0 1524
503 1607 0 1525
989 1483 0 1526
1873 190 0 1527
1400 820 0 1528
751 1332 0 1529
382 152 0 1530
394 1085 0 1531
995 1008 0 1532
1840 646 0 1533
1187 627 0 1534
1864 1103 0 1535
1988 700 0 1536
991 717 0 1537
606 139 0 1538
307 1708 0 1539
1516 561 0 1540
1535 115 0 1541
1652 838 0 1542
885 413 0 1543
327 912 0 1544
1909 1391 0 1545
1317 1186 0 1546
464 413 0 1547
1906 987 0 1548
1194 308 0 1549
260 1246 0 1550
838 1501 0 1551
307 1186 0 1552
1326 1268 0 1553
1350 911 0 1554
1366 1445 0 1555
1570 1858 0 1556
1916 21 0 1557
1309 973 0 1558
212 1747 0 1559
378 1285 0 1560
478 356 0 1561
16 779 0 1562
1819 652 0 1563
13 378 0 1564
696 1878 0 1565
1911 1625 0 1566
316 417 0 1567
99 1840 0 1568
1912 1645 0 1569
767 325 0 1570
1243 1691 0 1571
1322 1012 0 1572
1549 797 0 1573
1917 257 0 1574
1383 1098 0 1575
1460 774 0 1576
1324 13 0 1577
38 898 0 1578
535 1435 0 1579
1524 0 0 1580
1464 1218 0 1581
670 1344 0 1582
857 26 0 1583
1769 539 0 1584
380 868 0 1585
1803 1726 0 1586
1352 1044 0 1587
644 926 0 1588
1956 1708 0 1589
128 1303 0 1590
301 1605 0 1591
1033 474 0 1592
439 1183 0 1593
640 1703 0 1594
1861 994 0 1595
239 1765 0 1596
582 1628 0 1597
1683 649 0 1598
1660 741 0 1599
1249 1311 0 1600
1349 710 0 1601
1015 1719 0 1602
795 1803 0 1603
1604 1492 0 1604
1240 1058 0 1605
657 1345 0 1606
1396 1972 0 1607
336 522 0 1608
698 1632 0 1609
1552 255 0 1610
1863 284 0 1611
1690 1693 0 1612
1549 1315 0 1613
1195 1711 0 1614
1592 1088 0 1615
849 178 0 1616
1927 785 0 1617
1273 1107 0 1618
44 952 0 1619
1906 404 0 1620
442 207 0 1621
1070 191 0 1622
1174 1975 0 1623
1744 185 0 1624
434 942 0 1625
1842 1807 0 1626
364 1174 0 1627
1369 151 0 1628
870 1552 0 1629
594 761 0 1630
149 1066 0 1631
1792 234 0 1632
1767 762 0 1633
680 897 0 1634
779 1985 0 1635
1049 1758 0 1636
151 214 0 1637
650 926 0 1638
1101 511 0 1639
63 1479 0 1640
398 827 0 1641
1697 1475 0 1642
648 1761 0 1643
880 1528 0 1644
3 1600 0 1645
1554 926 0 1646
343 425 0 1647
772 1981 0 1648
1538 723 0 1649
1271 1233 0 1650
1176 1672 0 1651
463 799 0 1652
1534 868 0 1653
1310 845 0 1654
356 1268 0 1655
312 1862 0 1656
703 853 0 1657
613 1114 0 1658
1470 20 0 1659
1475 1880 0 1660
1488 302 0 1661
152 1903 0 1662
4 1541 0 1663
1345 712 0 1664
1739 695 0 1665
212 0 0 1666
847 1293 0 1667
534 1608 0 1668
1106 1608 0 1669
1694 1997 0 1670
1245 723 0 1671
665 1816 0 1672
1167 1175 0 1673
233 1964 0 1674
77 1111 0 1675
1459 1765 0 1676
1394 1996 0 1677
239 1078 0 1678
1244 973 0 1679
1387 1773 0 1680
425 826 0 1681
265 1530 0 1682
220 940 0 1683
229 316 0 1684
258 1490 0 1685
774 594 0 1686
935 1928 0 1687
1441 439 0 1688
1243 266 0 1689
552 243 0 1690
1147 359 0 1691
157 1767 0 1692
340 1059 0 1693
560 1903 0 1694
1533 1146 0 1695
1224 1486 0 1696
313 1681 0 1697
1567 1755 0 1698
598 916 0 1699
179 715 0 1700
1096 1561 0 1701
349 884 0 1702
1127 600 0 1703
24 1631 0 1704
374 1658 0 1705
1094 1197 0 1706
704 1619 0 1707
1253 230 0 1708
442 843 0 1709
994 384 0 1710
880 122 0 1711
305 1389 0 1712
1180 1876 0 1713
1556 1789 0 1714
1954 627 0 1715
1460 1444 0 1716
1691 892 0 1717
861 571 0 1718
1727 1196 0 1719
1268 96 0 1720
522 1744 0 1721
1735 435 0 1722
416 107 0 1723
1917 120 0 1724
1644 887 0 1725
212 415 0 1726
897 526 0 1727
299 1515 0 1728
1429 418 0 1729
1000 1791 0 1730
1366 1342 0 1731
1837 344 0 1732
632 1952 0 1733
513 355 0 1734
1370 737 0 1735
760 660 0 1736
96 1645 0 1737
1700 618 0 1738
1251 1788 0 1739
1629 1158 0 1740
861 472 0 1741
955 755 0 1742
788 1311 0 1743
105 795 0 1744
215 245 0 1745
248 146 0 1746
114 698 0 1747
1956 1224 0 1748
810 1111 0 1749
667 1200 0 1750
357 617 0 1751
1577 1746 0 1752
1685 1006 0 1753
3 411 0 1754
236 17 0 1755
261 1154 0 1756
626 391 0 1757
769 1365 0 1758
210 578 0 1759
1766 429 0 1760
44 1319 0 1761
1543 1121 0 1762
1891 411 0 1763
1128 782 0 1764
1233 1035 0 1765
1625 912 0 1766
998 1300 0 1767
1779 1600 0 1768
1921 1313 0 1769
946 192 0 1770
870 1941 0 1771
1301 841 0 1772
876 1260 0 1773
837 667 0 1774
1372 84 0 1775
115 522 0 1776
960 1631 0 1777
1799 505 0 1778
722 625 0 1779
1381 669 0 1780
757 1454 0 1781
1920 716 0 1782
554 1572 0 1783
1986 279 0 1784
1162 1581 0 1785
1124 1981 0 1786
1361 1317 0 1787
123 696 0 1788
1311 1607 0 1789
275 856 0 1790
1073 1394 0 1791
1508 1481 0 1792
45 1954 0 1793
69 1612 0 1794
1875 1107 0 1795
1599 1708 0 1796
1560 1211 0 1797
1037 453 0 1798
1993 1495 0 1799
609 220 0 1800
564 639 0 1801
82 1961 0 1802
1110 1647 0 1803
1872 352 0 1804
781 1133 0 1805
1654 1082 0 1806
300 421 0 1807
1352 1889 0 1808
1166 419 0 1809
1435 793 0 1810
907 299 0 1811
1410 793 0 1812
460 202 0 1813
819 395 0 1814
410 45 0 1815
926 1630 0 1816
700 1051 0 1817
640 901 0 1818
504 1529 0 1819
1289 1752 0 1820
524 1853 0 1821
347 136 0 1822
1444 973 0 1823
567 966 0 1824
132 1206 0 1825
1904 563 0 1826
764 522 0 1827
297 1530 0 1828
311 1138 0 1829
1833 1856 0 1830
673 1241 0 1831
834 1498 0 1832
312 885 0 1833
1286 806 0 1834
985 1566 0 1835
608 919 0 1836
1957 890 0 1837
696 167 0 1838
285 1871 0 1839
299 521 0 1840
36 1299 0 1841
605 485 0 1842
119 819 0 1843
1072 280 0 1844
1372 474 0 1845
1139 30 0 1846
1746 120 0 1847
272 1996 0 1848
679 1948 0 1849
1756 132 0 1850
1954 998 0 1851
654 1706 0 1852
1859 387 0 1853
50 1787 0 1854
1554 815 0 1855
78 115 0 1856
1270 1747 0 1857
1600 1775 0 1858
1583 379 0 1859
777 1166 0 1860
1115 1356 0 1861
213 1740 0 1862
1973 524 0 1863
1371 880 0 1864
1983 1105 0 1865
1163 262 0 1866
299 936 0 1867
996 511 0 1868
222 1131 0 1869
969 1076 0 1870
1151 169 0 1871
237 1624 0 1872
1463 1181 0 1873
165 709 0 1874
1963 953 0 1875
141 174 0 1876
1926 1959 0 1877
1390 945 0 1878
328 794 0 1879
1772 773 0 1880
1832 200 0 1881
1978 1238 0 1882
77 287 0 1883
1064 1780 0 1884
1019 1176 0 1885
859 637 0 1886
805 734 0 1887
1606 973 0 1888
960 314 0 1889
164 43 0 1890
236 905 0 1891
120 1783 0 1892
1048 708 0 1893
1938 444 0 1894
1237 1624 0 1895
1185 1638 0 1896
291 1764 0 1897
1128 658 0 1898
843 1890 0 1899
1749 1072 0 1900
297 542 0 1901
1411 369 0 1902
1441 1547 0 1903
458 1640 0 1904
1301 815 0 1905
1799 1423 0 1906
138 1497 0 1907
1690 0 0 1908
1352 39 0 1909
1016 138 0 1910
445 1547 0 1911
1926 1275 0 1912
495 1272 0 1913
1044 264 0 1914
1186 6 0 1915
306 1248 0 1916
764 432 0 1917
1601 203 0 1918
1937 746 0 1919
91 532 0 1920
89 278 0 1921
247 1329 0 1922
1386 1635 0 1923
343 1006 0 1924
1949 771 0 1925
1520 1449 0 1926
180 1565 0 1927
392 1636 0 1928
1889 1499 0 1929
276 1127 0 1930
503 477 0 1931
761 1087 0 1932
1343 1292 0 1933
1847 1365 0 1934
858 981 0 1935
1501 1137 0 1936
1738 890 0 1937
398 1881 0 1938
1982 244 0 1939
1363 938 0 1940
1339 56 0 1941
282 1093 0 1942
1908 977 0 1943
1967 876 0 1944
833 959 0 1945
402 1160 0 1946
1581 1477 0 1947
232 638 0 1948
962 702 0 1949
150 1479 0 1950
1309 317 0 1951
216 1641 0 1952
1507 1476 0 1953
2 1191 0 1954
1255 723 0 1955
867 1533 0 1956
406 1260 0 1957
842 1476 0 1958
1665 1566 0 1959
1387 1696 0 1960
309 342 0 1961
156 834 0 1962
1317 1594 0 1963
1158 1421 0 1964
1195 911 0 1965
1781 1629 0 1966
340 509 0 1967
1754 95 0 1968
706 169 0 1969
1261 370 0 1970
1520 544 0 1971
1134 1924 0 1972
800 1201 0 1973
1576 1815 0 1974
24 738 0 1975
764 3 0 1976
1099 1836 0 1977
202 204 0 1978
1252 395 0 1979
1368 1201 0 1980
911 602 0 1981
1753 1445 0 1982
30 1709 0 1983
577 1056 0 1984
990 907 0 1985
1481 291 0 1986
530 1425 0 1987
1183 46 0 1988
1514 389 0 1989
1115 1887 0 1990
927 1645 0 1991
1727 1909 0 1992
483 700 0 1993
1029 1535 0 1994
1431 1132 0 1995
83 1584 0 1996
1618 1990 0 1997
1222 1171 0 1998
1722 1623 0 0
