5
198
22 96
182 33
192 153
25 107
42 131
63 55
125 19
59 105
155 159
148 89
71 191
53 64
159 177
27 54
4 56
175 96
186 24
17 162
81 129
174 94
198 14
180 76
93 74
12 2
2 166
50 136
129 135
137 149
189 145
183 147
147 158
39 6
89 39
78 24
17 124
124 32
196 38
176 160
84 173
84 25
172 149
144 139
169 156
25 5
146 25
136 178
83 161
118 114
101 42
42 119
9 51
51 178
178 109
10 163
151 168
70 122
20 82
142 41
198 100
198 158
89 158
95 181
168 159
64 108
58 154
142 80
76 10
26 69
188 153
106 65
117 106
117 69
157 59
37 38
37 170
187 144
144 130
197 89
86 142
127 69
108 48
13 108
13 18
18 36
36 166
45 168
168 156
138 58
58 49
16 118
16 189
49 157
127 90
44 109
70 44
70 125
75 102
46 119
121 157
35 11
21 35
21 189
174 23
23 75
75 188
188 165
98 130
76 97
97 123
113 133
185 189
156 189
156 103
103 167
125 167
125 96
68 130
104 77
8 121
121 1
1 47
47 7
110 96
92 110
164 46
191 164
60 191
140 60
24 141
24 92
123 92
15 123
15 66
66 82
172 82
67 113
130 67
28 112
28 120
63 62
143 63
40 143
128 40
130 134
52 134
166 170
72 87
99 72
132 99
132 33
140 33
73 140
116 73
115 61
3 61
3 171
57 171
57 91
193 91
193 88
88 120
83 120
27 83
7 27
184 7
95 32
165 194
166 172
85 166
85 128
31 128
165 31
165 90
90 32
32 52
52 146
146 111
111 79
79 4
4 77
77 126
126 43
135 43
176 135
93 176
93 195
195 116
29 197
197 34
116 34
116 152
184 152
184 30
142 30
179 142
179 150
198
153 16
124 56
184 149
123 21
45 27
198 85
64 60
15 194
56 138
116 141
51 15
174 145
93 54
78 17
137 140
167 37
140 103
67 125
48 81
122 91
131 196
106 164
4 83
59 155
100 134
131 115
70 164
8 94
6 94
97 118
30 60
65 60
81 47
142 189
142 114
82 125
82 11
107 24
36 24
108 190
191 190
173 191
103 130
36 41
80 32
184 120
88 183
183 74
159 23
161 187
187 141
185 101
136 55
166 45
166 6
1 57
99 154
101 186
9 153
171 163
127 163
78 113
146 25
133 132
31 120
121 49
36 156
69 5
92 69
20 110
158 110
49 141
89 182
42 3
66 162
197 21
119 197
117 178
176 58
151 148
169 148
46 76
71 92
62 71
62 169
83 96
79 90
90 165
37 191
191 98
95 98
75 47
186 47
157 128
157 53
50 26
73 127
73 58
111 59
93 35
32 96
32 188
188 76
2 102
102 131
66 131
66 100
179 13
156 13
156 168
168 38
169 38
154 136
89 74
141 89
141 86
119 86
143 119
22 146
15 146
186 63
18 166
18 174
112 174
72 112
26 72
76 19
19 78
78 68
138 193
138 104
95 104
95 58
58 15
15 91
91 59
59 100
192 100
169 114
114 65
44 147
42 44
195 42
129 195
129 170
170 87
87 26
84 26
154 84
105 154
105 28
152 28
133 39
158 133
11 158
11 139
139 77
144 77
177 144
177 70
65 143
65 181
1 181
159 1
43 159
172 43
172 7
186 7
180 186
160 180
120 160
175 152
14 175
157 14
52 157
33 61
93 33
29 93
117 29
70 117
70 97
153 97
153 10
10 192
68 192
150 165
68 150
34 68
52 34
52 12
120 12
40 120
85 40
103 85
135 103
135 109
195
13 1
150 159
88 125
156 37
53 6
159 16
159 83
31 111
151 145
57 143
126 133
61 106
106 10
153 169
43 141
43 135
127 144
17 166
11 133
97 10
90 97
155 107
116 120
96 11
20 11
37 13
41 182
62 104
112 71
102 132
46 63
46 123
138 91
59 100
100 134
183 171
51 171
51 162
134 129
124 132
7 58
58 24
148 154
22 162
162 68
75 180
81 75
49 121
32 49
32 179
17 67
110 67
186 6
168 6
23 12
161 23
192 36
158 73
176 158
47 192
116 192
91 116
40 157
167 79
3 9
181 188
189 68
148 127
148 182
107 182
135 176
74 146
74 167
29 134
31 134
34 132
81 132
81 3
101 3
101 2
2 56
167 38
153 167
55 153
179 40
83 184
83 110
110 95
45 95
56 117
54 45
27 54
123 26
26 44
21 44
21 89
91 19
179 19
11 179
89 11
89 69
181 69
90 31
90 87
140 87
130 140
161 130
161 145
70 145
77 70
176 13
187 181
24 187
55 24
77 57
57 52
52 14
42 14
42 125
68 125
71 62
68 62
68 27
50 27
27 80
80 107
131 107
117 131
170 117
170 139
139 55
55 13
13 177
86 177
86 30
30 168
168 18
78 128
185 85
99 8
174 99
28 35
28 25
147 65
5 65
109 5
72 105
72 122
164 76
164 142
118 172
190 118
84 94
190 64
66 93
66 109
15 173
136 152
165 113
60 114
142 4
60 165
160 165
163 48
178 163
178 149
85 149
194 136
99 136
78 99
4 160
25 4
115 25
175 33
190 108
78 108
78 191
137 191
98 115
115 195
103 195
92 103
137 193
122 193
122 94
94 33
85 33
92 85
39 92
39 82
82 109
119 109
173 119
198
118 33
50 31
139 117
37 106
71 12
71 156
38 50
77 198
106 108
80 119
70 160
70 102
33 1
156 187
63 187
133 26
147 17
120 3
59 5
59 168
54 168
69 54
95 69
119 113
58 119
108 58
3 30
166 108
177 166
145 1
104 65
139 104
63 155
1 155
48 149
149 96
96 129
129 26
26 68
95 68
13 198
57 30
57 198
198 84
84 1
34 1
38 34
38 102
95 102
29 95
43 29
19 43
19 109
17 109
177 17
177 6
6 139
174 124
73 172
55 42
60 67
110 142
186 94
152 114
23 126
99 191
89 25
175 36
52 185
189 164
189 22
86 136
126 136
143 126
143 47
128 196
83 171
88 7
130 110
169 21
18 101
49 180
134 16
182 93
41 78
78 4
45 7
92 124
22 46
46 15
159 122
138 64
130 98
82 130
122 94
99 122
188 99
47 190
15 47
72 188
184 167
163 167
163 137
11 170
123 144
40 18
40 151
151 32
32 64
100 2
90 4
112 132
165 158
158 16
73 62
171 62
127 61
107 146
107 115
162 115
162 14
140 56
103 7
183 92
10 66
179 92
92 197
197 49
85 55
153 55
121 153
39 51
161 76
157 137
157 192
123 74
123 154
79 52
36 79
116 87
2 181
181 21
21 64
90 141
111 91
178 111
192 141
141 89
89 176
193 9
67 131
127 51
51 24
196 105
105 103
194 20
20 16
81 16
154 81
148 154
35 150
170 35
170 121
173 8
173 178
93 178
93 112
112 75
148 176
9 148
15 9
15 24
131 135
135 53
27 53
97 27
140 97
125 140
82 125
82 171
14 195
14 24
75 24
87 75
87 28
28 103
103 188
171 188
171 49
36 49
114 36
114 64
44 64
44 76
121 66
121 76
196
186 1
144 195
97 68
87 101
191 87
30 73
148 122
191 196
46 168
125 153
180 125
44 84
155 103
83 54
174 140
68 174
13 29
155 158
155 194
13 144
92 124
55 56
37 11
84 36
36 68
68 138
133 138
133 165
137 165
2 193
127 186
78 125
134 125
55 137
160 107
30 191
182 191
57 134
39 161
115 39
129 193
88 129
88 194
7 194
160 7
122 89
122 167
9 167
9 127
14 55
57 14
57 166
43 166
124 144
178 160
160 127
168 127
22 168
22 54
74 54
184 115
43 184
33 43
33 74
170 74
37 124
124 170
170 182
145 163
164 34
98 143
98 156
52 80
50 32
47 71
142 5
119 45
25 176
147 24
156 179
82 8
126 179
108 136
4 62
159 128
28 106
145 147
147 91
91 67
99 67
99 135
157 150
41 121
110 48
61 16
21 61
21 38
51 38
27 51
172 66
40 66
102 96
130 50
17 41
3 118
94 95
94 10
69 126
71 126
130 10
70 27
96 185
185 63
108 34
34 112
110 63
58 23
6 58
117 18
187 52
86 190
183 63
114 123
113 25
189 6
20 60
75 141
111 105
111 49
49 12
18 93
19 132
132 123
123 81
100 85
171 100
171 10
171 159
159 189
119 12
76 150
17 4
17 120
169 187
187 42
71 42
71 15
90 15
3 90
112 76
173 35
104 35
183 104
183 116
116 189
65 189
65 27
27 93
93 31
31 26
26 79
25 79
142 175
175 64
59 64
77 59
81 77
81 139
76 139
53 120
3 12
20 3
72 20
181 72
40 181
149 40
188 120
120 192
151 192
152 151
25 152
25 76
76 162
141 162
149 141
149 177
135 177
131 177
8 131
154 8
154 28
28 109
86 109
86 146
