80 340 93153577
18 88 86 34 49 15 31 95 33 67 47 30 94 61 36 24 58 69 84 86 96 4 67 94 27 74 35 49 84 54 40 69 39 52 98 58 81 55 79 60 42 23 2 46 38 52 39 81 13 87 13 43 85 38 57 79 50 91 54 16 37 50 24 48 87 6 73 52 53 60 39 4 61 22 71 98 27 50 94 32 
1 1
2 2
3 3
4 4
5 5
6 6
7 7
8 8
9 9
10 10
11 11
12 12
13 13
14 14
15 15
16 16
17 17
18 18
19 19
20 20
21 21
22 22
23 23
24 24
25 25
26 26
27 27
28 28
29 29
30 30
31 31
32 32
33 33
34 34
35 35
36 36
37 37
38 38
39 39
40 40
41 41
42 42
43 43
44 44
45 45
46 46
47 47
48 48
49 49
50 50
51 51
52 52
53 53
54 54
55 55
56 56
57 57
58 58
59 59
60 60
61 61
62 62
63 63
64 64
65 65
66 66
67 67
68 68
69 69
70 70
71 71
72 72
73 73
74 74
75 75
76 76
77 77
78 78
79 79
80 80
30 65
64 74
1 43
35 18
70 69
60 5
38 34
15 55
58 44
78 20
79 60
45 70
49 33
15 37
49 8
41 15
78 27
39 65
42 56
75 45
9 63
39 16
30 15
40 70
47 53
64 63
59 19
14 46
6 24
5 4
41 61
9 45
80 56
44 75
66 1
59 80
20 62
37 39
72 57
34 40
30 7
15 70
14 73
66 10
4 50
62 68
51 7
25 76
56 31
61 64
62 77
66 18
33 59
54 78
63 31
47 69
15 32
79 20
64 20
51 69
77 10
5 68
73 2
6 75
67 10
15 46
71 10
1 9
17 29
69 20
34 79
53 79
70 68
55 18
53 77
77 38
21 48
43 78
39 46
18 50
10 20
71 28
38 30
68 60
11 22
33 40
53 74
28 6
26 15
65 55
79 19
71 61
33 21
56 80
15 44
75 5
56 78
79 73
73 65
31 13
36 51
56 9
45 27
2 10
27 55
75 12
21 34
57 22
60 65
8 51
57 73
72 63
11 9
25 66
21 33
39 55
63 75
58 25
65 58
70 77
69 4
31 40
54 17
70 5
61 22
62 13
7 80
15 71
70 13
26 53
42 79
6 73
64 50
8 3
67 35
50 16
40 24
68 26
55 8
72 47
40 64
68 5
61 1
8 29
45 12
55 47
31 39
34 26
72 48
19 25
44 55
61 54
57 63
54 33
67 16
71 2
63 3
75 14
12 27
51 52
45 75
72 68
6 46
54 6
21 36
56 28
24 51
62 65
54 12
11 31
4 53
70 17
64 44
6 17
11 50
3 50
76 7
16 26
46 51
64 49
37 72
44 4
7 5
29 79
42 65
4 80
11 16
53 80
35 31
64 66
77 2
29 15
34 12
26 7
30 34
58 5
5 44
10 72
32 4
78 16
29 14
64 15
11 46
26 66
2 53
68 70
77 66
6 67
21 19
43 61
19 73
79 36
36 35
35 9
8 6
56 7
41 63
66 11
60 71
63 61
7 47
49 4
1 27
9 31
57 48
35 75
73 49
45 18
33 9
41 50
45 17
27 51
5 63
7 23
15 31
19 59
5 32
3 80
48 13
31 70
7 79
42 49
14 74
9 4
50 64
55 53
23 24
16 55
20 8
44 54
68 50
40 25
46 19
55 7
31 27
17 61
27 35
75 50
30 20
20 40
