120 620 776394872
66 42 93 61 46 57 27 90 100 88 78 13 75 25 70 11 8 26 54 96 80 58 40 38 17 23 11 64 78 39 16 66 39 85 69 37 97 10 92 25 22 24 60 62 10 10 58 86 81 34 62 31 36 59 22 35 85 92 97 3 93 65 32 40 14 18 18 27 42 94 52 32 88 54 17 7 88 100 53 25 14 54 43 5 68 60 83 99 86 28 92 17 1 99 72 39 17 1 30 79 24 91 14 94 17 60 20 78 68 32 2 94 36 61 64 69 37 70 37 36 
1 1
2 2
3 3
4 4
5 5
6 6
7 7
8 8
9 9
10 10
11 11
12 12
13 13
14 14
15 15
16 16
17 17
18 18
19 19
20 20
21 21
22 22
23 23
24 24
25 25
26 26
27 27
28 28
29 29
30 30
31 31
32 32
33 33
34 34
35 35
36 36
37 37
38 38
39 39
40 40
41 41
42 42
43 43
44 44
45 45
46 46
47 47
48 48
49 49
50 50
51 51
52 52
53 53
54 54
55 55
56 56
57 57
58 58
59 59
60 60
61 61
62 62
63 63
64 64
65 65
66 66
67 67
68 68
69 69
70 70
71 71
72 72
73 73
74 74
75 75
76 76
77 77
78 78
79 79
80 80
81 81
82 82
83 83
84 84
85 85
86 86
87 87
88 88
89 89
90 90
91 91
92 92
93 93
94 94
95 95
96 96
97 97
98 98
99 99
100 100
101 101
102 102
103 103
104 104
105 105
106 106
107 107
108 108
109 109
110 110
111 111
112 112
113 113
114 114
115 115
116 116
117 117
118 118
119 119
120 120
9 32
34 23
103 24
25 118
36 99
67 40
69 103
36 8
85 110
69 81
50 11
50 45
68 80
119 69
84 87
102 14
47 75
31 97
103 91
19 29
22 113
6 102
101 102
1 25
92 10
43 119
82 56
54 29
113 52
4 24
80 100
97 70
39 112
73 120
103 50
13 82
92 90
35 3
59 15
57 1
92 40
19 20
78 114
85 98
18 12
105 28
63 117
28 111
87 79
18 34
30 93
47 93
54 83
68 102
107 15
10 22
49 88
43 95
67 92
17 10
41 7
13 111
31 29
99 46
47 97
58 83
58 45
64 112
97 61
98 46
3 18
90 92
56 113
74 32
7 66
73 75
52 91
80 36
37 86
37 102
90 88
50 111
15 107
91 72
61 69
10 34
15 49
107 77
55 18
28 89
39 117
120 69
50 37
43 78
53 58
88 105
30 120
37 89
4 21
89 106
41 103
63 108
88 101
22 85
115 55
93 109
74 21
35 55
78 15
98 6
105 43
17 24
15 65
32 39
39 63
57 102
10 50
106 85
118 109
111 17
60 71
43 44
10 106
8 30
82 66
67 60
21 18
65 61
104 62
85 94
117 16
33 17
73 81
87 72
23 1
63 62
63 42
41 91
86 19
46 27
115 94
40 92
63 6
99 109
2 87
37 12
8 81
120 90
83 9
107 49
7 75
111 15
5 97
29 80
2 62
34 38
117 78
116 32
9 12
58 81
97 22
48 102
11 71
75 79
57 11
109 50
104 12
66 82
110 14
61 33
111 116
31 5
60 44
24 19
23 18
53 117
87 51
103 101
97 24
49 82
36 12
85 29
28 10
30 100
8 53
55 64
59 99
56 58
32 101
79 35
4 25
118 114
63 75
52 80
40 38
21 1
60 98
37 85
53 49
46 55
26 107
21 23
84 115
59 69
31 72
8 55
62 57
42 39
17 23
22 81
113 56
92 39
18 43
69 79
11 25
11 36
79 95
1 61
83 103
86 73
30 26
74 26
59 105
38 78
115 28
8 4
93 92
62 19
28 54
51 101
89 93
110 12
21 81
70 106
105 61
103 15
105 51
74 63
19 77
9 108
22 78
47 70
5 68
46 28
27 43
62 70
56 23
38 49
61 59
77 47
117 21
49 38
88 35
90 59
5 24
66 37
56 80
28 22
96 63
87 82
74 90
66 105
84 28
62 82
81 99
58 94
114 11
31 7
95 110
25 1
79 61
61 92
32 23
16 46
98 86
45 1
13 33
99 118
106 51
78 37
20 86
59 57
70 101
32 92
83 91
51 26
12 86
23 46
88 50
20 118
28 26
18 119
61 71
13 80
93 85
94 65
53 14
37 90
50 114
57 46
107 33
46 69
80 57
14 89
39 50
62 69
45 95
113 47
101 15
6 22
12 79
57 28
43 50
117 63
113 49
72 109
23 88
18 107
69 14
76 104
94 23
70 67
12 97
70 64
119 51
84 75
50 18
112 111
52 99
109 52
46 103
22 18
117 113
51 109
100 20
82 59
83 114
57 96
1 42
111 98
3 98
1 89
115 100
39 37
90 18
73 61
110 7
87 33
96 68
75 63
66 46
48 89
3 53
102 62
33 35
35 75
112 91
2 86
32 65
100 68
110 40
73 97
97 40
44 87
85 81
86 14
93 61
28 110
89 69
28 79
18 103
100 109
87 12
93 6
52 66
27 108
23 59
119 39
2 40
76 96
48 44
87 120
72 13
87 2
56 103
13 3
4 65
88 94
35 108
11 111
13 6
63 69
13 110
96 102
24 92
105 76
48 1
14 36
45 98
2 64
96 42
16 29
4 56
56 45
66 75
14 57
6 78
35 119
59 56
36 38
61 98
17 90
85 115
8 99
52 45
79 81
43 2
54 51
100 12
115 72
61 30
21 79
19 64
30 5
53 19
77 67
4 76
9 45
56 51
37 116
101 107
9 94
4 89
76 31
35 78
85 9
79 117
92 12
87 68
108 38
97 81
18 99
3 104
70 95
59 18
82 76
120 107
85 111
55 101
65 26
78 17
93 71
59 45
13 12
32 22
8 28
104 29
8 27
95 75
24 47
23 71
114 107
39 57
29 103
15 29
35 95
40 46
83 28
89 105
120 104
7 94
36 29
79 36
78 72
20 29
66 48
4 30
39 17
65 63
107 74
73 14
78 99
35 28
114 74
62 41
114 80
115 59
62 65
90 71
21 72
34 93
53 52
99 75
72 117
88 82
109 90
23 70
33 115
65 81
36 53
