146 146 371739821
68 43 30 80 65 39 66 49 28 38 6 26 45 46 18 3 50 31 69 87 48 9 7 85 55 77 89 48 91 10 68 3 93 43 48 100 43 82 42 69 84 3 90 21 34 55 99 42 100 6 13 14 80 45 100 36 30 15 66 4 11 30 88 31 52 23 87 96 66 97 1 91 26 94 7 84 6 58 18 57 35 43 67 11 46 34 65 23 13 4 64 44 85 12 17 17 95 28 77 99 54 65 54 49 55 34 62 20 67 48 6 15 12 92 47 45 48 33 85 50 10 38 20 81 31 31 38 56 73 19 85 98 97 7 64 86 77 24 97 47 52 64 20 56 86 55 
1 1
2 2
3 3
4 4
5 5
6 6
7 7
8 8
9 9
10 10
11 11
12 12
13 13
14 14
15 15
16 16
17 17
18 18
19 19
20 20
21 21
22 22
23 23
24 24
25 25
26 26
27 27
28 28
29 29
30 30
31 31
32 32
33 33
34 34
35 35
36 36
37 37
38 38
39 39
40 40
41 41
42 42
43 43
44 44
45 45
46 46
47 47
48 48
49 49
50 50
51 51
52 52
53 53
54 54
55 55
56 56
57 57
58 58
59 59
60 60
61 61
62 62
63 63
64 64
65 65
66 66
67 67
68 68
69 69
70 70
71 71
72 72
73 73
74 74
75 75
76 76
77 77
78 78
79 79
80 80
81 81
82 82
83 83
84 84
85 85
86 86
87 87
88 88
89 89
90 90
91 91
92 92
93 93
94 94
95 95
96 96
97 97
98 98
99 99
100 100
101 101
102 102
103 103
104 104
105 105
106 106
107 107
108 108
109 109
110 110
111 111
112 112
113 113
114 114
115 115
116 116
117 117
118 118
119 119
120 120
121 121
122 122
123 123
124 124
125 125
126 126
127 127
128 128
129 129
130 130
131 131
132 132
133 133
134 134
135 135
136 136
137 137
138 138
139 139
140 140
141 141
142 142
143 143
144 144
145 145
146 146
