40 220 179619354
94 81 37 35 73 34 22 51 53 22 47 24 21 30 82 92 66 73 33 49 48 67 74 79 90 58 69 83 30 77 1 8 68 82 46 23 90 81 48 40 
1 1
2 2
3 3
4 4
5 5
6 6
7 7
8 8
9 9
10 10
11 11
12 12
13 13
14 14
15 15
16 16
17 17
18 18
19 19
20 20
21 21
22 22
23 23
24 24
25 25
26 26
27 27
28 28
29 29
30 30
31 31
32 32
33 33
34 34
35 35
36 36
37 37
38 38
39 39
40 40
16 40
4 40
34 29
23 17
25 14
4 26
9 10
2 12
13 2
39 17
37 10
34 40
27 11
13 16
36 24
32 37
8 14
22 19
9 4
37 36
12 10
21 38
2 33
38 21
25 38
39 11
21 11
4 27
9 17
37 3
35 37
38 29
36 33
13 15
8 5
9 24
8 39
6 38
36 4
28 36
14 20
7 24
1 8
6 11
28 18
21 19
1 6
6 29
24 38
21 33
37 13
10 18
20 18
28 4
6 31
24 26
15 5
40 37
4 37
13 32
1 19
37 39
23 16
14 31
30 35
34 36
11 27
13 4
12 7
38 28
4 16
7 27
30 11
17 28
32 12
18 21
27 35
33 24
13 26
28 12
34 2
9 26
18 26
2 29
5 8
38 14
31 6
4 7
3 26
23 31
29 23
27 10
22 16
5 9
20 14
25 5
39 25
32 33
25 20
32 20
11 4
26 32
7 2
20 22
20 5
3 33
35 12
28 34
40 7
20 29
18 7
25 9
23 37
27 5
40 31
38 23
3 24
15 27
33 13
17 22
2 13
32 6
35 31
25 28
24 22
21 17
29 7
29 25
17 23
29 31
22 5
9 5
6 5
32 1
40 5
9 39
1 29
25 37
17 2
28 21
23 33
19 22
20 30
11 40
3 22
31 5
1 20
29 40
24 10
20 38
1 11
13 9
22 2
23 20
3 28
19 12
10 39
21 30
12 30
29 4
32 3
17 6
21 18
18 2
19 36
4 36
40 24
23 6
32 7
19 18
1 22
17 27
20 9
18 38
1 31
11 2
17 18
4 30
11 39
19 34
