1000 999
62 131 60 14 46 170 24 182 192 46 187 45 158 116 97 129 45 136 48 193 85 131 66 193 193 156 58 169 200 84 170 165 42 174 109 183 111 78 110 176 46 139 160 130 50 89 47 20 36 126 70 15 82 182 139 45 80 187 81 119 19 117 163 64 106 65 53 180 74 95 89 55 117 131 91 166 134 139 125 60 176 77 152 174 186 60 121 28 128 172 163 160 79 90 149 14 109 53 175 46 109 178 99 76 157 15 123 35 165 157 70 145 173 27 115 97 123 176 158 54 65 123 12 73 77 165 123 184 125 59 153 161 156 40 178 131 79 103 81 92 68 59 100 170 196 124 127 53 108 113 79 93 30 183 122 63 21 145 146 171 192 93 85 175 106 26 4 128 187 138 60 90 153 147 112 61 194 128 148 196 65 73 46 126 3 123 146 50 71 130 26 185 53 57 2 148 136 154 40 9 70 88 177 189 167 137 134 109 26 34 200 118 79 62 25 29 110 161 145 162 197 98 58 58 53 87 17 169 33 107 64 29 110 124 113 136 15 142 65 179 67 42 90 192 20 40 40 186 11 22 11 104 103 76 153 149 48 137 62 66 24 22 72 89 188 7 32 109 175 123 57 67 163 26 62 83 149 45 35 181 17 164 115 88 188 61 186 70 128 16 144 123 1 50 34 170 101 179 42 85 167 91 183 54 52 173 173 139 98 114 3 133 99 15 23 34 92 134 169 52 151 138 49 104 45 94 13 89 140 98 165 157 164 118 37 22 159 5 180 173 138 5 36 91 134 152 89 118 143 133 127 117 200 62 54 5 105 20 112 133 194 186 166 171 163 79 173 144 28 58 121 152 164 82 200 160 155 33 2 163 131 20 24 30 58 139 47 79 66 194 143 145 118 107 179 196 165 18 161 102 33 146 117 47 26 78 42 157 31 140 108 28 122 192 12 112 197 136 153 84 60 24 58 68 4 199 83 93 61 58 15 78 60 170 197 146 190 8 7 17 96 106 196 71 189 133 55 146 124 70 189 147 60 142 102 123 150 87 200 131 53 178 27 195 83 23 42 154 170 110 48 199 126 34 29 156 164 194 139 138 56 82 15 61 50 195 45 65 150 198 123 75 83 84 49 151 68 32 187 27 144 18 191 158 92 119 74 89 33 47 198 174 183 93 120 188 90 132 83 15 89 138 117 23 159 29 31 83 95 7 18 55 183 73 3 119 143 93 143 10 69 143 13 33 117 156 15 35 191 115 77 65 60 35 31 74 41 195 99 153 67 90 196 172 95 102 197 61 157 195 123 111 32 72 139 127 135 111 69 27 115 90 56 188 95 173 73 10 136 15 138 96 79 185 71 165 33 119 164 7 89 199 35 117 182 32 148 77 83 174 163 156 183 101 84 163 3 124 72 125 57 182 6 102 123 175 129 57 126 149 176 133 46 126 14 184 180 33 109 21 192 186 118 24 85 69 94 171 145 104 187 7 105 157 171 11 87 121 97 78 179 185 166 155 149 61 88 75 2 107 2 112 22 38 123 112 184 173 132 9 53 82 135 179 125 154 138 135 156 117 103 185 112 5 83 123 50 87 35 64 104 124 70 102 176 58 107 43 98 124 16 171 30 93 110 131 12 127 28 100 185 101 192 138 181 162 175 28 156 177 55 20 63 20 98 8 132 22 97 90 89 5 6 109 146 133 72 178 99 190 6 102 164 132 68 60 68 60 172 54 200 69 118 188 34 138 110 64 161 194 180 10 21 102 180 73 146 23 195 71 50 74 179 102 35 106 77 164 96 178 118 138 186 193 20 126 200 37 148 156 29 21 186 31 7 124 173 117 21 36 50 69 17 30 52 48 6 39 61 178 177 192 64 88 73 41 186 72 7 165 158 149 142 193 101 7 4 179 79 40 124 194 193 172 7 38 95 75 110 105 139 81 159 106 104 173 169 60 34 191 72 132 7 27 196 96 89 109 142 52 76 173 197 160 102 190 126 86 13 59 76 13 32 52 174 117 199 195 160 105 161 62 7 156 174 135 154 20 149 1 68 10 136 112 101 160 23 86 90 12 93 193 14 187 75 108 54 142 97 137 125 200 149 105 86 1 149 68 63 162 196 78 127 190 52 98 133 74 172 3 47 29 167 179 113 27 45 79 107 177 117 132 118 198 169 129 188 24 81 39 147 6 78 82 60 112 75 137 53 180 57 117 28 53 170 23 114 198 91 88 187 23 85 174 131 48 174 84 187 173 20 35 90 152 188 25 188 91 164 46 
2 23 38
572060753 572060864 572060869
583336229 583336403 583336603
583336229 583335972 583336131
583336230 583336122 583336761
839237708 839238243 839238258
592886619 592886632 592886214
592886616 592886008 592885915
474093964 474094046 474094529
219111682 219111506 219112017
641590957 641591150 641590695
641590957 641590451 641590292
641590958 641590865 641590352
881324791 881324492 881324489
8736 8454 8577
316975370 316975285 316975796
825013633 825013689 825013688
5619 5517 5216
5619 5267 5821
5619 5464 5839
5616 5413 5418
10 300 811
566504367 566504217 566504302
561943664 561943580 561944301
561943664 561943609 561944217
561943664 561944106 561944212
561943667 561943717 561944226
636751 636265 636219
636748 636014 636001
705393053 705392929 705393292
705393054 705393064 705393583
30480176 30480290 30480370
30480176 30479794 30479513
30480179 30479941 30479426
533298544 533298341 533298993
533298547 533298624 533299137
556258962 556258922 556258706
556258961 556259283 556258732
586374603 586374546 586374571
934537038 934536696 934536447
133933897 133933979 133933071
133933897 133933797 133933512
133933897 133933817 133933359
133933897 133933854 133933882
133933897 133934044 133933600
133933897 133933596 133933730
133933898 133933965 133933452
820210589 820210549 820209830
820210590 820210176 820209671
580534534 580534700 580534964
580534533 580535135 580535132
333346140 333346189 333345869
333346143 333346546 333346531
148244803 148244654 148245241
148244803 148244841 148245303
148244800 148244835 148245346
159530701 159530213 159530117
159530702 159530928 159530423
73286086 73285673 73286440
539757247 539757292 539757549
611497627 611497855 611496985
611497624 611497873 611497360
524937281 524937577 524938090
82735168 82735666 82735821
920796147 920795813 920795298
869943011 869942513 869942766
983836230 983836524 983836003
654469716 654470076 654469120
654469719 654469917 654469394
692821220 692821739 692821727
692821223 692821487 692821996
253414524 253414716 253415217
253414527 253414828 253414797
305156457 305157068 305156727
305156457 305156540 305156257
305156457 305156124 305156915
305156457 305156493 305156206
305156457 305156417 305156499
305156458 305156332 305156843
73590473 73590467 73589964
327942853 327942595 327942476
327942853 327942313 327942414
327942854 327942681 327942168
948277548 948277749 948278260
864889544 864889574 864889181
864889544 864889693 864889245
864889544 864889794 864888925
864889547 864889497 864888966
781144222 781144303 781144164
781144221 781144815 781144814
500000225 500000203 499999897
500000225 500000227 499999848
500000225 499999964 500000561
500000225 500000445 500000296
500000226 500000164 500000099
646040100 646040390 646040393
830996542 830996850 830997426
830996541 830996858 830996923
18880622 18880635 18880890
71086775 71087016 71086567
71086772 71086818 71086309
469002012 469002124 469002123
333338268 333337667 333338059
333338271 333338177 333338238
309532734 309532921 309533176
932933815 932934180 932934189
619048730 619048820 619048277
619048730 619048955 619048364
619048729 619048401 619048406
7524 7408 8130
7524 7587 7582
7524 7480 8089
7527 7429 7994
322216679 322216846 322216009
322216676 322216571 322216538
848560185 848560156 848560669
949671661 949671820 949671081
949671661 949671862 949671354
949671662 949671376 949671379
333337299 333337456 333336775
333337299 333336757 333336994
333337296 333337127 333337130
333361675 333361922 333362040
333361675 333362153 333361543
333361672 333361942 333361941
583347582 583347643 583347258
583159776 583159611 583159098
348802451 348802142 348802655
338345022 338345085 338345506
338345022 338345173 338345279
338345022 338345141 338345800
338345021 338345206 338345271
9063727 9063547 9064056
161173190 161173489 161172757
161173189 161173087 161173088
457761138 457761695 457761285
457761137 457760818 457761331
524664931 524665521 524665532
524664931 524665353 524665526
524664928 524665168 524665179
809534130 809534138 809534408
809534129 809534215 809533696
248188680 248188230 248188337
248188683 248187938 248187955
572038016 572038109 572038124
628638872 628638799 628638790
696433533 696433587 696432887
696433534 696433515 696433002
71907042 71907247 71906672
71907042 71907234 71906402
71907041 71907285 71906774
699157695 699157589 699158051
699157695 699158119 699158389
699157695 699157723 699157902
699157695 699157915 699158153
699157692 699158479 699158474
583335526 583334949 583334950
289 975 742
290 281 792
213493403 213493327 213492812
712126247 712125975 712125949
712126244 712125819 712125762
77399552 77399272 77399283
904790211 904790139 904790648
893310674 893310718 893309973
893310673 893310486 893309975
401787743 401787469 401786962
45932476 45932235 45931722
476043669 476044119 476043833
476043670 476043504 476043287
539846089 539845811 539846332
102817476 102817681 102817694
500001518 500001450 500000937
796510943 796510864 796510672
796510940 796511175 796510662
470599801 470600017 470600462
470599802 470600100 470600611
170640337 170640122 170639369
170640337 170639548 170639364
170640337 170639821 170639583
170640338 170640153 170639640
267887149 267887495 267886984
194729558 194729848 194729343
529215329 529215199 529214893
529215330 529214574 529214589
21520250 21519938 21519425
834470068 834470128 834470592
834470068 834469990 834470251
834470071 834470894 834470889
500012329 500012467 500012608
500012329 500012961 500012963
500012330 500012199 500012710
762857278 762857235 762856722
173672609 173672957 173672926
83438128 83438545 83438032
799258166 799258443 799257893
799258165 799258519 799258520
833950258 833950421 833949908
377734410 377734183 377734694
16840832 16840713 16840776
686981730 686981814 686981403
686981729 686981555 686981552
333360336 333360841 333360947
333360336 333360758 333360673
333360339 333360450 333360455
333356145 333356326 333356325
500008849 500008353 500008145
500008850 500008486 500008229
381557988 381558050 381558565
774108158 774107273 774107256
814966099 814966246 814966645
814966099 814965856 814966347
814966096 814966095 814966030
292260542 292260493 292260281
292260542 292260400 292259879
292260541 292260798 292260287
797086145 797086412 797086291
797086145 797086658 797086371
797086146 797086042 797086553
521135986 521135622 521135189
521135986 521136105 521135564
521135986 521135831 521135307
521135985 521135971 521135972
29778048 29778417 29778180
29778051 29778349 29778378
148468720 148468510 148467993
829200837 829201365 829200978
829200838 829200625 829200560
225371610 225372121 225371992
199703043 199703097 199702648
199703040 199703312 199702803
315125920 315126010 315126689
315125920 315126054 315126358
315125923 315126216 315126729
97077727 97077959 97077892
367768946 367769158 367769125
993704293 993703978 993704491
476396726 476396827 476396807
476396725 476396914 476397427
865654297 865654703 865654766
865654298 865653974 865654037
715914294 715914336 715914855
922192432 922192445 922192099
922192432 922192475 922192452
922192435 922192890 922192379
701414341 701414379 701414396
738803442 738803354 738802841
610843855 610844622 610844564
610843855 610844355 610844194
610843855 610843721 610844626
610843852 610844405 610844660
945587047 945586555 945586192
945587044 945586964 945586455
152807465 152807889 152808018
711628077 711628662 711628623
934544774 934544823 934544499
934544773 934544594 934544403
1758222 1759048 1759051
583343427 583343614 583343988
583343424 583344066 583344093
893132029 893132278 893132494
893132029 893131960 893132477
893132030 893132162 893132673
43548698 43548824 43549287
686836161 686835781 686836706
686836161 686836198 686836402
686836162 686835836 686836347
611257313 611257020 611256412
611257314 611256579 611256580
500000030 499999770 500000281
649873805 649873733 649874246
983306264 983306717 983307228
790686360 790686100 790686091
333389044 333389535 333389501
333389044 333388816 333389646
333389047 333389050 333389563
605457904 605457648 605458163
604471590 604471350 604471861
575672000 575671974 575671457
637162249 637162111 637162226
637162250 637161743 637161486
394814270 394813838 394813839
96 102 609
520147264 520147427 520147442
143479023 143479491 143479394
143479023 143479086 143479759
143479023 143479770 143479766
143479023 143478897 143479117
143479023 143479197 143479319
143479023 143479076 143479064
143479020 143479052 143479567
645021484 645021311 645021034
645021484 645021165 645020823
645021484 645021441 645021002
645021487 645021584 645021073
577338846 577338906 577338907
500004329 500004107 500004695
500004329 500004839 500004660
500004330 500004140 500004651
208798787 208799627 208799632
309583070 309583103 309583614
495088374 495088516 495087976
495088373 495087780 495087717
901984421 901984442 901984955
839153560 839153408 839153467
363125874 363126388 363126779
363125873 363126338 363126595
991759206 991759349 991758836
865556976 865556664 865557376
865556976 865556829 865556518
865556979 865556764 865557277
254126879 254126890 254126112
254126876 254126445 254126436
166783426 166783253 166783637
166783426 166783271 166783825
166783426 166783942 166783928
166783425 166783678 166783583
546175883 546175653 546175050
546175880 546175710 546175193
719684807 719684902 719685415
999113164 999113116 999112863
12828865 12828930 12828939
458349892 458350047 458349982
458349895 458349883 458350392
393777238 393777204 393777330
393777238 393777202 393777409
393777237 393777489 393778002
119662474 119661884 119661885
500002669 500002441 500001972
500002669 500002145 500002174
500002670 500002667 500002660
12483 12647 12578
12480 12656 13171
991802771 991802775 991802398
991802771 991802581 991802622
991802768 991802704 991803219
101116117 101116911 101116800
322541686 322541943 322542058
322541686 322541645 322541985
322541685 322542453 322542462
976204630 976204179 976204162
291114540 291114197 291114192
31620 31602 31231
31623 31734 31543
953729504 953729608 953729579
132350363 132350192 132349963
132350363 132350343 132350397
132350363 132350621 132350558
132350363 132350784 132350496
132350363 132350941 132350535
132350360 132350319 132350316
202 277 660
47473850 47473868 47474379
313987048 313986693 313986183
313987048 313986913 313986124
313987051 313986408 313986153
890646379 890646412 890645901
934859731 934859612 934859101
192916707 192916840 192917344
192916707 192916991 192917386
192916707 192916866 192917112
192916704 192917295 192917302
29787517 29787667 29787892
562726318 562726177 562726433
562726318 562726164 562726504
562726318 562725967 562726655
562726318 562726283 562726293
562726317 562726772 562726581
578357589 578357451 578357964
673982969 673982962 673982697
673982970 673983200 673983207
309575508 309575456 309574947
871202979 871203343 871203833
871202979 871203285 871203428
871202979 871203562 871203433
871202976 871202880 871202899
976891862 976891693 976891604
363117329 363117137 363117202
489513707 489513189 489513025
489513704 489513632 489513123
362994800 362994843 362995350
362994800 362995288 362995505
362994803 362995041 362995582
28540014 28540277 28540788
754106271 754105936 754105782
754106268 754105948 754105439
804270920 804270853 804271024
804270923 804271040 804271073
673760332 673761107 673761138
337944963 337945051 337944908
337944963 337945245 337945121
337944963 337944782 337944608
337944960 337944673 337945184
853880149 853880303 853880027
853880149 853880062 853879946
853880149 853879808 853879808
853880150 853880094 853880605
562733843 562733854 562733343
567700052 567700204 567699695
690355617 690355370 690355883
455814496 455814427 455814239
455814496 455814609 455815096
455814496 455814508 455814550
455814499 455814416 455814421
12021 12137 11662
12022 12271 11758
532531596 532532032 532532053
532531599 532531464 532531977
286140859 286140844 286140963
286140859 286140797 286141332
286140856 286140560 286141075
200778638 200778285 200778342
200778637 200778389 200777878
357974639 357974597 357974755
357974639 357974649 357974237
357974636 357974615 357974102
993600884 993600824 993600803
363106589 363107211 363106850
363106590 363107305 363106920
390192727 390192720 390192314
390192727 390192782 390192288
390192724 390192903 390192900
4610 4196 4199
333338536 333338282 333338325
690653061 690652753 690652242
101217653 101217317 101217830
886850382 886850179 886849583
886850381 886850163 886849652
870555389 870555141 870554800
870555389 870555607 870555428
870555389 870555275 870555421
870555389 870555642 870555051
870555389 870555481 870554724
870555389 870555531 870554644
870555390 870555355 870555348
1569 1393 1358
1570 2016 1439
260825765 260825953 260825411
260825766 260825762 260825249
425780123 425780082 425779538
425780123 425779611 425779259
425780120 425779451 425779448
5002 4812 4299
699982393 699982655 699982136
862180586 862180679 862180982
862180586 862180794 862180633
862180586 862180486 862180836
862180586 862180778 862181249
862180586 862180863 862180675
862180586 862180677 862181178
862180585 862181277 862181230
276929520 276928958 276928728
276929520 276929452 276929044
276929520 276928842 276928628
276929523 276929334 276928823
23616677 23617030 23617418
23616677 23616604 23617095
23616677 23617191 23617094
23616677 23616678 23617082
23616677 23616687 23617402
23616677 23616554 23617333
23616678 23617507 23617522
953075218 953075469 953074956
367915686 367916024 367915519
379229956 379230102 379229577
65782154 65781830 65782725
876906919 876906939 876907448
633634969 633635322 633635835
567139565 567139539 567139796
857013076 857012760 857012249
857013079 857012540 857012701
857533574 857533978 857534041
463733142 463733257 463733296
696513117 696513027 696513455
696513118 696513530 696513017
916516952 916517248 916517763
379889678 379889943 379890006
24500749 24500918 24501103
24500750 24501238 24500341
668348264 668347742 668347729
785793867 785793978 785793331
785793864 785793291 785793294
333340952 333341229 333341218
290 363 874
193141938 193141931 193142442
237148740 237148732 237148298
237148743 237149009 237148502
495466467 495466435 495465514
495466464 495466315 495465802
776461908 776462062 776461654
776461911 776461656 776461633
29819212 29819711 29819870
432722786 432722453 432722460
744204147 744204031 744203733
744204147 744204062 744203523
744204147 744203843 744203722
744204144 744203364 744203351
323933860 323933855 323933802
323933860 323933348 323933217
323933863 323933447 323933440
583353762 583354363 583354314
214948792 214948323 214948302
214948795 214948263 214948248
7510 7184 7703
669508496 669508540 669508031
746677199 746676976 746676518
746677196 746676778 746676269
344448942 344448809 344448398
344448941 344448591 344448112
437920054 437920089 437920600
972333903 972333926 972333415
803439807 803439960 803440473
553070124 553069599 553069773
553070124 553070483 553069628
553070124 553070327 553069726
553070124 553070279 553070561
553070127 553070358 553070355
583351866 583352070 583352189
238162097 238162221 238162734
555191549 555191895 555191880
505406823 505407203 505407168
171462396 171462519 171461868
171462396 171462253 171461880
171462396 171462579 171462490
171462396 171461818 171462002
171462399 171461766 171461751
405413890 405413888 405414257
405413890 405413970 405414739
405413890 405414384 405414590
405413889 405414016 405414529
162453286 162452844 162452480
162453286 162453106 162452553
162453286 162453003 162452516
162453285 162453407 162452880
482149930 482149650 482149713
644622336 644622885 644622924
644622339 644622356 644622869
752767349 752767134 752767647
888546317 888546806 888546820
888546318 888546679 888547190
317325056 317325018 317324501
4790033 4790169 4789367
4790034 4789259 4789386
756286315 756286064 756285553
867822230 867821792 867821880
867822230 867822301 867821740
867822229 867821736 867821993
51649357 51649254 51648743
544437359 544437588 544438101
601704802 601705412 601705354
601704802 601704896 601704636
601704801 601705220 601705413
938552899 938552477 938552476
500000550 500000122 500000089
301506774 301507240 301507075
301506774 301506821 301507475
301506774 301507540 301507569
301506773 301506874 301507131
930977079 930976988 930977501
252385725 252385560 252385559
7690 7746 7233
204287248 204287370 204287176
204287248 204287796 204287983
204287248 204287890 204287619
204287251 204287432 204287945
606199593 606199685 606199155
606199594 606199187 606199190
250010593 250010378 250009867
613122107 613122087 613122596
23688834 23689148 23689155
601273055 601272893 601272882
954960830 954960579 954960066
566465998 566465603 566466370
855554559 855555018 855554586
855554556 855554273 855554784
653801165 653800581 653800891
653801165 653801044 653800859
653801166 653801139 653800626
168853790 168853555 168853538
457845951 457845837 457846354
567288881 567289143 567289648
942807170 942807251 942807346
942807170 942807525 942807361
942807170 942807460 942807905
942807170 942807201 942807745
942807169 942807904 942807911
500013290 500013139 500013650
630550269 630549673 630549930
907913429 907913840 907913989
907913429 907913429 907913643
907913430 907913507 907913518
333347167 333346886 333347399
63329616 63330117 63330120
33660 33024 33165
33660 33680 33107
33660 33584 33014
33660 33634 33042
33660 33285 32818
33660 33367 33277
33660 33537 33683
33660 33484 32770
33663 33447 32932
575775384 575774994 575775057
575775387 575775576 575775609
28954545 28954126 28953999
116890934 116890633 116891292
116890933 116890796 116891309
645627091 645626951 645627429
645627091 645627595 645627802
645627088 645627356 645627871
55159831 55159835 55160789
55159831 55160244 55160449
55159828 55159865 55160376
875207121 875207124 875207637
967146793 967147344 967147511
967146793 967146773 967147073
967146794 967147506 967147473
290701785 290701426 290702122
290701785 290702245 290701996
290701786 290701389 290701900
432488210 432488012 432488052
432488210 432488175 432487532
432488209 432488447 432487928
594110699 594110807 594111363
594110696 594110619 594111130
182509615 182510040 182510043
7939 7236 7328
7936 7987 7474
854387247 854387558 854387623
197340257 197340405 197340879
197340258 197340518 197341029
730864672 730865520 730865645
730864675 730865649 730865648
500004146 500003931 500004442
893661972 893661725 893661355
893661972 893661993 893662114
893661972 893661975 893661429
893661972 893661511 893661357
893661975 893661873 893661366
996864452 996864151 996864662
356635223 356634904 356635023
356635223 356634818 356634803
356635223 356634736 356635079
356635220 356635610 356635589
452457579 452457845 452458354
12806735 12806831 12806316
262589050 262588933 262589093
262589050 262588795 262588716
262589050 262589041 262588936
262589049 262589271 262588752
843603416 843603069 843603580
615066162 615066531 615066004
615066161 615066425 615065914
141278900 141279091 141278450
156660497 156660245 156659734
158331674 158331823 158331310
850289956 850290041 850290407
850289956 850290156 850290400
850289959 850289941 850290442
16212615 16212197 16212456
16212612 16212083 16212354
59715125 59715109 59714756
59715126 59715095 59715102
904784996 904785133 904785651
904784996 904785268 904785789
904784999 904785151 904785660
33185505 33184809 33185258
154971445 154971202 154972079
154971445 154971555 154971936
154971446 154971382 154971893
581477660 581477686 581477687
576 824 963
744062083 744062010 744062043
337114202 337114309 337114271
337114202 337114820 337114766
337114202 337114496 337115035
337114201 337114525 337115038
875564302 875564231 875564742
831478585 831478388 831477857
831478585 831478731 831477942
831478585 831477821 831477843
831478585 831478574 831478660
831478586 831478119 831478086
465475964 465475988 465476503
270989980 270989778 270989773
744180550 744180453 744180160
744180550 744180494 744180657
744180550 744180512 744180021
744180549 744180361 744180394
862179382 862180214 862180319
862179382 862179508 862179794
862179382 862179815 862180097
862179381 862179483 862179996
885348330 885347981 885347383
885348330 885347579 885347385
885348330 885347918 885347820
885348330 885347952 885347877
885348329 885347428 885347451
1801 1576 1049
1802 1834 1825
363106975 363106849 363106342
450628749 450628839 450629525
450628749 450628856 450629189
450628749 450628736 450628662
450628749 450629177 450629523
450628750 450628635 450628698
669421180 669421143 669420630
324252600 324252667 324252154
485023162 485022876 485023550
485023161 485023039 485023544
610331091 610330961 610330750
610331091 610330982 610330923
610331088 610330691 610331202
456795841 456795930 456795475
456795841 456795544 456795427
456795842 456795626 456795627
99 212 403
96 487 998
648281553 648281317 648281830
173301316 173301537 173301067
173301316 173301058 173301041
173301319 173301444 173300933
371428034 371428299 371427377
371428033 371428018 371427507
598598959 598599147 598599146
1153 1266 1920
1154 1624 1879
707268100 707268236 707267885
707268103 707268401 707267894
714557489 714557777 714557760
714557490 714558348 714558443
355532446 355531858 355532113
507036263 507036394 507035883
36461452 36461084 36460715
36461455 36461481 36460974
157306011 157306128 157306641
483007876 483007542 483008247
483007879 483007575 483008084
79767935 79767671 79768180
134521699 134521553 134521038
788567986 788567819 788567466
788567985 788568017 788567506
468329385 468329443 468328940
368904355 368904295 368904804
716974421 716974262 716975031
239708804 239709077 239708308
341987505 341987811 341987840
341987506 341988098 341988193
146173301 146173254 146173253
95920 96089 95448
259647538 259647509 259648318
259647538 259647593 259647727
259647537 259648253 259648238
926342587 926342144 926342209
276358779 276359012 276358466
276358779 276359160 276358510
276358776 276358990 276358969
905476267 905476278 905476179
905476267 905476680 905476926
905476267 905476341 905476353
905476264 905476166 905476417
98678425 98678385 98677892
98678425 98677977 98677967
98678426 98677858 98677859
500001206 500001645 500001516
748200973 748201455 748201936
715082849 715082976 715083489
257590249 257590127 257589663
257590249 257590257 257589494
257590250 257589743 257589710
865725913 865725736 865726249
326193369 326193346 326193859
937353960 937354221 937353708
674158727 674159034 674159402
674158727 674158785 674159324
674158724 674158727 674159238
386821928 386821648 386821487
386821928 386821953 386822132
386821928 386821919 386821224
386821931 386821412 386821433
333351419 333351083 333351764
333351416 333351225 333351736
768848302 768848445 768848508
906761897 906762098 906761587
495336809 495336975 495337192
41610569 41611237 41610997
41610569 41610653 41610384
41610570 41610272 41610799
536392950 536393089 536393099
536392950 536392930 536392839
536392950 536392824 536393132
536392949 536392721 536393234
298557063 298556607 298556600
583381546 583381824 583381327
286713633 286713455 286713292
286713634 286712957 286712908
288247906 288248098 288248609
567581925 567581854 567582367
746296180 746295974 746295419
746296183 746295993 746295614
636466202 636467147 636467194
955091679 955091594 955091756
955091676 955091950 955091441
522372517 522372485 522372998
458071042 458071776 458071854
458071041 458071490 458072003
166123977 166123625 166124138
294320115 294320058 294319456
294320115 294319577 294319359
294320115 294319991 294319618
294320112 294319754 294319493
971531901 971531951 971531440
50487001 50486477 50486465
50487002 50486885 50486372
983066599 983066578 983066067
553958595 553958431 553959397
553958592 553959012 553959399
860400761 860401318 860401311
860400762 860401369 860401360
696631116 696630859 696630346
114758096 114757817 114758584
189592863 189592834 189593363
189592860 189592669 189593180
282372986 282373077 282372336
282372986 282372372 282372357
282372985 282372519 282372192
649108781 649108720 649109351
649108781 649108778 649109039
649108782 649108853 649109364
896678843 896677915 896678008
726913894 726913914 726913221
726913893 726913659 726913656
583385659 583385864 583385119
583385659 583385665 583385336
583385659 583385885 583385876
583385656 583386102 583386103
12483 12996 13060
12480 12589 12596
309610658 309610855 309611366
31864331 31863967 31864119
31864328 31864415 31863902
919693027 919692782 919692607
919693027 919692780 919692595
919693027 919693116 919692671
919693027 919693041 919693049
919693024 919692851 919692338
6547355 6547198 6546687
821023754 821024359 821024709
821023753 821023985 821024498
700006130 700005914 700005770
700006130 700006035 700006338
700006130 700005906 700005702
700006130 700006241 700005704
700006129 700006006 700006011
250072243 250073038 250072895
334096973 334097049 334097178
471376435 471376483 471375968
768830911 768830940 768831453
478200055 478200164 478200537
478200052 478199952 478199953
500003966 500003852 500004371
500114698 500114469 500114979
500114698 500114765 500115123
500114698 500115365 500115413
500114698 500114859 500114433
500114697 500115385 500115130
317019305 317019369 317020039
317019305 317019333 317019347
317019306 317019436 317019947
693651809 693652329 693652474
693651810 693651467 693651978
756742751 756743074 756742582
756742748 756743166 756742593
557318130 557317740 557317566
557318130 557317965 557317139
557318129 557317601 557317586
285792260 285792323 285792834
603892824 603893133 603893279
603892824 603893259 603893759
603892827 603892745 603893270
448889052 448889524 448889399
637013635 637013881 637013275
637013632 637013109 637013396
980479021 980479009 980479221
980479021 980479154 980479354
980479021 980479052 980479153
980479021 980479154 980479504
980479022 980479014 980479009
333480120 333480520 333480723
333480120 333480221 333480755
333480120 333480286 333480852
333480123 333480727 333480708
609705185 609705082 609705035
831270813 831270875 831270364
342643026 342643105 342643108
583346606 583346415 583346926
501259852 501259295 501259734
501259852 501259912 501260082
501259855 501259362 501259299
234879183 234879555 234879788
234879183 234879047 234879002
234879180 234879452 234879967
421111243 421111156 421111093
806033969 806033701 806033802
806033970 806034322 806033809
903753118 903753155 903753036
903753118 903753092 903753089
903753117 903753054 903753567
502330969 502331312 502330877
502330969 502331280 502330581
502330970 502330897 502330384
28174766 28174606 28174477
524051245 524050997 524051126
717296770 717296803 717296866
514618797 514618794 514618743
514618797 514618845 514618836
514618798 514618694 514619205
514074331 514074370 514074373
500032518 500032824 500032895
133318382 133318302 133317886
133318382 133318375 133318088
133318381 133318236 133318205
56233766 56233588 56233595
243665673 243665470 243664959
755264008 755264207 755264194
583336422 583336116 583336619
267649374 267649269 267649780
4926547 4926953 4927462
864581947 864582029 864582538
916324593 916325314 916325251
271304720 271305270 271305254
271304723 271305389 271305450
914273488 914273343 914274102
914273491 914274179 914274180
8082 8066 7553
187977975 187978089 187978698
187977972 187978741 187978738
72201 72552 71909
72202 72578 72601
29780834 29780928 29780943
714972170 714972928 714972931
583350792 583351052 583351183
73804230 73804479 73804289
73804230 73803804 73804612
73804230 73804551 73804306
73804230 73804730 73804300
73804229 73804104 73804617
78594097 78594317 78594830
816388130 816388484 816388847
816388130 816388752 816388811
816388130 816388383 816388926
816388130 816388715 816389067
816388130 816388582 816388842
816388130 816388208 816388578
816388130 816388191 816388955
816388129 816388251 816388756
297675551 297675183 297674814
297675551 297675578 297675637
297675548 297675205 297675200
333368900 333368990 333368465
456202429 456203241 456203234
601323093 601323247 601323360
817346818 817347496 817347287
817346818 817347050 817347235
817346818 817346768 817347445
817346817 817347557 817347556
500000006 500000242 500000249
29818947 29819352 29819310
29818944 29819208 29819723
529856635 529857184 529857377
856108667 856108587 856108463
856108667 856108871 856108192
856108667 856108375 856108341
856108667 856109022 856108073
856108664 856108747 856108234
997593407 997593461 997593923
997593407 997593896 997593937
997593404 997593117 997593114
500000226 500000104 500000119
148432321 148432214 148432800
148432322 148432708 148432643
228551079 228550985 228551204
228551079 228551541 228551234
228551079 228551649 228551270
228551076 228551009 228551520
337933000 337933054 337933053
333362636 333362304 333362819
529527098 529527714 529527410
529527098 529526839 529527520
529527097 529527218 529527283
65982195 65981915 65981914
96 1 512
989882431 989883234 989883208
989882428 989882839 989882836
801 561 377
801 902 390
802 879 366
228174558 228174337 228173868
228174558 228174833 228174736
