2000 2000
9 211 1678
33 627 716
1172 1193 1673
429 754 1034
206 288 853
306 937 1808
1873 1909 1923
933 1099 1775
7 1433 1611
627 1738 1742
406 436 635
1252 1696 1935
82 321 753
521 976 1807
1017 1117 1934
415 657 1584
494 618 1943
450 511 1392
14 334 426
265 410 1975
486 714 1773
12 149 638
565 905 1279
839 1843 1918
161 1054 1273
179 902 1750
1471 1552 1817
28 577 1781
219 1146 1545
299 580 1476
158 1103 1540
145 833 1877
66 785 1422
89 1305 1793
1476 1582 1971
891 1299 1928
225 1020 1840
188 739 1132
15 1249 1629
312 954 1972
447 530 1337
243 1369 1919
48 1391 1641
32 191 1281
22 259 1473
498 1416 1788
60 289 446
605 1266 1783
1312 1477 1645
896 1210 1377
964 965 1136
72 962 1939
178 1115 1714
467 941 1852
1104 1295 1389
1657 1670 1877
1166 1183 1462
206 889 1358
174 844 1161
1442 1477 1567
126 590 1128
1438 1552 1858
961 1225 1832
114 900 1331
445 727 1291
62 153 892
115 668 1078
1140 1602 1794
133 1622 1864
351 530 1625
67 1062 1975
70 430 1623
1250 1482 1894
393 1240 1307
271 1545 1943
331 933 1825
790 1255 1733
826 1220 1665
1377 1412 1568
892 1184 1682
233 1665 1893
39 340 462
511 583 1727
502 1015 1491
1287 1365 1811
558 1251 1862
1415 1658 1725
950 1421 1660
847 1320 1998
118 702 1525
777 1523 1798
634 1189 1368
674 1471 1578
88 289 1194
756 1119 1332
591 1211 1582
91 291 643
1038 1063 1716
959 1155 1178
261 813 1870
1256 1605 1920
1243 1409 1877
379 412 671
241 1004 1951
356 1268 1751
1506 1594 1625
395 1554 1929
448 1145 1572
236 1192 1206
1509 1517 1530
9 907 1281
532 1103 1139
903 941 1833
269 752 1026
273 424 1009
58 1498 1690
167 192 1017
1473 1830 1842
15 99 1661
1524 1652 1674
292 701 1220
672 944 1181
1179 1365 1987
1200 1226 1680
1058 1377 1934
475 647 1619
606 1031 1445
202 413 1705
558 735 1976
157 893 1490
41 1574 1800
919 1092 1421
953 1205 1886
1007 1717 1735
659 1807 1982
126 755 1958
1503 1786 1930
36 906 1574
1045 1413 1500
736 906 1616
446 521 669
1202 1623 1829
772 1489 1631
616 947 1386
435 1042 1119
138 962 973
12 623 952
740 1913 1939
66 946 1371
176 251 1315
815 1021 1333
314 923 1239
134 437 615
604 1676 1968
248 503 1133
32 1144 1323
102 112 807
672 1421 1853
375 549 1754
244 736 1661
983 1256 1908
981 1508 1854
1050 1607 1838
412 932 1174
490 1077 1261
946 994 1186
966 1347 1698
101 318 1194
140 625 940
384 502 770
579 909 976
396 1704 1915
352 845 1231
62 615 1709
334 773 1855
254 269 1771
420 562 1175
791 1142 1692
921 1222 1244
1096 1431 1851
671 871 1664
148 295 1580
88 805 1920
1079 1364 1564
661 1357 1697
556 713 1262
534 560 1276
1013 1047 1423
233 1488 1497
307 892 1591
499 689 817
124 650 1664
37 1541 1941
582 1215 1911
309 1169 1177
100 413 909
18 466 1928
579 1088 1226
178 269 1743
277 1163 1865
80 81 1446
377 544 753
653 1633 1879
265 350 696
151 368 1439
924 1095 1195
659 1283 1461
723 946 1821
9 456 783
521 586 1524
841 937 1710
894 1874 1914
442 855 1154
1416 1677 1971
295 611 752
421 1552 1983
303 807 859
27 1200 1212
885 1096 1200
780 851 1813
1157 1506 1825
751 985 1641
437 552 1737
138 1217 1652
88 634 946
33 548 1474
219 1283 1853
421 1268 1467
708 1911 1941
1078 1250 1296
1022 1199 1414
137 660 743
726 1063 1489
1491 1574 1751
618 989 1923
166 572 1869
98 522 988
20 165 1667
838 1560 1727
112 751 859
1040 1123 1630
438 1052 1689
172 1022 1039
429 615 1146
219 357 651
180 979 1093
45 612 1409
1123 1159 1909
1193 1383 1965
1090 1371 1504
35 96 529
340 840 1024
64 254 1539
663 1581 1969
534 890 904
372 762 1809
189 288 1726
1869 1903 1907
698 881 1775
602 967 1154
263 654 1883
662 887 1917
631 707 1845
1227 1584 1901
122 328 402
889 1128 1783
181 883 1241
741 994 1900
377 729 1319
1007 1286 1543
654 1418 1716
1073 1462 1893
179 425 1923
892 1116 1446
313 918 1881
449 542 952
161 1146 1423
1237 1386 1927
46 1634 1882
165 1735 1855
697 1335 1651
290 433 1401
113 1151 1405
1237 1530 1637
867 889 1465
172 622 1877
14 1074 1625
655 1309 1342
148 244 1828
1286 1410 1754
502 609 1557
1198 1744 1791
50 53 1880
1160 1237 1628
509 1455 1508
384 705 706
376 935 1651
383 827 1578
1357 1777 1913
512 1299 1835
881 904 1809
332 1270 1468
255 1221 1543
988 998 1988
235 262 960
531 933 1812
584 1636 1954
30 1553 1853
1007 1076 1931
527 685 1557
1088 1104 1656
713 950 1666
242 765 1948
1060 1185 1687
376 622 1099
134 266 1305
50 1433 1809
1474 1538 1993
252 305 1115
883 1158 1764
291 987 1604
155 231 490
584 1185 1336
18 206 1920
1170 1684 1801
346 1616 1728
575 642 1508
35 454 1965
33 1163 1391
344 1139 1309
325 396 754
631 1108 1591
442 1256 1711
1094 1469 1533
17 230 373
59 146 788
638 1104 1395
635 1182 1206
601 882 1695
561 670 1996
91 610 713
713 1812 1853
457 888 1384
1026 1239 1684
115 345 1857
518 936 1968
1373 1465 1850
406 1564 1754
657 1068 1234
541 1062 1697
480 983 1812
24 467 880
191 1038 1794
857 1269 1953
924 1382 1947
125 518 1301
129 517 1108
108 618 907
521 551 753
1351 1400 1505
115 1193 1839
448 778 1500
155 1082 1677
380 957 1933
748 1144 1984
315 679 1092
45 710 1329
1210 1502 1645
157 978 1288
144 1020 1755
241 940 1753
840 1319 1938
232 497 1258
52 703 828
193 355 742
771 1799 1804
159 626 922
644 1216 1536
250 668 1029
531 717 926
23 679 969
702 704 1084
517 1105 1134
145 1122 1306
635 885 1271
163 476 860
110 1186 1308
228 550 1291
291 702 798
360 486 1382
723 752 1995
674 1436 1502
272 600 968
588 603 668
469 580 1344
427 959 1440
752 1364 1747
181 1098 1886
395 1859 1909
304 953 1937
885 987 1114
491 1761 1885
611 753 1002
421 935 1694
818 1507 1945
348 912 1497
49 559 1059
254 262 887
932 1286 1615
404 585 742
539 881 1558
129 376 812
236 1164 1263
286 1331 1951
642 689 1595
161 814 971
345 690 825
569 1169 1868
76 245 1457
432 509 624
1067 1517 1944
598 1470 1611
59 516 1781
1012 1315 1953
48 209 1398
812 1068 1959
1770 1786 1964
70 972 1242
628 774 1646
483 1694 1937
1445 1447 1631
25 297 1012
393 582 1670
584 991 1168
471 745 1426
54 255 1939
7 99 1704
1142 1940 1992
424 892 1458
746 1252 1580
50 351 878
695 1255 1651
413 687 1675
73 255 308
462 1609 1986
127 1022 1984
124 1173 1656
557 1574 1688
603 798 817
248 409 541
446 833 1255
88 444 1899
924 1307 1944
554 594 965
775 873 1076
278 931 1072
343 1115 1958
224 280 369
870 904 1988
473 1095 1435
649 1116 1947
63 361 957
150 389 929
700 1203 1638
1072 1269 1360
243 442 1371
566 1497 1942
1039 1188 1981
784 831 948
132 444 733
227 301 1291
43 711 1874
225 614 1195
1242 1579 1709
41 936 1418
166 1269 1624
621 1130 1959
97 781 1497
96 486 1605
1196 1418 1732
1293 1468 1897
669 677 1594
1136 1782 1980
672 678 1571
418 1229 1711
1268 1554 1753
64 75 1407
247 886 1054
153 255 1981
444 733 1934
46 722 1979
244 738 1963
1067 1488 1641
1221 1361 1775
422 946 1209
138 647 748
602 1213 1493
392 835 1858
324 1144 1386
457 949 1624
532 660 1934
368 860 1828
103 263 1194
366 475 1791
81 146 435
85 1743 1848
1275 1519 1636
168 721 744
994 1157 1618
401 778 1579
37 330 467
813 1323 1517
344 607 1750
493 1077 1218
995 1369 1954
1381 1464 1665
110 708 1286
542 1447 1829
299 959 1113
279 1220 1405
111 1216 1996
78 637 1198
1377 1460 1740
735 1264 1304
70 123 1544
102 1101 1942
574 1532 1615
1333 1380 1856
570 846 1519
99 1052 1731
99 1518 1920
563 1504 1848
354 1071 1769
368 892 1395
137 1337 1873
242 415 1888
1034 1266 1393
256 490 1740
875 972 1876
594 595 1563
178 1580 1855
627 920 1157
910 1433 1859
60 168 1481
138 1263 1403
539 862 1355
434 849 1916
1106 1248 1626
109 1610 1987
629 1166 1265
944 1656 1726
825 1559 1758
321 822 965
17 28 1540
498 1086 1427
1186 1647 1704
399 1462 1921
915 1071 1618
440 534 1732
1113 1645 1984
187 1417 1745
350 739 1764
109 539 1209
1332 1546 1690
170 213 1680
278 567 1370
54 327 1704
375 936 1996
243 629 1213
852 1750 1904
250 380 1756
133 1110 1793
779 1462 1908
1398 1584 1590
343 558 1319
625 1154 1944
466 709 1654
1134 1608 1947
755 880 1004
66 517 1444
1005 1930 2000
145 147 958
137 1408 1626
82 1200 1300
433 493 1384
12 482 1240
771 1244 1421
822 928 1640
618 652 1627
179 368 1570
654 739 1765
527 1146 1857
387 587 1312
113 1044 1083
46 577 1816
657 1497 1579
206 547 826
958 1829 1857
448 1387 1763
4 189 636
92 1574 1646
540 1833 1853
787 1457 1882
235 982 1181
1195 1375 1915
286 1001 1355
337 1254 1758
525 543 1004
325 1406 1873
801 959 1331
463 732 1345
472 1052 1288
341 936 1397
490 506 1157
1574 1619 1880
22 450 642
407 439 708
557 1214 1767
297 467 742
945 1292 1511
661 1350 1908
642 938 1823
719 1133 1340
534 578 1392
20 909 1667
472 910 1175
330 400 1712
22 175 1982
203 270 372
573 1656 1659
275 1523 1904
652 1463 1907
716 1568 1659
1247 1412 1580
639 1022 1695
314 1351 1615
196 1328 1611
1276 1449 1637
144 149 381
373 1785 1865
879 974 1935
38 314 1824
1676 1815 1979
679 700 1328
955 1097 1464
729 1004 1274
511 836 1291
327 971 1096
607 1720 1798
335 395 1610
735 1191 1275
476 914 1792
632 1050 1996
917 1545 1881
103 1078 1471
457 1831 1841
673 1210 1989
436 1421 1789
301 537 1675
36 450 1159
499 550 1209
247 1286 1852
787 1854 1932
1022 1139 1806
301 1205 1810
567 1060 1397
442 1105 1338
135 575 1675
3 481 1551
190 886 1892
1001 1476 1668
579 1407 1484
652 1081 1772
987 1125 1362
86 1363 1666
158 1428 1692
836 1667 1966
362 730 1062
221 492 1402
344 1347 1399
156 674 1139
1173 1312 1685
975 1290 1970
430 1384 1831
649 1702 1830
848 1034 1579
738 1473 1601
1051 1552 1798
208 343 1530
1698 1701 1731
926 1357 1521
461 503 973
198 370 781
1317 1500 1747
143 331 1109
1121 1803 1814
121 1379 1540
46 639 1601
342 817 1749
511 670 1411
391 943 1703
618 642 758
529 1712 1824
1649 1897 1938
1169 1236 1377
658 990 1901
137 1156 1604
560 1043 1383
1638 1658 1897
299 492 825
372 1060 1866
239 352 671
152 933 1151
533 1759 1979
845 919 1354
1247 1557 1665
175 219 899
581 1304 1354
1069 1290 1954
812 1013 1184
605 966 1580
615 1337 1643
339 1132 1971
210 255 819
401 760 1864
101 1284 1399
217 1004 1950
26 143 642
455 629 1356
774 1133 1251
1087 1096 1839
76 959 1721
834 1044 1384
1084 1658 1759
234 258 1759
499 555 1365
10 31 1086
4 1168 1394
194 227 904
250 278 1477
393 961 1633
1230 1619 1903
132 815 1443
341 826 1345
305 317 723
454 577 1093
354 1526 1927
580 1211 1267
622 868 1636
1435 1586 1989
952 1041 1734
114 1089 1997
1169 1628 1854
736 755 1064
217 1172 1217
95 1254 1901
811 1164 1577
645 1052 1528
867 1076 1493
1330 1339 1680
362 437 1628
489 1321 1589
633 674 1286
561 1145 1891
589 1140 1338
154 262 1016
324 405 1004
331 385 1769
619 835 1348
239 905 1625
46 220 1454
820 843 1050
283 1517 1643
505 791 1110
520 1426 1817
169 814 1301
719 1039 1691
283 292 1674
276 397 1219
623 1109 1910
125 1292 1390
1086 1294 1826
121 511 1419
471 1229 1421
326 1424 1557
441 521 1804
504 1632 1994
383 732 884
360 850 1657
890 925 1509
291 1255 1930
102 545 1771
524 1455 1715
257 1527 1867
67 947 1668
1457 1529 1719
1168 1277 1501
557 1121 1524
121 251 837
623 715 1497
121 691 1553
876 917 1237
382 908 1281
751 1335 1374
156 288 1070
255 748 1940
148 295 1884
567 1803 1967
224 1557 1946
584 739 1802
839 1089 1732
103 685 1326
269 1329 1491
145 208 519
526 636 1802
188 1338 1718
128 891 1974
137 321 777
289 291 1254
355 1718 1881
321 1434 1476
421 964 1385
12 1631 1800
269 694 1163
885 1225 1947
435 690 787
1157 1176 1316
377 1161 1921
1202 1350 1400
146 995 1502
947 986 1787
388 821 1008
905 1045 1053
673 894 1174
384 1070 1466
525 662 1998
431 927 1956
13 1005 1284
1041 1139 1568
752 1587 1955
109 892 1411
156 1407 1687
101 193 1286
565 1161 1295
278 308 1877
1789 1807 1824
68 787 789
243 710 758
387 1453 1563
865 995 1867
732 800 1686
526 1176 1373
962 1180 1342
510 654 1959
52 845 1404
74 118 1830
131 481 776
397 1035 1977
468 676 1875
845 914 1059
54 75 202
172 196 1418
243 402 651
446 615 818
72 246 1269
283 665 1244
160 1231 1309
893 1039 1874
22 406 1358
1354 1487 1907
329 453 493
675 979 1628
203 544 1209
304 1300 1567
668 1515 1552
966 1136 1498
758 909 1159
303 614 1417
326 604 1259
371 1418 1918
139 474 1002
78 716 1232
316 1165 1840
373 546 588
1193 1897 1986
424 480 1783
992 1675 1876
180 287 1217
296 674 838
828 1331 1773
566 1184 1294
99 167 1602
843 913 1177
170 1241 1566
701 939 1996
542 1226 1781
771 1543 1860
1489 1498 1955
101 1522 1818
399 1407 1775
572 945 1310
669 756 1839
672 1587 1642
750 1359 1698
85 901 1158
353 888 1964
921 1887 1941
55 307 1742
283 1431 1974
505 1645 1747
980 1501 1937
333 1249 1320
709 1536 1937
143 629 721
228 231 570
759 1265 1414
162 1674 1917
1095 1588 1784
1049 1255 1751
670 1502 1944
646 862 1521
732 960 1383
1192 1375 1729
254 762 1988
568 1057 1288
910 948 1143
734 1263 1459
306 794 1820
149 414 1418
1125 1322 1468
223 794 1907
257 854 1037
949 1024 1720
265 511 901
421 532 551
64 1174 1176
549 853 1724
27 359 963
232 941 1735
401 419 1369
343 1093 1379
142 1231 1318
1080 1261 1993
416 588 947
108 1358 1394
101 1412 1573
361 526 1702
232 1226 1697
711 1677 1956
370 1282 1810
58 1469 1973
221 1479 1810
541 1066 1354
274 308 382
1435 1704 1863
615 692 1857
1928 1976 1982
813 1231 1486
864 1575 1663
1223 1242 1937
117 616 709
469 977 1282
437 1070 1793
512 978 1661
349 478 621
462 836 1126
216 911 1456
153 428 1254
571 607 1663
207 352 488
454 486 1493
678 1327 1728
252 329 2000
658 867 964
374 379 1108
646 1317 1486
429 1028 1645
967 1130 1148
456 614 676
962 1127 1972
169 392 1689
324 974 1190
528 1350 1634
687 1547 1905
562 1399 1754
320 702 1945
1098 1346 1646
39 253 1476
528 929 1992
763 1971 1974
602 752 1657
637 734 1597
626 1193 1266
461 1193 1388
95 931 1933
205 1905 1945
159 671 816
760 1656 1895
532 1079 1520
260 652 1039
34 1393 1626
283 852 1001
400 803 1751
540 1044 1094
135 455 745
1106 1394 1471
95 152 631
292 1537 1778
193 1544 1812
489 542 1675
123 335 1421
1027 1205 1354
516 553 1087
1377 1906 1940
292 801 855
237 1726 1981
923 963 1938
8 503 1156
470 768 976
308 946 1412
763 772 1816
254 357 1551
510 902 1792
1205 1820 1860
456 499 596
794 1109 1209
444 759 1631
721 1273 1467
1176 1406 1503
5 187 1510
804 819 1430
301 1245 1334
1257 1333 1345
175 1334 1546
514 1016 1399
509 823 842
99 1191 1588
1524 1621 1624
682 893 1548
631 895 1302
1363 1769 1771
109 1200 1864
399 1000 1141
763 1378 1810
981 1790 1881
1074 1633 1927
245 1479 1954
27 999 1314
714 1244 1514
107 337 525
188 1406 1538
406 1546 1790
525 1509 1824
1 913 1788
698 1845 1938
507 946 1685
420 912 1791
46 877 1660
599 707 1286
846 966 1184
61 332 1875
677 1224 1749
116 709 1380
442 1518 1658
70 528 1254
530 677 1897
176 681 1213
898 1569 1655
611 681 1891
1144 1423 1960
255 1629 1656
57 1211 1363
800 1005 1988
670 1319 1678
354 754 1173
99 448 1389
1548 1610 1738
117 1170 1759
416 584 860
1464 1605 1734
111 1206 1405
1074 1499 1640
357 1238 1584
124 958 1585
1094 1424 1889
149 1650 1694
587 1009 1392
551 833 1365
1 1007 1025
138 164 1005
1095 1157 1401
1457 1770 1889
51 1011 1198
1577 1939 1997
928 1204 1855
337 506 956
279 537 1374
184 187 639
22 199 604
243 1825 1848
142 301 1636
2 970 1412
584 1635 1696
910 1085 1620
553 971 1549
721 868 1447
98 1367 1825
192 228 856
855 1584 1961
462 591 1674
357 544 621
383 1395 1527
549 1636 1694
1388 1598 1689
190 685 1381
1323 1476 1530
955 1186 1310
297 1216 1432
467 609 764
621 1190 1201
125 851 1147
56 203 778
640 1631 1968
371 1813 1827
228 298 1176
1295 1762 1982
341 652 1197
1219 1330 1885
537 553 1635
48 763 1004
559 1286 1541
201 798 1032
77 1293 1543
571 1042 1440
136 874 1035
612 1043 1065
139 1103 1442
104 105 1264
437 698 1148
388 1256 1671
71 783 1549
576 891 1475
942 1669 1816
914 1051 1144
3 534 1644
1113 1368 1843
469 1359 1608
22 1436 1649
318 485 1580
483 891 1591
195 249 680
755 1154 1234
426 697 1282
141 1125 1164
901 1536 1934
849 1234 1464
166 591 1035
549 607 1515
1421 1455 1638
239 255 633
555 729 1497
104 462 1112
260 366 1818
515 1784 1947
747 1460 1583
1647 1781 1830
1550 1668 1685
1220 1310 1516
846 917 1816
750 1366 1420
1314 1340 1899
370 802 1953
1523 1767 1865
47 143 774
351 415 792
476 984 1925
43 145 1303
910 1541 1657
138 1030 1574
293 1499 1919
366 1781 1831
692 1746 1791
810 1334 1986
496 733 1004
63 1761 1872
98 903 1492
744 1084 1591
692 1208 1561
818 1013 1243
1136 1482 1505
607 1350 1627
194 1026 1514
343 1083 1916
147 268 423
310 705 998
146 739 814
780 1095 1697
282 899 938
215 1526 1582
947 1243 1681
12 1271 1936
897 996 1692
182 1403 1814
332 971 999
970 1274 1718
245 1303 1708
1078 1092 1124
123 609 1008
548 597 1630
1207 1552 1613
190 898 988
1454 1501 1738
327 1106 1562
839 917 1572
393 796 1742
475 888 997
71 946 1821
510 1143 1370
1316 1377 1943
259 1166 1879
928 1028 1367
735 1557 1849
158 1459 1834
729 1482 1561
263 1556 1704
683 1146 1819
336 499 1762
213 914 1541
435 759 1832
1021 1140 1313
456 1647 1880
811 1111 1655
23 666 877
459 538 1454
97 1017 1906
938 1782 1960
49 839 1866
888 917 1617
12 849 1874
1250 1643 1808
742 873 1142
1276 1411 1447
693 1592 1920
395 1870 1946
51 614 1617
133 848 1550
1372 1728 1952
451 1049 1693
734 1644 1695
1114 1175 1302
295 1801 1874
754 1050 1065
564 1057 1068
196 362 1655
1002 1012 1702
248 1670 1832
1064 1257 1757
1582 1886 1896
489 560 1438
181 396 1354
312 546 651
368 814 1268
232 814 1201
368 1480 1969
326 484 1973
1312 1843 1869
766 1094 1485
1474 1478 1812
942 1361 1696
1220 1537 1948
792 1688 1956
286 961 1906
211 1131 1766
531 549 667
724 823 1723
260 769 1206
1051 1533 1764
273 700 1354
55 503 745
172 705 1661
379 436 870
1228 1501 1963
1018 1824 1988
1167 1709 1792
186 296 994
731 956 1930
1392 1411 1468
802 1126 1601
392 420 991
489 764 1580
1316 1496 1714
56 985 1789
590 708 1690
514 861 1586
1039 1071 1586
602 700 1903
766 984 1880
5 221 1584
485 895 1978
1335 1878 1959
1167 1547 1593
586 997 1921
436 541 1796
97 652 958
447 1064 1089
902 1574 1783
404 484 969
552 1215 1571
11 512 540
211 483 1558
924 1199 1661
80 470 484
196 1050 1834
1180 1320 1969
244 767 1439
416 1396 1401
345 948 1519
84 711 1135
103 1699 1815
857 1223 1277
322 569 734
2 902 968
485 804 849
900 1058 1795
677 945 1230
376 528 708
1871 1887 1960
1372 1470 1946
66 301 1617
521 538 791
637 647 1520
497 1075 1585
646 1227 1670
110 734 1189
128 323 643
419 874 1741
142 775 1914
826 1315 1999
1511 1651 1679
769 1410 1474
791 1865 1954
540 1383 1670
1147 1258 1289
258 449 1143
163 677 1298
896 1150 1676
119 319 1243
473 576 934
803 924 1019
239 923 1096
279 1106 1938
258 1574 1662
792 941 1413
242 1132 1317
1103 1234 1728
1442 1572 1906
229 657 1652
1274 1565 1786
439 1276 1505
89 625 870
89 1125 1524
101 708 1539
116 762 1134
862 1248 1710
156 501 686
1199 1333 1529
61 310 1484
52 555 1823
130 1159 1441
742 1204 1745
986 1040 1662
664 669 1662
212 504 1112
214 239 1142
133 154 761
118 864 1191
563 1224 1899
96 1076 1453
463 1693 1716
87 570 922
658 966 1239
25 107 1782
1437 1568 1805
520 946 1804
149 217 1390
916 1092 1992
102 170 1157
819 1138 1698
351 808 1763
1140 1140 1944
69 1751 1993
182 208 1393
138 1613 1804
324 1465 1677
674 1177 1274
107 257 1834
351 422 1429
76 799 1851
499 1445 1917
554 1049 1179
811 1276 1384
178 252 607
345 447 1322
697 1253 1649
78 1341 1917
798 1154 1684
174 1152 1213
1314 1351 1510
439 988 1235
220 524 1122
328 621 1686
715 1259 1299
743 1313 1470
153 547 1611
1100 1203 1305
55 777 1399
1550 1812 1879
148 1622 1655
954 1564 1868
884 1503 1624
519 1132 1332
61 816 1725
635 696 1056
910 1367 1784
522 1883 1978
573 1103 1589
1518 1870 1998
124 138 688
298 1002 1261
378 757 833
571 582 1651
704 1430 1436
283 700 1587
100 459 1198
382 549 1098
73 190 537
712 1683 1914
771 1318 1780
984 1277 1284
367 1834 1852
71 703 1648
286 1033 1874
150 323 1276
162 1696 1980
369 500 1470
1149 1300 1787
770 1142 1580
136 920 1790
92 1889 1979
1529 1622 1642
416 879 1294
731 1302 1693
248 1117 1241
1059 1303 1986
1027 1290 1911
92 793 1424
410 741 1848
79 747 1846
61 352 971
746 886 1710
321 539 1282
108 123 690
776 1367 1585
947 1410 1817
63 762 1282
735 1391 1472
970 1684 1809
1227 1622 1871
856 1035 1317
909 1889 1933
785 787 1836
449 1629 1791
76 183 733
121 139 1732
273 1196 1634
191 1005 1589
506 545 1979
946 1356 1935
88 1557 1892
4 1777 1989
401 1418 1925
309 993 1578
41 94 873
401 833 1758
431 1296 1727
549 1601 1786
2 312 509
374 758 1234
650 1189 1192
29 377 954
624 689 1056
42 959 1396
86 311 1925
492 1423 1758
579 629 1622
323 363 773
1578 1959 1967
357 916 1932
111 581 1859
407 1109 1803
965 1445 1890
687 1377 1895
46 660 1747
96 1908 1918
315 388 437
161 218 1734
659 667 794
658 1131 1978
239 338 1220
8 559 1506
145 181 512
902 1765 1816
1480 1670 1673
159 1709 1974
56 1330 1482
1032 1650 1807
740 1075 1114
56 535 1451
14 1322 1594
27 1721 1765
503 860 1303
259 1657 1910
714 1062 1452
143 355 1547
535 706 1532
426 560 1772
58 273 449
352 938 1611
977 1099 1242
183 1526 1906
198 1288 1988
44 213 1427
280 386 1275
497 1762 1869
13 553 1580
1018 1149 1731
737 1779 1993
1013 1173 1783
1608 1788 1851
92 450 1733
425 1273 1863
324 891 1457
433 1077 1168
731 818 1998
99 801 1396
347 1132 1185
85 694 1297
128 1634 1944
10 517 1234
645 1052 1398
279 990 1765
15 1694 1719
45 430 817
356 1174 1451
153 515 1054
590 602 1337
613 1742 1881
50 1339 1443
881 1489 1769
182 201 1602
1045 1088 1721
158 366 1398
403 776 1206
149 779 1715
30 1581 1977
112 491 1106
47 1549 1560
241 324 1847
418 923 985
211 260 780
870 1546 1846
970 1322 1707
371 1296 1815
628 672 1673
1013 1349 1360
225 245 539
379 586 1140
303 740 858
171 1721 1783
719 1029 1770
558 611 1964
571 948 1600
339 612 1069
1579 1643 1933
802 1135 1761
213 920 1382
750 1595 1858
489 930 1522
229 329 851
827 1399 1763
249 1092 1582
348 468 1629
1649 1813 1957
653 681 1304
5 1754 1897
65 471 1037
452 511 1940
253 609 650
926 1475 1753
776 789 1760
1122 1123 1412
101 567 1859
54 1008 1200
4 166 1622
33 169 366
685 701 763
665 741 1445
900 1020 1767
742 1717 1777
901 1408 1447
77 1072 1612
256 644 1089
158 233 1498
356 557 876
477 769 1032
1245 1399 1812
730 1550 1609
277 1194 1763
606 1126 1910
525 993 1890
1577 1658 1735
90 187 597
820 1177 1204
1088 1594 1972
1153 1648 1869
692 710 869
566 1523 1552
1146 1604 1725
100 359 1914
212 1242 1402
1363 1411 1532
109 1742 1878
353 843 1106
59 577 798
488 1335 1484
282 473 1842
351 905 1629
713 1375 1620
886 1691 1768
1801 1850 1984
190 475 1193
206 559 727
1423 1457 1709
409 562 1883
349 519 968
854 1000 1147
357 1747 1823
454 747 1844
69 1953 1987
96 517 1351
77 248 1560
1101 1247 1644
417 1408 1447
1585 1774 1783
244 850 1707
83 263 902
460 808 1915
489 1177 1803
296 866 1221
1021 1038 1962
880 1141 1433
836 910 1508
1053 1656 1661
1866 1964 1984
451 833 1291
95 964 965
413 991 1755
420 1164 1649
574 691 1133
308 652 1524
86 869 1130
57 495 1024
1568 1637 1997
476 909 1541
590 1572 1679
1225 1519 1907
1023 1538 1611
17 949 1274
770 955 1481
251 260 1846
15 138 1701
270 1387 1434
82 264 979
633 1571 1889
2 496 1306
238 1658 1940
143 1324 1821
211 499 636
1357 1676 1951
841 1125 1186
481 862 1097
72 1263 1401
1520 1793 1868
514 1301 1537
923 1013 1154
833 1389 1426
834 1825 1953
211 416 892
736 1373 1897
226 607 1166
679 1746 1798
213 1682 1727
752 834 1079
83 1234 1974
692 1702 1901
814 1110 1374
116 319 1249
883 1847 1968
1098 1301 1575
676 1387 1883
290 908 1539
246 1414 1529
92 762 962
120 961 1489
182 242 948
1358 1380 1568
428 915 1578
241 787 1430
437 869 986
865 1629 1922
438 808 1596
499 1006 1662
267 1179 1547
49 132 451
349 889 1512
1304 1399 1644
137 489 1593
987 1279 1552
239 769 1962
458 1054 1286
390 851 1086
389 399 1495
164 1238 1917
516 1150 1748
930 1394 1716
69 1180 1762
489 1134 1521
655 1150 1352
255 921 1045
1141 1342 1706
826 1532 1677
294 965 1673
438 552 733
599 860 1707
961 1475 1578
260 1012 1277
24 1163 1887
426 838 1208
627 1245 1515
356 682 1243
888 1062 1938
461 1111 1584
294 1407 1638
461 964 1432
632 985 1864
292 723 1885
402 435 1748
564 1472 1751
380 682 793
381 1433 1882
544 1626 1756
853 1048 1436
468 946 1840
900 1087 1340
887 919 1514
133 203 754
1384 1597 1907
497 528 1381
77 838 1448
274 1221 1505
336 597 717
1427 1850 1874
398 1424 1517
98 535 655
680 843 1777
1198 1303 1920
1329 1566 1933
290 362 1862
529 786 1219
219 1176 1212
185 448 1026
221 447 1916
562 601 1780
117 185 813
1239 1467 1831
869 1217 1535
164 1080 1827
218 1098 1633
315 672 1654
636 775 831
272 777 1339
176 637 1829
164 1231 1695
1448 1753 1817
390 734 1696
585 1477 1850
1078 1186 1271
144 1175 1497
921 1163 1265
177 402 1018
1053 1499 1513
362 1288 1404
1113 1596 1800
1259 1276 1539
658 1579 1620
555 910 1207
575 687 991
127 389 662
1026 1506 1858
491 1479 1896
1171 1275 1653
992 1813 1895
1119 1470 1783
313 502 853
141 1128 1564
950 1534 1665
375 1808 1968
205 1582 1863
4 1289 1652
412 778 1406
757 1540 1590
202 304 1940
143 552 641
672 1124 1781
600 1319 1591
520 1493 1820
205 1408 1956
965 985 1370
564 1423 1886
177 999 1739
356 1016 1512
398 583 898
1382 1719 1893
233 795 1831
10 449 1666
1269 1590 1892
772 982 1605
16 429 1434
216 1000 1806
318 877 1838
620 1784 1953
291 614 1339
635 1768 1997
207 406 1998
613 1207 1503
561 1449 1888
798 1267 1540
21 1091 1358
216 445 1584
145 897 958
318 690 1200
201 710 1688
542 732 768
36 454 1508
878 902 1243
4 302 366
641 1509 1664
739 1294 1547
268 1629 1661
1254 1521 1731
163 1451 1984
55 278 1675
418 910 912
404 1129 1981
379 1901 1967
31 1705 1707
463 1384 1595
808 1062 1257
241 1527 1721
685 876 911
19 978 1442
168 1022 1952
277 1316 1507
875 1361 1624
475 513 1666
574 1569 1597
1481 1525 1546
71 1027 1264
943 1768 1833
224 1021 1120
536 818 1167
1616 1668 1929
524 668 1796
66 346 1069
53 350 521
83 1225 1579
262 320 1096
373 455 1640
695 1839 1914
595 1114 1853
357 1432 1931
1302 1561 1648
603 858 1679
98 1482 1823
553 564 1950
445 541 605
682 715 1445
615 1449 1888
334 1942 1954
1110 1248 1855
62 114 1792
37 451 1816
3 1160 1746
70 1380 1734
296 466 1128
1335 1826 1930
95 1023 1117
677 698 1327
1 753 1501
713 1195 1571
1166 1379 1458
942 1256 1948
350 1074 1538
86 710 1533
114 703 1616
132 821 1239
126 184 1364
315 334 751
258 1244 1780
293 834 885
130 454 1693
890 1106 1975
825 1218 1688
247 1365 1835
302 617 1410
147 1255 1257
664 1059 1762
1009 1255 1569
105 336 1350
1086 1183 1403
1702 1877 1943
28 1028 1941
568 579 1956
163 579 1067
466 1341 1596
122 609 1327
10 1237 1734
209 1696 1890
892 1048 1445
892 990 1921
663 1304 1465
106 870 1717
623 911 1235
164 594 1839
1312 1474 1757
521 1284 1822
865 1086 1692
270 291 1388
1069 1408 1705
284 324 1786
308 839 1862
563 1014 1626
64 242 1340
761 970 1984
2 505 1366
83 512 594
173 327 433
382 1604 1998
182 1192 1341
84 247 1235
68 97 1868
94 1217 1534
199 816 1347
380 1335 1434
284 1164 1872
80 687 1694
314 876 1035
21 267 1940
674 775 1900
751 990 1306
226 766 1809
82 365 1914
177 1134 1562
786 1166 1602
323 444 1565
381 664 1427
63 987 1068
1091 1331 1684
274 789 1883
146 1021 1564
1029 1053 1174
30 316 1948
607 1627 1954
662 1089 1341
598 659 1877
222 1535 1767
264 622 1749
171 639 1803
2 383 1605
385 839 1166
775 1364 1964
190 510 1839
415 642 1441
540 851 1462
64 207 1167
389 1294 1559
121 225 757
382 596 1252
98 680 1407
848 1094 1848
