2000 2000
300 1247 1361
115 1564 1811
1215 1331 1380
474 880 1392
196 469 1965
387 954 1910
87 1180 1382
179 196 1257
173 961 1074
40 395 1251
1019 1179 1191
98 1472 1676
24 1259 1263
569 1103 1117
581 1104 1904
590 1067 1966
147 894 1149
655 765 1935
207 235 1989
139 744 1788
631 806 1756
114 635 850
803 996 1015
853 1334 1846
540 1271 1692
11 131 1026
858 1551 1862
908 1233 1366
480 639 999
760 922 1103
368 1632 1655
249 1252 1479
212 1458 1821
347 957 1067
710 1121 1126
400 1818 1955
209 628 800
62 769 1807
213 259 1501
287 511 927
386 954 1592
3 312 1717
1594 1599 1635
152 1468 1963
710 1347 1952
274 449 877
42 668 1280
116 508 1382
48 1069 1308
527 751 1886
320 670 1087
786 1102 1949
220 1119 1615
336 417 753
53 898 1104
1223 1335 1845
508 1775 1961
315 737 1026
300 757 1343
390 771 977
43 690 1715
136 710 1244
616 1219 1493
778 779 1530
252 644 1275
308 554 798
680 1086 1623
701 1397 1934
299 304 1841
1292 1306 1762
962 1431 1691
338 1178 1665
808 1229 1620
381 1167 1972
432 1517 1612
664 1604 1632
155 1310 1605
798 1457 1797
186 1074 1735
551 679 1528
26 1220 1891
417 848 1069
21 521 1185
992 1247 1810
723 1000 1612
766 1991 1999
1292 1546 1816
1393 1463 1911
96 830 1097
223 638 766
1725 1834 1871
85 399 1600
38 176 1623
450 633 1263
344 1389 1564
293 343 1220
619 1611 1664
120 1046 1962
277 1414 1748
972 1219 1673
572 1452 1968
407 940 1009
306 619 1677
265 1847 1996
255 1294 1895
848 1346 1719
397 1343 1694
561 953 1459
514 1110 1352
899 1373 1955
313 642 962
39 124 199
574 933 1796
488 1752 1942
216 1006 1440
153 698 885
163 1100 1903
969 1138 1246
83 227 1962
1561 1644 1810
387 575 1861
69 977 1826
277 855 1103
992 1214 1691
242 434 547
1115 1778 1971
470 1221 1668
126 823 1910
327 1022 1473
341 763 1844
14 830 1405
691 807 928
1143 1376 1524
1229 1523 1643
152 1201 1591
364 596 1929
429 953 963
902 1115 1684
947 1260 1547
620 1120 1653
550 1220 1599
835 1638 1989
606 1488 1621
257 703 1406
1254 1453 1515
908 1109 1987
113 593 1376
221 978 1379
372 561 1711
206 730 1470
798 1921 1963
285 1488 1824
1485 1611 1615
352 546 686
2 821 1451
541 586 1268
667 796 1500
18 843 1554
366 880 1823
1258 1332 1386
405 1011 1896
666 939 959
956 1160 1361
139 300 814
151 1125 1747
20 867 1094
298 1548 1967
193 1161 1974
130 181 805
44 517 706
193 577 1867
53 588 677
398 455 738
569 773 1712
1624 1680 1942
204 675 1156
594 1743 1910
1024 1144 1720
74 491 1089
956 1130 1738
194 1665 1765
190 339 788
874 991 1379
115 1150 1801
309 1499 1625
221 512 1699
182 381 852
271 645 972
549 1285 1792
1139 1346 1865
472 1313 1645
1116 1306 1628
844 1051 1473
1152 1724 1818
221 1425 1584
1474 1657 1840
994 1083 1754
758 933 1791
624 765 1191
285 1137 1316
390 1298 1532
664 1317 1533
1113 1518 1580
626 1804 1865
656 1617 1997
824 1045 1720
218 794 1584
1038 1105 1793
234 467 1449
471 795 1461
1570 1629 1707
446 992 1932
1173 1447 1820
696 801 1049
417 1049 1548
106 1111 1593
24 417 617
1060 1141 1206
306 792 1484
630 1693 1929
382 1264 1743
416 1235 1857
255 588 1131
19 1134 1635
174 652 1975
649 911 1226
1021 1485 1496
169 266 1912
448 861 1940
46 306 436
818 1199 1883
687 849 1127
1369 1538 1699
395 1341 1657
901 907 1316
82 1482 1634
766 1854 1966
667 886 1503
613 1176 1184
177 868 1998
418 826 1429
408 790 1783
1221 1786 1920
1148 1400 1525
265 832 1289
950 994 1497
918 934 1265
105 505 1054
672 1621 1939
885 1061 1459
462 1177 1762
366 1162 1330
415 1458 1952
1057 1364 1414
602 695 769
525 678 1857
470 859 1187
173 331 1399
326 1027 1366
565 1451 1451
430 1041 1144
136 1839 1999
1699 1731 1858
320 977 1000
284 1628 1757
125 453 1475
40 249 1748
107 114 727
551 1057 1648
419 538 1235
601 896 1885
313 854 1393
254 308 1394
508 836 1005
563 1062 1069
472 1051 1337
477 634 1247
902 1156 1344
662 668 1574
936 1079 1240
755 1636 1901
551 1409 1826
215 1787 1964
317 723 1485
123 280 365
104 590 1637
515 560 1111
352 696 957
207 1128 1932
389 708 1510
736 957 1715
320 533 669
459 1146 1705
421 522 589
904 1226 1910
171 482 558
443 1394 1543
676 962 1222
341 359 1750
452 1719 1978
1471 1551 1776
342 703 1234
840 871 969
1584 1635 1850
454 708 1953
60 1285 1318
426 652 980
85 258 259
1222 1539 1549
174 554 783
95 587 1845
882 1168 1182
60 495 1505
311 771 1509
354 378 806
85 997 1196
195 571 1912
7 333 1240
408 1581 1750
1335 1412 1745
44 1617 1853
321 725 1518
478 1912 1920
843 1229 1324
307 589 781
204 784 1689
1350 1548 1600
136 385 745
184 754 1279
344 550 1749
679 972 1950
971 1062 1465
255 496 595
1005 1280 1500
598 1049 1975
884 1055 1713
969 1814 1969
748 1938 1948
720 1164 1536
413 619 1347
578 795 1487
813 890 1147
559 1701 1989
454 842 1424
461 1227 1771
102 410 871
574 574 1612
242 859 1214
917 1094 1653
1224 1542 1829
97 307 1823
126 1108 1727
1018 1268 1738
158 185 834
363 929 1625
210 288 1416
238 413 423
360 627 1105
558 703 873
948 1206 1598
356 534 881
427 1153 1620
767 1565 1768
218 377 1857
792 962 1207
1087 1365 1877
1028 1228 1421
768 1136 1415
265 1636 1864
341 489 1021
84 308 1236
43 95 396
1116 1131 1462
471 1381 1920
671 866 1804
463 1232 1619
103 1003 1514
413 851 1950
760 1110 1932
31 939 1836
92 535 935
429 889 1880
894 1080 1250
1004 1181 1411
1556 1579 1676
1368 1515 1937
573 1431 1825
132 157 1098
285 1212 1910
767 1107 1501
997 1430 1836
325 817 1899
360 1753 1902
377 764 1756
974 1806 1900
925 1121 1827
1251 1770 1875
259 437 1766
596 1145 1638
464 1209 1962
62 432 702
157 1075 1730
4 410 1954
124 865 1028
434 553 1003
272 1572 1704
27 318 903
902 1117 1280
1060 1655 1732
458 1168 1664
363 402 955
503 859 1755
942 1160 1306
888 1039 1951
786 1384 1687
1046 1911 1963
623 1136 1896
733 1481 1778
593 640 1032
109 740 988
783 1085 1358
234 706 952
523 765 1979
98 473 684
353 705 1445
252 832 1155
441 941 1578
75 210 1587
290 1163 1378
1014 1316 1408
349 491 787
385 935 1192
39 137 974
139 555 1851
215 283 1632
279 913 1175
70 751 755
150 895 1596
1008 1172 1286
101 824 1195
835 1013 1683
126 958 989
538 1312 1999
502 1392 1817
329 451 474
63 173 1387
658 665 1524
566 1143 1988
124 967 1091
403 481 1444
419 1077 1638
107 1168 1900
824 1357 1471
193 935 1396
30 1229 1866
34 1222 1500
147 345 1624
117 661 798
381 646 953
246 331 1766
640 780 1649
238 1701 1951
628 693 1816
444 633 1918
271 723 820
436 445 936
90 116 287
1517 1539 1798
40 43 1302
516 1586 1693
399 467 683
291 433 751
194 1497 1503
616 750 1089
5 873 1218
718 923 1522
240 724 743
71 497 956
524 768 1676
602 690 839
1261 1295 1695
1267 1440 1670
1483 1742 1761
324 1671 1794
1262 1343 1445
242 352 1559
1653 1834 1838
1 264 1472
614 855 1281
814 1904 1927
886 1241 1825
137 850 1173
178 1508 1573
379 490 928
582 1226 1260
928 1084 1682
1019 1863 1936
613 1153 1956
197 1593 1755
84 1510 1557
463 874 1739
1002 1463 1928
883 1447 1763
656 1261 1384
42 906 1841
166 466 915
1464 1767 1979
54 191 604
866 1334 1470
357 625 1107
213 240 1068
130 1423 1696
350 1009 1522
1066 1355 1653
942 1278 1925
344 571 1565
421 942 1220
1274 1444 1781
82 117 368
389 576 1320
901 1546 1936
173 693 1553
394 689 1780
135 195 228
416 986 1658
218 566 1161
541 567 897
411 759 1521
539 836 958
90 347 864
1044 1146 1960
189 1156 1794
136 591 1514
240 1142 1976
971 1139 1918
14 278 932
1096 1124 1885
340 1406 1527
21 1069 1999
1160 1191 1501
1257 1609 1841
697 1566 1810
242 287 861
108 712 1431
1422 1516 1843
720 1210 1850
111 880 1642
733 1900 1970
1156 1342 1363
15 332 1330
1172 1398 1847
672 985 1290
370 999 1405
148 550 834
822 1159 1268
497 1690 1725
259 406 1881
23 297 1537
192 772 1111
123 1208 1886
330 1150 1187
655 965 1600
381 1556 1661
858 998 1783
1273 1568 1699
1051 1541 1586
1493 1793 1936
890 903 955
231 462 1219
417 1473 1641
174 1814 1825
723 1294 1659
210 1177 1320
788 1220 1788
675 953 1729
238 1154 1312
193 454 1663
569 920 1026
606 1057 1622
300 714 1769
346 1004 1283
773 1237 1575
508 750 1995
305 454 1836
484 1004 1465
291 505 940
497 773 1238
163 183 1955
229 305 1022
104 225 1057
271 331 1197
80 945 1593
444 875 1628
564 704 776
96 531 930
374 1157 1565
25 28 642
276 1280 1503
335 802 1377
240 747 1537
376 992 1474
1377 1617 1968
8 553 825
926 1431 1690
1008 1955 1986
58 348 1965
588 989 1877
831 990 1972
20 261 829
779 1263 1494
356 1173 1865
459 1640 1794
1006 1226 1290
357 976 1913
1062 1562 1759
78 846 1730
144 855 997
359 1557 1662
59 284 1895
207 563 1925
149 1399 1540
561 1037 1539
141 371 1584
936 1035 1748
1197 1585 1591
17 135 996
137 748 1903
214 768 1948
637 890 1713
929 1381 1621
442 1199 1229
68 247 848
227 1577 1715
6 1856 1871
617 1489 1747
398 572 1931
296 415 1829
241 410 1535
269 494 762
647 990 1970
239 1227 1365
468 1192 1800
693 777 1687
1387 1573 1988
85 637 1666
440 1363 1914
131 1323 1653
1361 1923 1936
128 158 570
752 928 1805
93 150 1955
1598 1799 1877
884 1786 1823
78 451 895
219 985 1277
925 1187 1615
1183 1418 1564
1132 1405 1982
1205 1439 1492
402 890 1491
69 731 1323
1337 1578 1810
67 275 1167
228 276 1714
462 511 1861
479 673 1738
371 933 1222
57 203 1664
43 48 1750
846 1302 1889
1118 1276 1805
733 1520 1949
78 437 646
1112 1297 1529
613 647 670
1185 1775 1988
14 346 1109
187 459 1051
1007 1124 1732
346 413 843
572 583 596
443 1074 1872
1196 1303 1747
839 879 1968
882 1338 1814
210 485 1205
332 1692 1950
765 906 1404
320 669 1807
230 771 1559
95 224 1986
115 509 1531
451 619 680
365 548 821
41 275 1596
336 914 1071
301 412 413
194 366 1495
252 687 957
89 535 818
943 1316 1784
745 1565 1839
131 649 1263
323 522 1450
213 658 1894
1224 1298 1982
699 712 1483
222 1526 1670
73 676 1463
228 1302 1371
1168 1290 1391
628 1319 1546
813 951 1762
1299 1489 1585
335 983 1772
570 712 1470
600 1022 1714
1412 1468 1759
446 1134 1573
131 988 1151
483 1027 1245
435 1148 1634
433 911 1865
739 753 1941
88 286 1615
330 931 1860
528 722 1757
162 663 1981
859 952 1019
641 1276 1316
207 539 1167
247 1581 1743
434 842 895
132 460 1026
135 640 988
418 1462 1990
78 611 1022
681 817 1399
45 1385 1705
434 795 1252
323 1192 1303
475 492 1467
1110 1802 1846
110 1510 1734
403 807 1024
850 1075 1628
437 1055 1570
509 1275 1521
857 972 1279
1139 1210 1347
117 425 1658
60 1275 1817
621 787 1066
545 972 1278
123 1143 1328
46 435 864
218 443 1368
1000 1371 1723
223 491 1847
711 1257 1972
615 1012 1502
988 1054 1267
539 1689 1989
460 843 1178
311 1762 1845
795 822 826
153 550 579
13 556 1633
228 498 1372
1050 1375 1709
206 1180 1867
1360 1645 1970
386 1655 1754
61 635 1190
28 1369 1607
769 1297 1381
362 1409 1606
1019 1431 1637
646 660 1547
797 902 1822
137 262 835
286 1805 1855
59 867 1300
392 1418 1843
366 672 1434
217 764 1637
1002 1499 1537
305 1488 1508
1079 1819 1965
388 1250 1680
216 1743 1788
957 1951 1955
303 1515 1700
201 280 658
836 1715 1936
283 1221 1649
3 31 1140
439 1191 1254
493 1049 1581
339 1492 1562
593 710 1803
674 1174 1847
159 1158 1952
73 968 1438
906 991 1622
337 578 1509
1238 1345 1680
834 1179 1389
227 340 931
451 1879 1986
220 818 1770
628 1632 1888
2 134 1048
1002 1232 1317
272 897 1589
690 806 1853
784 1044 1782
312 647 1643
198 1071 1355
545 1530 1651
784 1548 1673
578 659 1067
58 746 1470
44 1004 1503
21 452 1846
456 1254 1955
198 360 756
343 686 1546
505 596 825
43 882 1162
312 559 647
455 628 1786
554 694 1572
226 795 1160
292 562 1403
555 903 1606
120 234 1969
264 1078 1992
157 683 850
365 1359 1826
129 341 1318
215 1722 1783
254 841 1837
335 519 1132
294 1128 1298
2 1489 1566
455 1563 1755
45 325 1835
287 1367 1550
912 949 1831
913 1023 1116
76 381 1522
471 1574 1757
1291 1462 1737
159 1099 1377
94 904 1862
374 510 1785
153 448 1829
7 100 366
239 656 912
293 514 1191
357 1586 1844
1426 1502 1751
1697 1914 1976
240 243 742
138 715 1511
274 1621 1737
334 1482 1940
9 1369 1901
1017 1766 1832
31 1591 1647
1591 1824 1861
53 346 729
639 854 1014
856 932 1401
67 83 1812
210 1588 1962
66 1736 1916
40 129 320
356 563 1685
78 266 1970
535 969 1819
25 601 1572
371 675 1237
153 574 1275
272 745 1620
305 1140 1452
89 1203 1742
243 827 1233
1043 1513 1739
451 452 1990
604 607 1363
613 1181 1239
1 638 736
99 494 618
569 1526 1579
760 765 1481
180 559 1652
1553 1671 1994
617 752 783
1188 1579 1624
77 473 1599
1291 1379 1984
625 1596 1753
97 938 1521
1069 1350 1392
349 1143 1962
1102 1295 1306
1615 1734 1938
31 560 976
892 1278 1381
1347 1407 1538
256 407 1043
940 1164 1949
96 1012 1758
994 1345 1391
347 426 1596
199 1078 1425
1281 1585 1936
428 1147 1316
31 1350 1432
404 1851 1860
1293 1366 1797
58 1634 1932
373 638 1222
726 1132 1207
40 864 915
789 872 1730
60 852 1083
245 291 1877
1290 1319 1782
259 1184 1879
1555 1627 1749
176 266 679
212 587 1953
340 1236 1295
968 1011 1994
148 1231 1781
403 1297 1374
530 677 1850
318 490 1682
537 625 1116
323 885 1142
368 1692 1861
507 884 1932
502 1948 1962
296 1352 1748
1147 1314 1544
182 561 1715
244 1407 1922
37 1218 1746
452 870 1946
1507 1550 1902
1146 1149 1266
1343 1444 1591
39 661 1491
582 948 1673
688 1904 1994
201 1435 1479
953 983 1329
967 1321 1703
654 1264 1266
356 679 1020
619 982 1600
73 982 1114
122 1546 1798
1252 1552 1613
463 601 1298
336 977 1825
1174 1545 1674
1329 1794 1990
661 1091 1557
327 581 905
818 1068 1441
396 649 843
434 736 1640
1 803 1135
436 588 1842
997 1207 1265
215 648 1586
132 477 1255
61 134 1505
698 735 1371
666 1070 1118
535 703 1932
1498 1514 1966
600 1346 1774
775 1151 1161
1608 1786 1994
795 1802 1974
329 496 862
217 341 482
642 1067 1511
178 717 1344
40 755 1789
1043 1103 1181
196 708 1760
947 1414 1433
561 937 1125
340 434 1223
102 380 789
84 334 1097
588 1193 1898
135 716 1044
562 1075 1863
699 1079 1919
305 837 1743
232 905 1134
644 1610 1631
447 787 1411
250 1190 1501
221 459 1356
752 1200 1509
195 244 571
22 683 1814
442 761 1213
1555 1598 1751
348 1111 1378
41 243 1130
470 636 1286
688 1394 1477
65 694 1581
270 616 902
814 1282 1581
739 1106 1383
694 1287 1463
653 847 1977
53 1123 1757
285 1079 1497
272 422 1773
546 1111 1328
1415 1705 1812
1199 1554 1646
380 764 801
49 1444 1822
1098 1402 1435
104 200 875
825 1318 1532
468 755 1403
713 1724 1945
556 837 1563
309 1604 1688
310 1132 1635
1081 1494 1719
282 1502 1537
1006 1031 1857
1819 1841 1952
491 707 817
541 1111 1952
1199 1474 1941
1230 1313 1568
84 1044 1097
1115 1282 1408
1081 1314 1503
106 264 1897
890 1433 1872
377 509 1672
207 450 866
679 1345 1377
26 520 1096
618 1417 1751
165 1847 1944
460 471 573
1386 1504 1718
862 1504 1883
746 1144 1189
903 976 1251
401 442 571
705 1214 1806
663 777 1281
182 1456 1817
887 993 1449
761 929 1483
67 1403 1567
115 340 1593
977 1049 1450
358 610 1735
876 1402 1833
71 108 1549
206 1481 1904
193 1168 1525
267 1539 1618
830 1271 1412
343 1588 1996
585 719 1909
650 1358 1607
539 758 1322
116 1110 1138
239 653 762
706 1321 1755
1348 1586 1790
839 1174 1305
644 755 970
908 1281 1846
250 972 1294
24 723 913
786 1025 1626
43 618 1589
767 1236 1881
102 670 1631
383 1687 1836
556 661 1730
462 554 1006
465 741 1270
527 625 1235
680 881 1748
1002 1127 1900
609 1710 1970
59 942 1212
75 797 1152
159 1502 1538
4 50 1257
247 1207 1344
752 1135 1413
1460 1766 1803
536 961 1752
399 441 1145
464 1226 1656
491 558 1638
240 527 1699
566 1492 1905
338 1116 1334
1836 1933 1944
18 840 1089
4 592 1159
292 533 538
289 322 1515
74 1291 1540
14 784 1521
87 426 1530
157 1264 1901
687 1236 1396
963 1593 1653
451 1001 1384
308 488 1215
659 1437 1639
65 1668 1799
482 1259 1314
201 1165 1583
289 1164 1646
179 1170 1268
727 812 1461
350 637 1873
378 1189 1533
99 111 1179
391 1337 1651
49 944 1572
715 729 897
567 1763 1765
439 454 1998
1734 1796 1843
237 334 1703
521 1095 1692
276 541 731
251 1146 1679
1143 1201 1273
79 1150 1480
707 770 1988
25 944 1674
1424 1915 1953
8 14 500
965 1491 1582
19 985 1674
1400 1442 1698
180 1545 1914
844 982 1186
236 1869 1880
178 285 503
156 930 1595
763 1109 1110
600 1498 1824
66 381 667
35 168 1284
186 432 556
1394 1891 1908
103 1388 1840
1002 1271 1825
359 823 1125
820 1536 1992
303 468 1087
417 1287 1777
566 1244 1997
831 1614 1782
798 1644 1970
132 379 1118
400 869 1232
793 1044 1681
486 648 1284
583 726 1593
813 1048 1219
266 562 881
900 1430 1862
1685 1780 1974
665 908 1178
697 737 823
130 131 1792
886 1022 1913
1091 1197 1871
38 809 1203
307 424 1795
619 1806 1964
1524 1734 1784
779 1807 1835
694 709 1912
859 958 1735
129 461 681
190 914 1481
564 891 1504
315 708 1975
852 896 1746
849 1053 1789
925 1284 1997
177 582 1013
801 1111 1574
402 1047 1462
585 1401 1494
739 1496 1979
84 232 1388
55 948 1451
375 1364 1958
239 537 582
479 656 1935
18 1088 1773
436 1480 1636
590 879 1370
287 901 907
193 1380 1720
465 538 1324
291 404 1383
549 581 874
267 774 891
1042 1159 1748
972 1379 1993
369 967 1190
254 786 1772
424 1125 1893
642 1723 1724
482 596 1039
193 903 1221
332 1455 1681
251 425 1539
849 851 1849
1015 1108 1362
610 808 1252
534 1377 1839
782 1339 1508
128 958 1730
692 1440 1854
179 1109 1941
702 920 1756
84 117 265
8 787 1116
221 844 1827
43 215 1155
807 886 1932
262 1210 1708
1015 1394 1956
1563 1647 1676
137 815 1851
696 931 1577
554 970 1955
1204 1532 1863
955 1300 1385
1002 1203 1409
113 665 1015
1161 1340 1788
677 1079 1317
1428 1434 1843
538 1271 1924
355 1480 1814
166 382 575
658 796 868
166 1118 1919
480 1074 1802
1305 1358 1931
427 602 1801
700 741 1577
1566 1618 1890
623 863 1400
68 521 874
1099 1117 1963
262 922 1686
62 160 602
864 1903 1999
657 726 1796
482 606 1872
7 143 392
952 1816 1881
414 1437 1616
310 537 810
246 514 1226
267 1695 1996
232 639 1034
149 1119 1209
426 1853 1860
1028 1079 1478
563 860 1787
251 596 1589
181 303 657
961 1510 1679
44 692 1922
330 1757 1988
34 1312 1347
590 1667 1775
4 32 1774
828 867 1501
324 398 1701
970 1427 1744
87 404 1498
347 497 755
66 918 1540
1028 1871 1976
601 1435 1942
919 923 1885
14 662 1404
371 842 947
533 584 1532
25 171 1595
767 1364 1597
582 673 1752
1075 1964 1991
110 1626 1883
443 569 1200
501 1423 1803
245 1548 1637
254 550 1881
281 963 1323
593 1026 1428
423 1071 1880
399 1196 1799
255 841 1343
909 1142 1941
10 257 1860
802 1289 1893
1172 1455 1852
263 477 616
850 944 1329
841 1697 1882
817 1801 1876
384 397 1613
429 1154 1660
1049 1532 1787
38 252 501
273 458 509
349 1266 1556
315 1254 1572
1472 1758 1787
662 1810 1977
686 1006 1563
518 1566 1851
1264 1462 1653
347 573 1491
224 1778 1929
549 807 1152
209 353 1695
1565 1609 1665
378 1314 1476
420 987 1633
1532 1748 1901
502 556 583
142 951 1655
941 1710 1722
101 964 1395
633 918 1194
550 1787 1965
57 603 935
920 1325 1961
259 838 1361
1496 1720 1960
345 465 495
222 418 1677
82 421 1297
799 1575 1999
412 1108 1926
1262 1610 1901
489 791 977
372 522 1235
713 966 1777
240 639 671
368 467 920
357 621 1059
670 1016 1826
335 818 983
534 638 832
1327 1387 1923
1045 1570 1668
210 273 1957
76 284 1009
241 939 1146
441 709 1496
291 1215 1220
291 1502 1780
565 1035 1365
463 659 1528
418 1224 1820
61 1110 1177
1496 1847 1992
73 388 442
1391 1846 1990
559 698 864
1628 1669 1820
201 749 1245
547 1064 1095
674 755 1438
368 894 962
68 376 592
284 1786 1797
195 1017 1797
1626 1925 1965
24 913 1452
407 900 1793
239 855 870
278 721 1460
347 392 814
985 995 1275
162 992 1484
417 1280 1391
646 839 1567
381 725 1936
348 754 891
1071 1458 1940
776 983 1534
445 868 1438
424 596 1541
1103 1899 1993
60 667 1158
719 754 1125
393 730 1319
252 645 1847
122 958 1991
556 1305 1407
182 282 1313
741 1181 1619
314 533 1026
1166 1696 1861
705 979 1153
75 162 742
71 235 1358
1010 1293 1329
39 1085 1925
799 1239 1615
726 1048 1430
107 1494 1893
842 1713 1915
17 140 700
11 342 593
1462 1904 1967
479 1098 1170
713 899 1259
266 325 477
312 430 1136
10 1086 1756
108 214 700
574 1023 1941
1362 1454 1932
153 418 1445
265 337 1063
48 298 928
523 1013 1710
345 1058 1939
449 1019 1186
321 904 1993
297 1169 1732
681 909 1980
1126 1251 1972
699 946 1661
159 579 1388
216 771 804
854 1100 1338
425 758 1456
422 1041 1917
737 790 899
764 869 1568
35 1336 1364
83 769 1933
813 1075 1265
348 972 1856
1095 1710 1961
409 1127 1591
375 963 1990
460 755 880
351 1603 1879
307 1717 1950
556 896 1451
15 1036 1219
750 1741 1747
361 902 1189
547 567 1351
408 1203 1923
331 532 803
141 579 1673
261 929 1958
899 1492 1555
1038 1775 1931
361 473 489
822 1117 1595
497 937 1861
388 475 929
234 741 915
432 557 647
619 975 989
656 1691 1788
13 1640 1884
1379 1470 1697
475 1778 1923
34 127 1192
40 495 673
127 1111 1486
262 810 1689
253 340 345
1824 1832 1983
298 730 1822
374 462 636
237 796 1282
559 622 1047
364 400 1084
95 131 925
424 944 1104
186 770 1798
202 402 1114
423 531 1875
1356 1487 1629
80 334 1373
474 1847 1857
624 777 949
647 929 1413
865 972 1283
669 789 1091
303 1490 1619
266 557 719
638 975 1217
553 642 1890
733 1467 1665
928 963 1867
684 1000 1442
802 1786 1821
613 1056 1367
1578 1696 1730
7 292 715
764 885 987
97 657 921
103 878 1786
1211 1408 1641
1110 1380 1611
1705 1794 1944
107 1367 1455
109 1500 1817
787 1036 1107
547 985 1045
130 583 1802
22 1472 1893
362 429 1034
87 145 976
1170 1312 1534
865 1449 1762
43 120 1392
510 1127 1545
185 938 1141
386 1028 1347
452 500 1808
174 1120 1527
33 688 1154
202 756 1398
26 129 1354
20 1587 1672
211 1324 1426
740 1130 1480
857 1104 1159
254 1713 1743
418 922 1887
1139 1413 1601
156 836 1516
664 1435 1991
461 1144 1154
1316 1358 1984
228 1102 1987
286 598 1126
366 505 1282
23 160 1741
683 762 1436
763 1255 1605
230 817 1321
316 648 1501
807 1019 1058
17 676 1919
724 1533 1757
150 317 1248
199 1765 1955
248 1094 1400
158 479 1669
410 1253 1419
628 1928 1963
1520 1527 1936
328 953 969
437 1269 1302
742 846 1424
180 268 742
649 810 1302
341 795 1408
252 716 853
426 1433 1556
651 863 1040
521 1247 1335
899 1303 1722
1163 1614 1867
538 629 1038
755 950 1389
374 1723 1808
344 408 1739
171 387 1582
261 1586 1822
571 1318 1747
38 229 1768
1042 1080 1304
266 876 1452
29 295 1362
1188 1295 1372
515 705 1185
211 720 1481
438 1396 1721
553 1207 1748
40 630 1082
1579 1612 1667
768 976 1735
557 1506 1736
448 720 1185
412 730 1441
648 1689 1785
1081 1206 1238
168 1483 1898
182 985 1177
1115 1381 1472
1042 1856 1880
437 493 543
42 1439 1458
153 707 1995
926 1392 1653
173 282 1722
354 935 1280
81 355 1212
1069 1457 1711
862 1057 1913
462 881 983
505 738 1111
162 619 1300
824 1348 1935
134 682 1546
748 1195 1357
220 1287 1422
36 588 1848
280 401 641
237 302 1080
827 1757 1770
1200 1849 1867
874 948 1433
31 1676 1775
1251 1275 1801
510 591 1815
182 1146 1720
91 726 906
1067 1431 1548
313 1757 1928
902 1480 1560
1282 1362 1714
263 468 1227
670 810 860
734 1447 1958
243 1876 1946
1501 1814 1830
967 1578 1835
842 1472 1600
822 867 1477
327 1272 1991
296 1422 1639
210 1420 1946
118 166 412
228 513 1607
817 1413 1954
357 1711 1792
801 1391 1487
508 1002 1422
281 1455 1899
731 748 888
787 888 1386
73 1051 1384
605 1168 1728
250 999 1816
683 1304 1791
279 1116 1376
267 1246 1620
931 1567 1953
555 809 1769
376 789 1645
32 279 1807
854 876 1196
488 815 1927
60 257 1741
506 1141 1189
154 364 1359
620 844 1125
191 192 989
1115 1451 1871
142 343 1320
1299 1449 1683
1237 1546 1749
56 503 1789
179 345 688
562 770 1035
211 516 747
116 438 1912
195 692 2000
214 357 1303
567 1056 1098
192 982 1491
615 1169 1816
489 948 1889
348 1200 1965
237 439 597
84 256 1348
1213 1240 1915
874 1288 1319
63 451 1814
1472 1574 1870
353 446 1309
298 597 1267
941 1295 1405
370 803 1383
886 991 1365
221 964 1302
335 1608 1802
304 485 1938
1386 1402 1474
817 1558 1611
797 1102 1891
128 493 1821
542 1787 1832
1032 1157 1274
549 823 1960
35 1563 1710
22 919 1071
925 1171 1534
713 1308 1770
770 1217 1797
855 1795 1816
643 1221 1871
47 1040 1455
49 178 977
141 1492 1716
318 522 1664
458 609 775
107 145 328
144 1101 1522
182 769 1536
550 937 1045
127 301 708
145 189 1840
216 1012 1321
1171 1182 1684
683 768 953
797 863 1901
640 1291 1966
1478 1608 1671
32 1360 1749
661 811 1816
617 1018 1411
132 696 1958
1085 1253 1863
407 1008 1680
700 715 1628
452 484 1594
182 951 1949
626 1391 1660
103 631 675
2 323 936
81 482 1362
111 192 978
729 753 1028
215 284 1572
931 1319 1745
28 552 1437
730 1284 1540
276 658 897
910 1052 1371
674 1442 1635
7 84 611
213 1437 1786
313 391 1088
121 820 1022
601 1038 1458
946 1388 1446
64 664 1360
132 794 1471
1061 1627 1654
234 286 1669
179 504 707
261 1738 1838
847 1460 1730
361 1660 1840
139 880 1009
435 1408 1934
204 646 1924
195 295 1605
783 1037 1948
92 453 1126
1130 1512 1707
1437 1763 1890
700 792 1059
507 754 1922
289 1250 1400
92 1265 1525
882 1312 1652
837 1449 1613
506 669 1392
611 630 1301
239 409 650
130 1205 1238
61 363 914
53 808 1371
30 326 1653
978 1017 1089
178 780 1071
541 1464 1633
719 1287 1912
1005 1149 1725
279 1218 1238
278 1398 1542
756 1578 1644
94 1417 1763
412 1032 1320
145 514 581
227 894 1882
177 576 1758
84 1498 1884
542 1318 1461
787 1281 1307
793 1255 1309
807 1482 1759
193 813 1833
108 1384 1962
200 898 1002
13 24 335
711 1099 1351
642 781 1484
1540 1742 1754
916 1023 1922
43 167 1902
32 160 1232
6 366 1736
516 1383 1642
313 584 990
102 172 1153
816 1022 1717
363 694 1931
1439 1508 1555
1328 1655 1802
278 792 1497
1065 1492 1662
1172 1526 1952
1284 1840 1962
923 1052 1505
638 1453 1971
1361 1392 1608
629 1106 1810
323 552 773
187 993 1968
787 1261 1401
182 978 1106
1089 1192 1921
360 949 1386
525 567 1478
706 833 1059
409 861 1483
209 619 888
569 867 1887
278 1838 1999
964 1109 1367
198 678 1684
484 488 1182
337 391 547
633 1098 1971
837 1404 1469
448 1436 1441
695 1361 1573
155 590 1681
392 615 1505
159 1385 1711
152 965 1711
592 1299 1327
362 1820 1931
232 1140 1910
111 652 1952
845 1377 1410
429 539 944
577 908 1225
89 417 1747
707 1094 1861
567 1198 1283
649 1011 1996
546 620 804
834 1074 1902
113 1120 1327
222 651 827
10 188 209
257 528 925
770 784 1994
478 1135 1345
834 1328 1582
263 1031 1802
1488 1565 1710
744 824 1962
867 1148 1698
686 1626 1874
360 580 944
483 485 613
318 857 1785
707 781 1492
1797 1945 1997
903 1045 1309
898 1313 1358
268 1262 1754
360 1603 1812
302 949 1840
215 1164 1176
121 1023 1209
157 258 1825
358 563 587
54 178 230
192 1286 1739
240 805 1954
404 908 1830
346 1193 1752
660 1748 1749
799 1043 1866
93 215 445
985 1016 1266
91 1327 1900
599 1251 1904
34 717 978
923 1018 1134
1028 1185 1255
1288 1403 1704
1116 1568 1598
534 1267 1430
536 643 1113
539 625 693
344 935 1433
631 909 1326
712 1135 1724
93 346 1295
782 1078 1849
1256 1339 1672
225 627 904
52 1429 1918
739 833 1814
273 610 1459
1256 1262 1975
429 887 1866
442 667 1201
179 1873 1875
87 314 591
526 858 1321
196 770 1573
710 1796 1980
1103 1148 1572
542 779 1663
1363 1793 1849
618 837 1262
870 1255 1923
576 967 1427
256 849 1586
65 1669 1824
119 621 784
329 1160 1218
196 219 1557
600 1728 1745
57 1542 1758
918 1735 1866
1038 1159 1529
446 1592 1842
589 988 1936
36 610 1814
522 918 1299
75 156 833
231 1283 1636
1216 1927 1930
998 1237 1669
206 1637 1682
1025 1290 1984
390 1388 1562
399 1526 1997
1029 1391 1955
358 999 1112
495 1175 1919
548 773 1726
9 312 1973
1304 1808 1935
299 700 1110
11 1055 1798
963 1035 1600
358 642 1073
