1000 1000 1000
2392
124 20
54909 29
57175 33
659 46
702 3
189 23
173 10
636 29
79371 20
1036 41
87567 12
91661 12
96192 48
100179 3
104685 4
261 37
113231 10
1148 33
122604 36
55 3
132751 12
136990 14
141808 24
148150 50
578 50
158906 7
164426 16
169590 4
174571 32
621 35
872 16
191940 46
198357 30
798 12
211074 4
217222 32
224531 11
231410 11
238477 14
243551 35
251307 29
258416 10
409 41
273190 30
280734 6
288099 28
294415 28
301939 48
308875 44
914 5
324795 38
332346 7
1056 30
349191 8
362 35
365227 28
374061 8
382683 14
391457 21
399804 45
409359 1
417040 47
426019 38
437018 8
445224 42
797 36
462916 39
476 29
483568 17
202 11
502971 20
1009 13
523203 8
533111 43
346 21
553493 7
385 30
573198 8
584127 8
595307 14
605772 17
309 15
916 15
638225 31
650387 7
661208 19
672261 40
305 41
694401 36
706163 41
1005 29
729419 13
741679 42
753791 41
766191 22
756 13
790537 2
802741 47
815940 41
827965 19
839854 37
70 18
976 12
425 40
891957 8
355 40
917811 13
932269 44
945170 22
958857 40
971789 24
168 29
999969 34
791 19
1028364 21
1041572 37
1055930 42
92 50
1085485 47
1099551 15
1114025 48
1128033 11
1144609 28
1158468 4
699 43
1187660 2
1204379 37
1218565 49
1234329 37
885 24
1265538 48
1282017 48
1296478 4
1313120 23
1328732 27
1344760 12
1361386 20
1378088 1
1393891 14
312 44
1426662 5
1443503 13
1459667 5
1476725 30
456 2
922 42
1527575 27
1544646 22
1561696 36
1146 46
1597522 23
1614206 46
1632705 35
858 8
1667593 29
161 17
1704801 50
1076 4
1741496 32
1758816 45
1777758 26
1795571 45
679 32
1833247 30
384 3
438 15
835 5
969 46
1928195 24
826 17
1967052 31
1020 19
2007290 44
2025873 31
2046851 5
383 13
2085529 41
463 19
2126308 7
1020 25
171 15
1075 34
2209031 10
2227895 12
249 10
2270536 3
2291264 8
342 12
2333303 4
391 6
2375644 47
2398331 40
2418622 38
2441877 48
2462913 16
2485543 24
109 2
598 47
2550392 8
2572294 47
2595129 48
2618598 1
262 11
2662371 41
1185 23
2708469 13
2730550 20
2753561 29
2777785 11
2800765 50
2824139 26
520 13
2871571 4
2893521 31
935 35
2942167 38
942 41
2989389 8
3014503 43
1134 8
792 21
3086854 5
3111465 45
265 45
3160668 5
3185299 28
3209030 45
3234944 22
3259736 17
3285350 26
3309205 35
3335820 35
3361294 18
3385640 46
3412801 33
3438406 47
3462768 29
3489372 13
1058 34
3540981 9
180 10
545 30
3619752 38
3645824 18
3672873 44
3700128 49
775 18
3754431 4
653 49
3808260 48
237 21
3862371 28
3888791 25
3916925 17
786 29
714 34
3999654 4
505 19
4054701 18
475 40
4112091 13
4139093 36
13 8
4197334 44
4224370 25
894 1
4283215 2
662 26
4340735 36
1080 14
4399140 45
4428107 48
4456884 19
4485099 8
892 9
4545449 9
4574078 22
4604142 25
1179 1
4664588 9
4694592 42
4724185 50
4755134 47
4785169 6
4814864 11
510 36
4877361 4
4907957 39
4937421 25
82 4
5000945 41
5030966 43
5062971 29
5094636 9
5125661 27
5157252 36
5188852 46
5219249 47
5252373 11
5284391 7
697 14
5348663 29
5380548 47
5411607 50
5444754 45
5476693 9
5510337 29
982 5
98 48
5608596 7
792 5
5673760 32
620 43
5740891 8
5773542 38
5806541 10
5841038 9
174 37
5909124 24
5942494 47
5976072 28
6010769 23
6043899 34
90 28
6112627 15
6146158 44
6182259 9
6216614 40
6250762 33
6286010 29
774 18
6354391 41
6390039 27
6425693 8
6459876 23
1021 41
6532390 22
6566318 48
6603435 1
6638013 14
851 11
6710652 39
768 43
6783551 33
6818453 31
280 50
6890791 43
6928038 8
6964320 20
7002066 16
278 38
7075325 45
7112335 49
7148797 29
7186256 47
7223037 42
7260452 31
7298256 31
7335756 39
7373369 2
7410912 39
7449651 7
7488227 46
7526286 15
904 23
7601887 43
7640528 33
7679676 28
7718122 39
7756201 37
7794682 43
1076 40
7872910 28
211 10
7951457 36
760 10
802 36
8068568 32
150 36
904 12
8187858 22
8227690 19
8267606 47
987 17
8346374 24
792 35
992 19
8467967 46
8508762 8
8549034 24
8590283 42
8631355 15
102 15
8711810 48
8752835 40
8795717 40
8835596 10
8876996 4
8919412 49
8960099 44
9001996 37
9044252 22
667 4
9128112 50
9168862 17
9211359 47
810 50
9295214 39
9339406 10
9381126 16
9423470 18
9466737 23
9508887 4
528 15
9595303 14
403 39
9681668 30
9724461 13
9769141 31
9811042 33
9854582 45
9899459 23
9943213 23
466 21
10031007 34
10075224 41
10119453 15
887 33
10208264 4
10251810 40
10296468 30
10340173 22
10385142 47
10429725 34
10474999 14
10520206 27
10565643 41
10611184 12
10655348 40
10701850 22
10747818 31
10792947 8
68 11
10884090 34
10929201 25
10975888 13
11021450 30
11069032 27
11114046 3
11160414 33
11206512 38
11253192 25
1091 42
11346539 20
11394486 8
303 14
11488089 35
11534995 47
846 2
11630804 29
11678109 42
11724263 2
882 27
11821147 16
681 16
435 3
371 21
12011836 34
579 1
12108139 1
12156889 5
768 20
12255135 22
12303761 25
1065 40
861 50
197 33
12497937 33
12547796 31
12596466 43
12646707 21
12696426 36
12746432 2
12794921 39
12844190 16
12894133 2
1093 1
924 18
617 44
13095837 49
13145920 41
13195956 21
13246900 7
695 35
13348609 21
13399665 5
13450434 3
13499856 49
983 18
13603413 21
13654655 9
13706096 39
13756480 6
1080 36
388 2
13912358 30
1034 29
1187 42
14068039 44
14120490 25
14172328 8
14224543 28
489 18
685 18
14383603 18
14435703 15
14487661 42
14540505 3
14595168 25
14647037 4
14701487 4
863 2
14807923 4
434 23
14914061 30
14967993 8
754 30
15077213 35
15129417 34
377 40
15239382 40
481 28
15348098 8
15401082 20
185 5
24 16
282 41
15621784 43
15675604 36
403 26
15785880 17
15840611 29
15896141 15
1083 25
16007666 16
16062486 47
16118089 16
16174852 4
16231808 20
204 5
16342664 41
16400047 42
16456356 13
16512813 20
16569235 2
16625973 38
16682092 49
16738562 22
16794874 35
16852325 38
431 37
994 16
619 25
17080832 24
17139416 39
17195803 1
17253705 23
17312927 23
17370017 32
17426946 48
563 22
17543873 50
17601546 2
17660095 3
17718431 47
17778680 33
1109 17
17895749 32
17954246 14
18012000 33
440 22
18132047 32
18189673 37
18249575 27
18309157 5
18369309 37
909 24
18488622 5
18546876 12
18607884 37
18667805 1
18727020 27
982 17
18848888 4
18907681 18
18968963 21
1159 47
19091169 27
40 26
19212094 20
19272994 20
19333603 30
19396133 16
847 46
305 31
19578428 3
1071 11
19703407 38
19764986 5
19825358 48
19888817 5
346 36
20012812 41
658 36
20137370 43
751 43
932 5
20323884 21
20387680 26
20449415 50
1 24
20576188 16
20638622 41
20700807 43
20764581 7
18 13
20891929 26
20955665 43
21019391 40
21083349 21
21145832 29
21211501 40
21274666 12
21338380 5
21403947 34
1170 25
185 5
349 1
21660616 18
21726023 5
21790945 39
21855971 49
21919702 14
264 15
22050297 23
567 37
22182391 37
1119 36
22313059 12
22379290 27
969 48
22511150 15
22576188 26
891 46
22709107 5
22774929 9
845 29
455 28
22975104 35
23040951 37
23107341 36
23173629 8
778 48
23308735 50
23375112 23
404 29
23510056 36
23578159 50
23644029 20
849 26
23780199 35
327 50
23916400 4
23983366 30
24052606 35
24119712 10
357 14
24256894 4
24326415 45
24393549 25
24462177 48
24532629 44
24601382 15
24669308 27
157 5
24807592 45
24876520 20
24945645 27
25016456 37
25086272 28
221 29
25224964 26
25294971 46
25364485 2
25434515 7
25503956 33
25575926 30
25645215 38
25715799 9
25786296 48
25856312 22
25928561 43
184 24
26069095 15
26140632 47
718 31
26281720 41
26354790 25
26424980 36
26497094 39
26569260 35
1175 1
26712646 22
26783437 33
222 21
634 11
26999575 8
27072980 28
27145448 7
27216720 29
403 14
27362149 41
958 2
882 32
27580251 9
887 46
533 20
34 13
275 41
27947171 5
28020085 27
28094233 8
28167659 44
50 8
28316419 4
28389215 26
28463646 49
28538646 9
28612238 7
28686491 13
1049 39
28836446 10
28911341 28
28984793 28
29059546 49
29135361 44
29210204 12
29285741 24
885 24
29436118 2
809 16
29587482 10
429 19
29738395 46
29814477 50
29889467 43
915 6
30042597 42
30117821 44
30195234 8
30271302 48
30347316 42
30424103 5
30500626 29
613 33
162 31
30731105 44
30809391 19
30885450 7
30963004 22
31041444 30
680 36
870 7
31274062 21
31351260 38
31428301 25
31506443 33
31585525 16
602 44
31741940 49
31820356 22
31897355 5
31975979 4
32055226 19
32134284 39
747 43
32291068 39
1020 13
32450890 40
32528652 47
467 14
271 45
32767058 29
32846287 23
179 26
33006037 29
333 32
33165679 47
33246974 20
33326470 23
994 2
769 40
245 43
15 48
33728173 46
33809961 38
33891533 5
432 36
34051777 2
34134410 50
34214448 31
142 35
34377469 21
34459437 2
34540368 4
116 29
511 21
539 11
34868021 31
187 32
35032564 39
35115330 27
257 31
34 18
35362371 50
35445989 5
35528109 36
894 18
35693864 43
20 45
579 38
35942802 36
36027946 13
36110760 9
36194791 6
36277258 15
36361099 31
36445908 8
36528409 15
36612989 43
36698388 49
36781883 33
36866268 23
36949568 38
37034571 12
37119415 42
37204462 46
37288791 13
37374809 20
37458322 2
908 1
37628775 36
37715697 7
37799413 30
37885537 34
37970554 25
38057911 44
38142681 14
38227969 19
236 31
38400797 21
38487755 46
38572370 46
38659270 7
38744952 26
38833379 30
38920006 43
401 35
39092294 29
39179765 2
39266949 3
39353331 14
39441456 47
934 16
39616585 15
39702859 1
241 6
39879124 36
39965924 26
40055330 21
40142733 28
40230596 28
40317958 33
40406275 11
40494804 11
867 42
40672775 31
686 14
40849296 24
40939966 31
41027449 45
41117085 38
41206268 24
41294667 9
41384227 44
41474541 13
41563642 48
450 10
41743264 9
1113 10
41922987 48
16 30
42103455 13
42192727 33
42283123 34
768 6
42465022 24
42554843 46
780 20
42736013 41
42827639 5
42918793 36
43009767 37
43100778 22
43191631 28
43283697 49
43376012 14
43466483 24
90 6
43650828 12
192 21
43833311 33
43926337 6
800 11
44111498 49
719 33
793 34
44388024 19
44481467 41
44572664 11
44665556 40
44758933 6
449 43
44945981 30
1185 32
45132384 2
45225554 42
45318349 15
45411366 10
45505582 12
45599876 49
541 12
186 39
45881947 29
45976000 25
46070792 12
46164421 41
46259738 1
954 37
46449308 35
46543555 42
46638004 14
814 48
46827373 50
46923953 2
47019049 28
47114198 21
47208967 47
989 21
47399639 11
47495625 4
47591803 48
47688290 18
47784002 16
47880794 16
47976552 46
48071720 45
48168474 11
171 45
48361439 29
341 10
178 25
48651892 11
48748748 4
241 40
48944709 20
49042031 12
49138944 26
957 12
49333315 23
1095 32
49529785 2
49627350 50
365 16
49822360 17
49921336 45
50020045 42
50118291 11
50215504 36
469 17
50412493 41
50511670 21
50611253 23
783 49
60 14
50906931 5
1050 11
51105493 5
713 27
51304520 37
51059 32069 9437 90565 92084 26519 11302 48061 68487 17293 62307 57009 77159 15622 51130 66032 32819 97827 29092 6399 27811 18191 99862 48943 28185 18730 50493 15182 46259 81049 1289 92434 55170 49334 6445 42800 40273 68404 57444 82093 50979 45299 88663 72716 48989 59783 66566 31801 68060 92188 74957 27586 57564 40904 48250 53048 91323 53113 74761 66222 73411 87184 93318 37875 62229 79041 73632 82051 22830 72954 85934 37150 28020 25980 32587 63471 73798 31844 32563 12115 61431 54439 80978 73079 69044 92211 7924 19543 29326 57270 76921 67663 19104 6612 80348 12978 13813 47011 76798 21319 59826 70055 40459 76697 63656 18629 15899 83704 23081 93021 32763 27732 52162 53294 52494 34799 24235 16974 48540 95871 228 36991 95038 41568 23528 39665 43088 64360 11831 80271 92768 91662 43967 61989 10719 14288 48978 96243 55564 79217 45613 93635 2461 7597 1521 81881 56894 49345 78927 60377 53043 59473 8071 97489 24359 75526 77652 48316 13821 44729 50974 99662 53160 24299 12984 92380 10149 40929 25283 67874 41549 51190 74640 91465 41633 67320 61411 27834 39123 60737 12342 19353 41985 82324 96190 86152 22989 13485 40776 9947 34429 5415 81091 95278 72127 25706 88655 70623 33953 20228 27909 19592 17899 48683 38380 74913 64038 25808 90221 13675 67484 51550 97333 49048 17098 26767 87809 31647 24776 91073 4410 16159 4528 40073 10468 3120 45945 1896 95676 94037 9280 42001 78600 14376 28255 2314 75710 8971 97159 33901 20747 20841 5265 25469 12988 52537 52690 76179 28205 29372 84307 92212 12763 39746 92190 57395 95738 28902 1674 7776 32956 60283 70393 80821 93796 62383 94224 98967 80868 60504 67921 664 74437 26697 8315 86722 25183 32965 64449 72078 99186 94653 26378 68753 16353 64558 24407 31624 10820 98410 69760 61953 2566 84533 97957 71914 27458 53852 19988 55209 57611 80949 73347 96921 69088 43190 82921 9196 6719 9547 45462 5048 51945 14167 61344 32570 67617 65998 33323 93384 68478 89979 20440 19784 68426 28361 55427 49899 11608 23358 94302 68791 70489 86446 94174 48762 94075 347 11792 43050 45262 89300 21360 81420 56873 13592 17315 4426 29729 55333 24741 6197 34092 33801 34360 30584 23114 37552 62735 92971 34266 17344 16272 77674 83145 70030 97662 50682 25110 54255 57466 54992 1822 19946 6811 7715 21653 81131 84422 72591 1112 4163 28585 32732 31695 64072 60986 64180 62198 61850 43521 12078 98683 79228 28613 32141 1344 6380 24193 64735 20614 14318 55753 36727 16769 65868 67866 66884 49112 1711 68585 3198 18319 35097 71585 56944 46671 35141 27157 71626 87494 94149 62139 21602 59486 18583 36992 37570 40526 91004 69519 29293 28263 41926 19046 25906 98187 41243 20439 64036 31619 21335 91727 16817 29782 57063 22662 18270 48423 49932 24543 85628 23344 30174 19340 34932 3745 87454 34139 81237 57362 5842 79777 45521 28664 58881 6144 47771 74855 34697 61451 16282 86767 47079 20916 79993 95767 7434 73630 29275 5442 43495 72737 87787 12958 2655 88780 73228 22153 53912 42494 59751 70318 81132 41757 53156 30555 1386 23420 28011 33823 12381 40547 45364 67053 96178 99804 36860 26787 44524 91346 79317 5836 31513 55154 39435 71414 55606 28362 17690 44489 87849 46964 16269 35188 65922 97055 47649 85510 75459 22699 51370 65902 36226 39763 6454 15908 98880 71101 78271 4048 58639 69564 1854 97811 40838 13782 72191 78511 96203 53915 78045 96443 61007 73365 17758 13915 49805 92736 27356 4620 52616 1349 19862 67930 83116 71104 48181 75977 34448 35983 70217 93344 86484 64050 20209 56858 36294 94579 55991 75284 36430 98761 20867 43402 56087 83698 16038 96231 96277 94399 48252 68883 83659 82501 32421 24469 10516 96680 16864 76626 95330 43910 95215 53782 3820 73373 64542 92669 19789 65903 54999 78938 29124 73023 26514 29773 76833 38343 96953 21993 69857 83661 8023 28921 62757 583 31787 48726 28284 90389 74333 83959 48670 17600 64285 81279 60970 3715 11537 47609 73092 175 67473 50192 54054 46142 27586 43623 25314 19553 38234 64065 68356 30785 39975 25503 89128 79083 36957 69181 87582 3499 475 86686 36814 73829 23108 92610 82614 77149 269 64238 4746 61828 80030 98420 75841 53457 53385 99186 1794 73841 28587 94485 14331 57638 65641 58359 12189 96500 48666 43170 7281 86438 36141 42495 94363 92540 96121 91300 45575 14349 85061 58926 45463 18782 52006 27918 25280 39272 45066 51609 24078 46127 69666 22917 36117 40633 42677 93890 44678 83072 63234 4845 95235 59327 85904 91503 99365 67327 45384 83288 49484 16385 63881 82278 82631 60156 94292 2697 37814 79537 92894 67933 62190 17760 72658 73605 81909 4123 29247 54082 20414 76243 85067 44407 75529 7121 69442 16183 59370 48811 95881 80338 39347 15263 86928 35657 60030 94680 47615 82696 66756 11074 33328 94930 63645 19267 23935 85197 92514 530 82413 85707 20781 55973 43351 78886 37911 47260 25734 93646 45714 27692 65021 23861 94277 99949 24294 33696 44306 28894 55168 15473 85438 75088 96266 3806 66434 93056 85504 84583 82170 25851 34915 64375 5628 85753 72658 97297 86867 7639 98128 68930 33861 62166 61838 46853 34615 5745 30020 37317 62621 81976 18723 44924 65960 78625 67497 41921 35496 29980 74272 41275 73627 87345 83256 47150 9258 44576 29722 84332 50633 60801 21808 31684 3190 75323 34665 16324 67171 85537 51682 84643 85991 88276 59502 92901 41750 7819 62806 77679 50598 38555 13365 48413 3412 92456 88085 51791 69133 53934 37898 47979 42422 46215 43992 43751 6843 1794 37895 77749 30148 98222 43815 91929 38822 33324 32159 30061 82317 9177 57388 83669 62958 8115 94489 53874 51595 87454 11780 7937 25231 7479 14546 31984 11800 80852 12741 10142 24796 91090 36902 8469 55272 62880 6526 39658 76061 83145 5880 64260 51669 43766 4177 89206 61473 87597 8735 39675 8984 21922 62306 26585 55703 16455 46203 10841 7752 20155 17782 5544 67190 21632 83372 38964 7575 45442 73216 55753 47324 86774 10925 23382 8542 25588 49862 25189 1800 27456 90956 87004 45120 63954 46351 62620 92803 82145 77797 87390 19480 59134 65628 84028 76580 31280 76696 6292 74734 4074 36983 92570 48638 83742 60712 31987 32719 93511 67964
1 5 3 1 1 1 5 1 1 4 1 4 4 1 1 1 1 1 1 1 4 1 1 1 4 1 3 3 1 1 1 5 1 3 1 5 1 1 1 1 2 1 1 1 4 1 2 1 1 1 5 1 4 2 1 1 1 1 1 1 1 1 1 5 5 5 1 1 1 1 4 5 4 1 1 1 3 5 1 1 1 5 1 1 2 1 5 5 1 1 1 5 5 2 1 1 2 2 1 1 1 1 1 5 1 2 1 1 1 1 1 1 3 1 1 1 1 1 4 1 1 1 1 1 4 5 1 1 1 1 1 1 1 1 1 1 1 2 3 1 1 1 1 1 1 1 4 1 1 3 1 1 1 3 2 1 4 1 1 2 1 1 1 4 1 4 1 1 3 1 2 2 1 5 1 1 1 4 1 3 1 1 1 1 1 4 1 1 1 1 1 1 1 1 1 1 1 1 5 5 1 1 1 1 1 4 1 4 1 1 1 1 4 2 3 1 1 1 3 1 1 1 5 3 1 5 1 1 3 1 1 5 1 1 4 1 1 5 1 3 1 1 4 1 1 1 1 3 1 1 1 1 1 1 1 4 3 2 3 1 4 4 2 1 3 1 4 4 5 1 1 5 1 1 5 5 2 1 1 1 1 1 5 1 1 1 2 1 1 1 3 1 1 1 1 1 4 4 4 1 3 4 1 2 2 1 4 3 2 2 1 1 2 1 4 2 1 1 1 1 4 1 4 1 1 3 1 4 4 5 1 1 1 5 4 5 5 1 2 1 1 1 1 1 1 1 1 2 2 1 3 3 2 1 1 1 5 1 3 1 1 1 4 3 3 2 1 5 1 1 1 1 1 1 1 3 1 1 1 4 1 1 1 1 1 1 1 2 3 1 1 2 4 1 1 3 5 2 1 3 1 1 4 1 4 1 1 5 1 1 1 3 1 1 1 1 5 1 1 1 1 3 1 5 1 3 4 1 1 1 3 3 5 5 1 5 1 1 1 5 1 2 1 5 1 1 1 4 2 2 1 1 1 2 1 1 1 1 3 1 1 1 1 5 1 1 1 1 1 5 1 4 5 1 1 1 1 1 3 1 1 1 1 1 2 1 2 1 4 2 1 4 1 1 1 1 1 3 2 2 1 2 1 3 2 5 1 1 1 4 3 1 1 1 1 5 3 1 1 3 1 5 1 3 1 1 3 1 1 1 2 2 1 2 3 2 3 1 3 1 4 2 1 3 5 1 1 1 4 1 5 1 1 1 1 1 1 1 1 4 1 1 1 1 4 1 1 4 3 1 2 2 1 1 5 1 1 2 1 1 1 1 1 1 3 1 2 1 1 3 1 3 1 1 4 1 3 5 1 3 5 4 1 3 1 2 4 1 2 4 1 5 1 4 5 3 1 5 1 5 1 5 2 1 1 4 1 1 1 1 1 1 1 1 5 1 2 1 3 1 1 1 1 5 1 1 3 2 3 4 5 4 1 1 1 1 1 2 1 3 2 4 3 1 4 1 1 4 1 1 2 3 5 1 1 1 1 1 5 1 4 2 1 1 1 2 4 3 1 1 1 1 4 1 5 1 1 2 4 1 1 1 2 1 1 1 1 1 3 3 5 1 3 1 2 1 4 1 1 1 1 1 2 1 1 1 1 2 2 2 1 1 1 1 1 4 1 5 1 5 4 1 3 4 1 5 1 1 1 1 1 1 1 3 1 1 1 1 1 5 1 1 1 2 1 1 2 1 1 1 2 1 3 4 1 2 3 4 1 4 1 1 4 3 4 4 2 2 1 2 3 1 1 5 1 3 1 2 1 1 1 2 1 1 1 1 1 1 1 5 1 1 1 1 1 1 1 1 3 1 5 1 2 1 1 1 4 4 4 1 1 1 4 1 3 2 5 3 1 1 1 4 5 1 1 1 1 1 1 1 1 1 5 5 1 1 2 4 1 1 1 3 1 1 1 1 1 1 1 4 1 2 1 3 5 5 1 1 3 1 2 1 4 1 5 1 3 4 4 1 2 1 5 1 1 2 1 4 1 2 1 1 4 1 5 1 1 1 1 2 1 1 3 1 2 1 4 1 1 5 1 1 1 1 1 1 5 1 1 1 5 1 4 4 1 3 5 3 1 1 1 1 3 3 1 1 4 1 1 1 1 2 1 1 5 1 2 1 1 1 5 1 3 1 3 1 1 1 2 5 4 4 1 1 1 5 1 2 5 2 1 1 4 2 1 5 1 4 3 1 1 1 3 1 2 1 1 2 3 1
