268
1 708
0 466
1 966
0 758
1 992
0 458
1 913
0 334
1 204
0 75
1 169
0 764
1 106
0 738
1 117
0 953
1 828
0 234
1 146
0 959
1 397
0 17
1 992
0 91
1 683
0 700
1 256
0 63
1 958
0 432
1 904
0 195
1 980
0 540
1 626
0 883
1 710
0 747
1 764
0 267
1 773
0 373
1 741
0 659
1 721
0 720
1 552
0 882
1 582
0 515
1 335
0 497
1 286
0 12
1 731
0 624
1 658
0 671
1 514
0 834
1 89
0 721
1 959
0 678
1 944
0 947
1 911
0 39
1 371
0 7
1 245
0 256
1 69
0 262
1 494
0 375
1 94
0 528
1 274
0 321
1 795
0 961
1 401
0 523
1 866
0 90
1 739
0 179
1 421
0 255
1 5
0 466
1 732
0 777
1 320
0 132
1 45
0 903
1 350
0 655
1 324
0 888
1 727
0 484
1 211
0 868
1 877
0 833
1 234
0 337
1 408
0 978
1 624
0 87
1 954
0 177
1 202
0 426
1 916
0 808
1 887
0 419
1 375
0 425
1 861
0 806
1 909
0 831
1 287
0 820
1 990
0 622
1 775
0 219
1 356
0 636
1 886
0 656
1 479
0 638
1 180
0 525
1 730
0 88
1 703
0 191
1 589
0 758
1 263
0 640
1 339
0 22
1 553
0 536
1 892
0 135
1 859
0 787
1 842
0 42
1 136
0 834
1 716
0 972
1 76
0 657
1 157
0 659
1 550
0 854
1 603
0 252
1 142
0 313
1 434
0 93
1 405
0 274
1 681
0 403
1 260
0 746
1 547
0 289
1 155
0 667
1 804
0 204
1 561
0 960
1 12
0 905
1 807
0 694
1 45
0 7
1 301
0 127
1 884
0 697
1 328
0 898
1 198
0 429
1 356
0 699
1 577
0 721
1 976
0 562
1 468
0 293
1 254
0 550
1 505
0 925
1 24
0 802
1 57
0 96
1 858
0 516
1 623
0 805
1 550
0 89
1 910
0 70
1 473
0 772
1 582
0 819
1 372
0 800
1 688
0 841
1 424
0 591
1 280
0 271
1 176
0 342
1 258
0 857
1 172
0 784
1 379
0 259
1 615
0 390
1 80
0 909
1 21
0 874
1 202
0 386
1 571
0 721
1 499
0 300
1 656
0 554
1 488
0 13
1 176
0 768
1 206
0 511
170
