0
90 96 94
-994243606 -491542526 297214785 527968171 -396668060 -556567064 -433585487 -510985413 297493955 750968233 -617954437 394562814 566551826 -112310236 860695580 -183171220 -630587039 -171530500 796023190 -596689462 962106696 -344030553 457077572 -66886825 537234952 -884895477 -135786986 -348707645 -670030944 253039961 -801867651 -452702047 62158908 99919477 54256817 577488448 -255148208 265536973 639568957 607548673 -931292561 464225090 -735853418 987314565 -283498210 -270696749 -854501084 971444785 -154391505 549408238 679748908 -167193650 786126563 962083995 278532057 -377903034 504590061 592598986 -992897243 975323142 380756855 -202726833 -849052173 754980480 -991842120 -3625380 -926147569 -115707893 -518500150 -500861147 -774361325 114654222 109797271 -890390322 -621365344 -815048310 91299583 109259215 -410979168 -773702174 717314410 214596587 -655525313 499709026 -99883025 808997695 -373477415 466536317 -33076774 905517917 -386537185 560274983 -516843519 -573993871 -950761673 338679695 
393680838 -631899813 202315403 -262562043 -61295875 -828858389 -206590384 457201077 219950632 602488946 -262918645 41499062 -232033334 -731288299 674126958 -864266970 -659609920 752308731 -218676944 237344389 -872924306 862774644 20335447 -321150228 -270363408 652711279 126288397 -495760654 885353889 623336952 -301945793 344791376 -433494685 -815240204 232656313 -195757325 -151332802 -824221726 -534325221 146395494 -582596286 -527005791 -542889650 -643599288 234425519 -232597682 341121745 -218446831 221845747 96239832 -389484878 328701536 -548581919 -424786863 201413470 -581939102 863204828 -322169176 -273873585 -890463873 -617348942 846272878 130297242 -168853257 -352335318 131767745 516231295 85262821 385430310 -332825253 -718200554 -663079736 -3585361 522895573 327225579 808384097 -748246339 -355833331 -901934190 -473635417 -128851364 647583631 782570676 721841293 187258071 -21106802 -699660870 678229002 -180758242 736956608 -282005558 849100296 -608911904 46133545 260986425 -318464100 
898405642 -631899814 -434666227 -809360389 260183440 -828858390 -761993843 387934252 -929349060 -584075279 -159940395 -501756180 190396674 -731288300 -719179073 -864266971 224447476 -327059799 -612872889 -708644171 -872924307 247776762 -210609436 -782978261 -474399205 -505422377 281303371 -525176907 -839597173 413730764 -73566457 -802847042 -296161766 -815240205 323237908 -377924754 -941934951 -824221727 -774838364 585879474 719371054 -782844131 -851111855 -643599289 -233100918 917454041 524912485 -922833724 603139885 464044788 -802483996 -497493081 -548581920 -89104575 505934664 -581939103 821511460 -595291679 -405230122 -890463874 660079842 112489726 137830930 431429724 -598409241 -347204756 -793687652 -46630467 -855895082 74844418 16871540 662607928 230391102 -148982849 -749245188 -506510743 -748246340 413054521 -901934191 523127405 893930173 -150742570 903930040 -421323054 -942443354 -248672908 -699660871 386306634 -264026094 911092888 324577576 843921350 -608911905 -236947470 589619437 70161196 
1477428 -631899815 -564111206 -809360390 757044055 -828858391 -680601767 -917746569 -929349061 513343078 -59575723 -501756181 -380899797 -731288301 492722333 -864266972 355044656 778288513 -780095504 521851557 -872924308 -430433627 315933827 -782978262 -110643914 -505422378 18682761 359328435 -839597174 51923455 550311813 -802847043 194684932 -815240206 -592011961 291666881 -941934952 -346005145 -416213550 364860194 -637157773 -856965965 -851111856 -287756310 896121326 331719488 96125149 -922833725 834562878 998919490 -802483997 556082445 -548581921 520933994 961115988 -581939104 -934098032 -595291680 323929863 -890463875 176301956 -803922177 -476058040 957104870 -598409242 -921346592 -793687653 556102185 -855895083 -658719072 -922169576 -859120454 -134072259 785568471 -749245189 -572498779 -748246341 379403731 -901934192 548836879 -960220174 -311269860 778823131 -218964665 -942443355 429172581 -699660872 -552571617 -583116651 -311762232 -128085946 -544801239 -608911906 -806315499 -915838367 834317976 
75389896 -631899816 550447310 -809360391 175413254 -828858392 -245055673 -192241477 -929349062 671031719 -282205029 -501756182 -413053862 -731288302 -332108350 -864266973 -598666478 -223031370 -780095505 176176668 -872924309 -995878149 -846053833 -782978263 518278914 -505422379 593258279 -796400762 -839597175 -573230147 -797347512 -802847044 665421535 -815240207 -744689263 693689198 -941934953 469673203 116507002 835606295 -881193145 -856965966 707602618 -412934342 640347160 789567385 858801228 -922833726 243495608 588055547 -802483998 528212517 -548581922 160687261 49712880 -371907051 -934098033 -978167027 140851486 -890463876 -507942022 -803922178 291034682 477611063 383201333 -921346593 821044764 -698730071 -855895084 -302933985 -922169577 134920343 -101390319 966227413 -749245190 -743585819 -748246342 808631378 -901934193 -70610254 -960220175 -445446671 -423948994 -536090696 -942443356 83242945 -699660873 933591217 -583116652 400401538 463968648 -656893439 -702494281 -541677648 -915838368 445744899 
-297010269 -631899817 863835900 -809360392 887917522 -828858393 721097198 647027615 -929349063 264447911 734267673 -501756183 651599165 -731288303 668996968 -864266974 -11643026 499768545 -780095506 -103244280 836291236 -995878150 -365153698 451335751 917654483 -505422380 -108120700 -446855901 -839597176 -938864792 -345362083 -802847045 419504342 -815240208 -73101635 -956521283 -941934954 -317065306 866166144 179119001 -881193146 -735578375 -37815249 -885858672 -502981934 -895558947 -375355812 -922833727 -303362599 -56152765 -802483999 844680437 -548581923 489359048 -106267678 93174466 -976584143 -978167028 -45064262 -890463877 -581797562 -803922179 57281997 -755553992 -406537950 -921346594 62363509 -395752888 -855895085 264293283 -922169578 577081648 -194129025 -273027958 -749245191 856457107 -748246343 -776775103 -901934194 -221638492 -960220176 -486289185 813794605 485277095 -942443357 984232033 -699660874 -81722771 -583116653 -432791679 -205052154 -888593686 -702494282 133460473 -915838369 -35006961 
705729931 -631899818 523610632 -809360393 -10023079 -828858394 -929096023 -110990902 -929349064 840012848 122372845 -501756184 316409241 -731288304 617579997 -864266975 -754508630 -636013625 -780095507 6056049 352686908 -995878151 -719217711 737939706 -504122107 -505422381 -160274208 579462285 -424597497 -938864793 909096912 -802847046 -725426676 -815240209 -962430842 -956521284 769570656 -87827010 -449245664 -778442477 -881193147 -80095513 -777054946 -885858673 152005612 -895558948 498730725 -922833728 -971535880 -339386008 -802484000 610153218 -548581924 -606989623 -328413253 323193498 -110219958 -978167029 775133087 -890463878 534525995 -803922180 -713278181 -755553993 889566670 -921346595 -554751860 -67111766 -855895086 -332214289 -922169579 178689956 -63527808 -859211034 -749245192 93573763 472648083 212794573 -901934195 762663392 -960220177 -671994798 995721722 -311256490 -942443358 415318028 -699660875 345892932 -583116654 834184370 -941193699 -888593687 176766877 866462212 -915838370 -413060421 
244400776 -631899819 -651133244 -809360394 492732730 223971038 -929096024 -87696773 -929349065 196078336 -365072631 -501756185 -96392872 -731288305 31662440 -864266976 219823320 -53801663 -780095508 -855998897 -44675262 -995878152 609557705 442551120 339200613 -505422382 -851503299 -337269858 -168172774 -938864794 -800455653 -802847047 -550803387 -245831030 -962430843 316246689 -77795295 -957933330 867865464 -665768624 -881193148 -192276679 -368438932 -885858674 -841827591 -895558949 -721539430 -332422424 -971535881 596323121 -802484001 -272137712 789442446 -606989624 184033264 702601119 955232587 -978167030 -949545672 -890463879 -334124796 -803922181 770975492 -755553994 957584757 -921346596 -422310344 -394889187 -855895087 147091525 -922169580 458120170 28703337 -859211035 -218647030 75584938 469230436 -207201607 -901934196 -728328799 -960220178 788255178 -171603520 -887308613 -942443359 81276704 -699660876 -907733786 -583116655 980341632 -941193700 -479293894 779794148 -329408389 -915838371 672391784 
509705007 -448624407 505037493 -809360395 105046987 -810619441 -929096025 -410502622 -929349066 276411247 559934122 -501756186 -653916088 -731288306 353163868 -864266977 -574952314 811750370 -1368651 -855998898 -47500025 -995878153 -5784471 366548659 -507228420 -593677106 -851503300 812294548 485890336 -938864795 -573568197 -802847048 616262351 18665563 -962430844 486958578 -716461273 -957933331 -297041013 -659647449 -881193149 876326217 -791311564 -885858675 -772530722 -895558950 -672745548 -257146788 -971535882 -239616802 -802484002 756896661 -462892956 -606989625 70444437 406717071 393514582 -978167031 -748564313 187703313 -669207174 -803922182 179275068 -755553995 -403648252 -921346597 111365864 -531898107 -855895088 877090553 -922169581 834101981 972378605 -859211036 -533876826 278558532 492938336 757623952 -901934197 330498550 -960220179 -227720277 -156856127 570473824 -942443360 -28768395 -422867862 -907733787 27935976 242753542 -941193701 -300581156 277626404 -498045481 -915838372 338229016 
480471519 60544803 -357352057 -809360396 845502614 280096122 -929096026 770350259 -929349067 -248962319 -293913439 -88376648 142123416 -731288307 -692285464 -864266978 889626661 391145076 -715508498 -855998899 11072112 -995878154 796874673 -809204477 873502867 99841570 -851503301 822161471 -440891483 -938864796 -950022907 -802847049 -410738099 668478012 -962430845 716935505 -15490635 -957933332 -934804948 -464316257 -881193150 -460669382 862186354 -885858676 412481713 -895558951 97827046 -382619159 -971535883 161965477 -802484003 322304776 -301975490 -606989626 320926441 921714827 996353555 -978167032 -484356367 -543995896 276236611 -803922183 228740015 -755553996 989320409 -921346598 668210489 -408835677 -855895089 61832946 -922169582 656997317 122102550 -859211037 -618380131 -15494135 350679829 978108808 -901934198 140198245 -960220180 997393041 81678662 297247790 -942443361 -835343471 -306874944 -907733788 -767961137 -289889907 -941193702 -691016461 138411509 -609390509 -915838373 136082754 
590899582 -153930325 -146339706 -809360397 -744015026 -234722985 -929096027 182586046 -929349068 -510302662 -893225318 647603789 990361524 -731288308 -159141811 -864266979 -160536667 -355971715 557490351 -855998900 -348064117 -995878155 988526698 -809204478 -298120576 -100006558 -851503302 994412109 423081733 15918343 -950022908 -567718233 961490819 593720749 -962430846 146129822 420924756 -957933333 -404329689 312766172 -881193151 -377970125 8560132 -885858677 59971005 -895558952 16635516 38532611 -971535884 -411153358 -802484004 502419062 624207022 -606989627 -141420322 525434042 -161353550 -978167033 -412478295 -543995897 -899284304 -803922184 -178994190 -755553997 461016025 -921346599 896306369 427192835 -855895090 -910459025 -922169583 550624616 767285389 -859211038 106831513 121014687 -693001365 898752336 -901934199 190520205 -960220181 -622640842 303742097 835673230 -942443362 109434481 207600567 -907733789 -953118704 -539101985 -941193703 -558904491 750567700 350072736 -915838374 837756710 
-107268670 -171050675 174193060 -809360398 -123122447 -714997274 -929096028 -652978174 -929349069 753017526 -893225319 -720497573 783246786 -731288309 480906351 -864266980 727712626 -940486836 308523662 -855998901 719529197 -995878156 743520833 -809204479 -22813139 497343677 -851503303 159048100 -589288888 144040277 -950022909 -403425473 -216302 945172335 -962430847 684349149 436591975 -957933334 250645696 -729311738 -881193152 9352856 -94890742 -885858678 -598575042 -895558953 -264793330 925057496 -971535885 678612035 -802484005 815962707 -253203589 -606989628 -13866783 -7863029 400493317 -978167034 609343631 620688335 -899284305 428139325 283020776 -755553998 457919314 -921346600 64449289 190209623 -349960846 -63635998 -922169584 678008846 960492449 -859211039 692152728 714944879 -693001366 654541549 -901934200 797365787 -960220182 -808652650 -110108206 -817302626 -942443363 292482372 518578613 -904089007 -953118705 -763748727 -941193704 400314167 876393014 41805568 -915838375 116030448 
142366873 -319869422 223594955 -809360399 342675400 511618472 -929096029 -933868780 -929349070 -532376288 -893225320 -741181657 550850357 -731288310 -404477622 -864266981 213203723 -940486837 -839337889 -855998902 -633083097 -995878157 78702112 -809204480 343455567 -404343366 -851503304 -603230575 -589288889 -500923107 -950022910 -646343232 320314372 -532158420 -962430848 5631059 -687888136 -957933335 -914944635 393589343 -881193153 174230811 -171274699 -885858679 -487978323 -895558954 880627831 47040961 -971535886 -814918148 -802484006 -670297566 -101293307 -606989629 289207581 41563156 -736138310 -978167035 -895244048 -288176549 -899284306 56860493 828248227 -755553999 -741868206 -921346601 981155498 -152785057 739932921 -41437861 -922169585 -304892470 -644977687 -859211040 412321704 967740814 -693001367 864344185 -901934201 -52051682 -960220183 -108602972 -996331800 -496903340 -942443364 -873369616 63463930 362694639 -953118706 425639724 -941193705 892508394 -705517481 -753889504 -915838376 528611907 
2866485 -932917213 -211926467 -809360400 813759055 918392057 935584077 -933868781 -6466109 -205076104 -893225321 -167246495 519204202 -731288311 -34911180 -864266982 -200301278 -940486838 358763140 -855998903 875874172 -995878158 -188857170 -809204481 670137626 -905538784 -851503305 -15263479 885333752 -187724341 -950022911 702908585 866873946 403912242 -962430849 -484221394 -572458758 -957933336 -500682137 -506394489 -881193154 145133359 365460198 -885858680 438928381 -895558955 -844200018 772791813 -971535887 661850973 -302348203 552605138 -920152165 -606989630 49999035 593238790 -4888833 -978167036 -371344234 -873318488 -899284307 -890759840 -605624647 -755554000 -224315397 -921346602 -593057032 -428388975 794973644 -28681693 -922169586 195695058 816837250 -859211041 342417731 -60444372 -693001368 475852650 -901934202 -209512683 -960220184 -112570074 -996331801 296939236 -942443365 -360953184 98839602 66972165 -953118707 154865971 -941193706 -14365491 85070773 674448375 -915838377 466737207 
-97058929 -932917214 -663007668 -809360401 -715691270 546028004 -91364109 -933868782 26741849 334432742 -893225322 -953154453 -802587490 -731288312 -749336965 -864266983 89924669 -940486839 -473476995 -855998904 -440967343 -995878159 -522453567 -809204482 337379620 -905538785 -414658871 -464711400 -681243420 -964093929 -950022912 -167630509 546548489 -515716677 -962430850 -209590151 411758644 -957933337 -57856587 -711328846 -881193155 726275400 -942112190 -885858681 -635173200 -895558956 824742029 -225276631 -971535888 393832475 224125495 727849162 -920152166 -579819039 847592162 -19364357 -623542060 -978167037 286086380 420528173 -899284308 739902118 395523075 -755554001 783086712 -921346603 -774872583 958344662 630082691 795866279 -922169587 726560233 -184864126 -859211042 822404072 -103646355 -693001369 -456969108 -901934203 -571460789 -960220185 521888331 -996331802 953357763 -942443366 152147207 -405245685 107389902 -953118708 853398632 -941193707 -816090039 -831503854 281482135 -915838378 825848114 
-57832386 -932917215 997496671 -809360402 360269299 -906476377 490198918 -933868783 -760778467 -767621438 -922039265 -953154454 -254300168 880766754 -905469834 -864266984 807951349 -940486840 -88165216 -855998905 385160146 -995878160 747267315 -809204483 805848665 -905538786 -59615876 -623484961 -263485108 -964093930 708071688 -740908761 798078581 -608407048 -962430851 656835504 303841942 -957933338 -302644785 396740610 -881193156 -277812817 -942112191 22856736 81262023 -895558957 968649171 -200978651 -971535889 -285549575 -58730976 90070171 -920152167 874393671 505426030 -608942915 922958679 -978167038 725940667 -829508713 -899284309 -782392858 -863476665 -755554002 795991047 -921346604 572894395 673207542 -732846751 -607799573 -922169588 792752278 119796596 -859211043 -540493630 436997837 -693001370 355818393 -901934204 -241705869 -960220186 -772997570 -996331803 537459202 -942443367 54209945 -716023359 -766552240 -953118709 -716029886 -941193708 -102226797 -831503855 -311756730 -915838379 66679895 
700392874 -932917216 -449352516 -809360403 -677272292 -906476378 -398390863 -933868784 -885238901 -187941424 -486696788 -953154455 685435584 -821425328 -905469835 -20963578 -456493134 -940486841 -221546601 -855998906 439680124 -995878161 749540847 -809204484 -315319209 -905538787 202111063 -623484962 984024626 -964093931 847079618 -740908762 550972158 -618805495 -962430852 182999778 -430964619 -957933339 -674631656 -715608347 -881193157 348896798 -942112192 158761581 281950644 -895558958 61812595 737237691 -971535890 894561410 -275181936 170317185 -920152168 -893547400 -30940737 -608942916 755680221 -978167039 968976904 313537917 -899284310 -732258437 -863476666 -35118073 958247633 -921346605 -359235777 744710636 -732846752 827304452 -922169589 757331739 286334104 -859211044 -543189719 -722703809 -693001371 -115018960 -901934205 -713869173 -960220187 120517773 -996331804 -889400482 -942443368 315019719 94760331 147910023 -953118710 43810714 -941193709 439477086 -831503856 -26675336 -915838380 358300768 
223789732 -932917217 950096852 -809360404 422057574 -906476379 -618633821 -933868785 11374811 -231667498 793384276 -953154456 537010479 -454631141 -905469836 56421088 -406280713 -940486842 394634345 -855998907 -811002500 -995878162 954768121 -809204485 -668184394 -905538788 414698864 -623484963 190878140 -964093932 81651874 -740908763 -276450507 936990934 -962430853 741170880 -384486560 -957933340 507645471 -571038493 -881193158 328606302 -942112193 -825200048 -157517828 -895558959 395303064 -898989349 -971535891 300989891 -781178275 -453356805 -920152169 148128665 91524371 -608942917 -201554644 -978167040 -821163264 178217112 -899284311 -157402360 -863476667 276928787 334222138 -921346606 652212029 428272097 -732846753 -104293658 -922169590 931532472 261815849 -859211045 -790969185 -722703810 209816355 -872019636 -901934206 -845281924 -960220188 -640072145 -996331805 999074566 -942443369 -31823072 81895799 924797759 -953118711 863324727 -941193710 83224679 -831503857 309410868 -915838381 -178518935 
842245553 -932917218 -271360898 -809360405 450971438 -906476380 -670072449 -933868786 287472099 -608659445 -962926063 -953154457 368235061 929355829 -905469837 987734904 -68689735 -940486843 -820339663 -855998908 332207185 -995878163 -516086010 -809204486 -865479096 -905538789 659042497 -623484964 29738446 -964093933 -238487066 -740908764 6565797 675410716 -962430854 402867372 254001747 -957933341 -619345514 32149534 -881193159 -65834627 -942112194 -264838418 -239097285 -895558960 432531107 -701699272 -971535892 652010239 -781178276 630724696 -920152170 -581537119 399588522 -608942918 -87824757 -978167041 -943388496 857041890 -899284312 300386922 -863476668 -202072328 -884993478 -921346607 706367850 917371869 -732846754 -785569967 -922169591 221934719 332055317 -859211046 566713777 -396832425 481708307 -421222831 -901934207 -960236001 -960220189 321843741 -996331806 370985803 -942443370 -668177600 62275258 -277585017 -953118712 942930980 -941193711 83682106 -831503858 384587285 -915838382 943269142 
-244869871 -932917219 458687662 -809360406 689463745 -906476381 -448656677 -933868787 154091941 185906024 -962926064 245467363 -854187707 -985007837 -905469838 -620729069 305131232 -940486844 379433126 -855998909 -190043932 -995878164 -270211177 175083607 903229499 -905538790 991674299 -623484965 623519590 -964093934 -133428225 -740908765 -697250760 426435246 -962430855 345181351 -827705514 -957933342 437769384 -706931057 -881193160 -192299393 -942112195 -149908900 -839225270 -895558961 777381164 -645103461 -971535893 513924730 -781178277 -56900038 -920152171 983725741 396917798 -608942919 179004518 -978167042 958607722 -523777923 -899284313 255432708 -863476669 -79974499 4306286 -921346608 -786964276 79352772 777944212 287799814 -922169592 -390658780 -258713588 -859211047 -704748224 -803433780 -366101967 -84740245 993967452 -960236002 430062206 512505468 -996331807 686504445 -942443371 164479498 861340437 -818006866 -953118713 -466168281 -941193712 -100560176 -831503859 394247302 -915838383 375231176 
847758772 -932917220 -198240576 -809360407 414139624 -906476382 768088327 -933868788 477896719 621351431 -962926065 744933512 -358974168 -985007838 118214951 -772459053 775868125 -940486845 -189243600 -855998910 659768712 -995878165 -687170738 -225578982 -339970090 -905538791 -221883657 -623484966 -215236416 -964093935 -915094693 -740908766 -232408849 -286990532 -962430856 -148453915 643339832 -957933343 565532756 57622245 -881193161 625283150 -942112196 -638812012 383747504 -895558962 -672552108 74480148 -971535894 -785352726 -781178278 193727634 -920152172 881062097 6767337 -608942920 271548428 -978167043 -699623448 393016010 -899284314 -356538779 -863476670 -640407705 313217318 -921346609 512596165 -856624756 -718018571 633930369 -922169593 -913549586 501173355 -859211048 806669254 -803433781 36888788 -813514853 588532017 -960236003 904456554 202198486 -996331808 -507542812 -942443372 265588842 -401037280 -613701949 -953118714 802117432 -941193713 -289657001 -831503860 -423519126 -915838384 626130779 
-496557574 -932917221 -689550488 -809360408 -862693229 -906476383 -836439313 -933868789 -889828102 522969513 -962926066 -172643558 -643384708 -985007839 -429239203 -772459054 -50466406 -940486846 528357256 -855998911 -473494231 -995878166 -736758558 491662522 -54290203 -905538792 233695284 -623484967 -17509553 -964093936 -114381649 -782084101 120485269 -857107268 -962430857 660975145 922516996 -957933344 626079233 -728193433 -881193162 -442574624 -942112197 475209377 755461424 -895558963 467825230 588458932 -971535895 -328248402 -18523508 969693812 -920152173 243544686 -853862344 -608942921 -577215556 -978167044 -472438894 713035720 -899284315 -331215640 -863476671 526722830 -5148673 -921346610 -748723480 -856624757 603172331 21448267 -922169594 884061714 -536244703 -859211049 394051276 -803433782 -369044159 -813514854 428980542 -960236004 -469064523 -862078287 -996331809 76306465 -942443373 -521386123 577582029 791656245 -953118715 -904824652 -941193714 -50591832 -831503861 550294017 -915838385 816757849 
-496561515 -932917222 -598812643 -252408376 -408182442 -906476384 -782368760 -933868790 150859414 169172018 -962926067 2331105 -128879751 -985007840 -875956734 -772459055 391818056 -940486847 -927985092 -855998912 453698140 -995878167 902321755 -592425649 -136399121 -905538793 -542535000 -623484968 -310842511 -964093937 -283665554 -782084102 112422885 995469305 -962430858 286697514 -352179057 -957933345 131645230 -66540555 -881193163 27236992 -942112198 776711246 -171109824 -895558964 839238531 -432872981 -971535896 -239362429 261324960 109205134 -920152174 -421599251 -853862345 58377584 574648677 -978167045 -804772737 -222683299 -899284316 -302494757 -863476672 -923876399 -282317018 -921346611 502075416 -856624758 764400025 864482518 -922169595 866878948 -391049803 -859211050 215079136 -803433783 -208541471 -813514855 -774469919 -960236005 -708121530 279972857 -996331810 -512372354 -942443374 972701663 -87598676 42178942 -953118716 746967340 -941193715 -94041090 -831503862 518428590 -915838386 767080615 
-355697100 -932917223 817964532 458236375 -367350211 -906476385 807352668 -933868791 -300556034 -677575676 -962926068 -206366963 772733921 -985007841 -681007274 -248647406 844061582 -940486848 -227935820 -729539759 -555481175 -995878168 253572542 -592425650 -12021783 -905538794 -703991820 -623484969 300717501 -964093938 10237628 -782084103 -998292464 30679330 -962430859 97176551 393520575 -957933346 -729260843 124338568 -881193164 976707595 -942112199 -789484397 503802040 -895558965 -311566389 -369814145 -971535897 794160204 -975051772 448274565 -920152175 19888348 -853862346 193680244 349910444 -978167046 -282077728 -886034317 -899284317 775031385 97309228 -923876400 -341637536 -921346612 -10911151 -856624759 716105367 387393332 -922169596 412571096 -358315226 -859211051 998948606 -803433784 190538536 -813514856 -940602516 -960236006 488212238 -936702426 -996331811 66870479 -942443375 591359239 -207306988 506186281 -953118717 734980068 -941193716 803149181 -831503863 -798884393 -915838387 -79229737 
-50935370 -932917224 104180351 854522596 -808176766 -906476386 -861345743 -933868792 -948719569 67418547 -962926069 -974744490 -818179567 -985007842 692432274 -236376297 928037219 -940486849 -263293237 259024866 655315581 -995878169 595271864 -592425651 246288997 -905538795 198593045 -12356503 533430800 -964093939 957023179 142328567 -998292465 -107870333 -962430860 579527894 -638268458 -957933347 679630028 -792638360 -881193165 -314350663 -942112200 458594684 -604624883 -895558966 -798177050 -927436610 -971535898 555278287 -975051773 759954660 -920152176 -26101989 -853862347 -575403218 -556764820 -978167047 -273488 -749133514 -899284318 -362480111 -38751511 -923876401 594310990 -921346613 763547314 -856624760 893598488 -760070171 -922169597 -745268446 -795811837 -859211052 732943477 -803433785 -844858385 301058356 -514130469 -960236007 359196210 735215210 -996331812 -743871115 -942443376 881279514 -948679567 384196927 -953118718 137177957 -941193717 -774669647 -831503864 -672647762 -915838388 310836010 
988837063 -932917225 -265235779 901243271 471062547 -906476387 -150767049 -945999425 -948719570 315444050 623227864 -974744491 64861579 -985007843 449511985 796682757 81506512 -940486850 503118432 -761385224 271392028 -995878170 623275121 -592425652 223474896 -905538796 620902841 85161160 -711827290 -964093940 -980412187 -230701190 -998292466 549782989 -962430861 462494127 620042854 -957933348 -56893038 777207472 -881193166 -338415951 -942112201 59930130 835124748 -895558967 -76782618 -762621483 -971535899 947050867 -975051774 -20799124 -920152177 867650687 -853862348 978236536 -513900343 -978167048 503916145 268485666 -899284319 357256438 263653773 -923876402 759898619 -921346614 -429023954 -856624761 790856537 625953369 -922169598 -193642187 852607856 -859211053 -847797836 111095237 -844858386 -174072476 914380152 -960236008 547745126 -277757975 -996331813 -258704507 -942443377 109339352 -948679568 -718805661 -953118719 995095474 -941193718 53457514 -831503865 -632678872 -915838389 960541931 
334154806 -932917226 -634213425 -872726121 -204033628 -906476388 -150761781 -68557505 -948719571 -289686314 385425801 -974744492 60824550 -985007844 155958195 -481958381 -819384031 -940486851 -173640000 -761385225 -320107837 -995878171 472136555 -592425653 124889642 -905538797 19318473 -313001996 865166747 -481485463 -980412188 601420391 -998292467 693538173 -962430862 567548533 678914821 -957933349 -690334589 595977300 -881193167 -896415411 -942112202 908196731 670956391 -895558968 -760627242 -443309765 -971535900 -897937311 -975051775 301933415 -920152178 359524854 -853862349 771756872 565519685 -978167049 818006833 135038335 -899284320 521025572 409012612 -923876403 -864534375 -921346615 -225581040 -856624762 -728205018 -496354399 -922169599 148820379 120434415 -859211054 355872355 172650273 -844858387 -561112032 -581846783 -960236009 587143759 -488574539 -996331814 -389938247 -942443378 -516461504 -948679569 583695656 -953118720 -426767628 -941193719 -8757679 -831503866 -640982502 -915838390 127009981 
647329192 -932917227 798352409 -872726122 -385317964 -906476389 -414259806 739217030 -948719572 -221973586 -418779823 -974744493 293672937 -985007845 -470803979 -328275218 -198851852 -940486852 142887040 -761385226 -74322220 -995878172 594281642 -592425654 -964311229 -905538798 -227600111 -719586363 786011628 360227234 -980412189 824923687 -998292468 -811758703 -962430863 -274332951 -391554965 -957933350 -246583705 610924653 910236210 76949056 -942112203 469210859 995101868 -895558969 -207649486 504645073 -971535901 805084112 -975051776 -617307091 -920152179 568885027 -853862350 149897973 221227801 -978167050 -472829753 -704301488 -899284321 815477040 -252866151 -923876404 821956669 -921346616 389322007 -856624763 232302387 976066141 -922169600 -516961258 -385040501 -859211055 -823499986 -199662409 -844858388 916501613 -160253904 -960236010 -164812297 -169540506 -996331815 -965968921 -942443379 707255906 -948679570 -101802790 -953118721 -680420815 -941193720 -536501643 -831503867 575205896 -915838391 -461002922 
-143071911 -932917228 140471150 -872726123 -29021501 -906476390 -431764205 -265006384 -948719573 168384944 -274906769 -974744494 534577654 -985007846 128065147 573609930 589903811 -940486853 -708533293 -761385227 960202694 -995878173 151887727 -316357153 -964311230 272501848 -563072436 -719586364 335524169 268136270 -980412190 298713926 -998292469 -297050230 -962430864 542105573 -168919067 -957933351 648472174 -414076280 303588201 -468810740 -942112204 431486208 -66093752 -895558970 498590415 -747855726 -971535902 -657241254 -975051777 -528676872 -920152180 869156081 -853862351 605016887 237154755 -978167051 -839085273 575508384 -899284322 359566745 -495447615 -923876405 -889415261 -921346617 94096869 -856624764 279984553 925388489 -922169601 810634443 -8813116 -859211056 626863280 727575652 -844858389 -807986710 -231833797 -960236011 589015647 948383254 -996331816 124733350 598399261 -975208519 -948679571 249066509 -953118722 -351488603 -941193721 892700645 -831503868 542149803 -915838392 186745543 
90326886 -932917229 46369749 -872726124 -346510546 -906476391 -202506741 914192809 -948719574 -501650731 319209233 -974744495 -168325281 -985007847 779653526 404004507 -780529616 -940486854 381875012 -761385228 459020557 -995878174 -574442886 348966284 -964311231 625199745 362056990 -719586365 553750747 -894553668 -980412191 395500876 -998292470 290281367 -962430865 180976832 805913862 -957933352 930995795 -858677658 599612259 689372775 -942112205 775561084 -267764638 -895558971 -169206341 381146831 -971535903 -822062586 -975051778 -496471953 -920152181 217732980 -853862352 -480964411 364026467 -978167052 -140993322 -453022529 -899284323 328343170 -373531871 -923876406 -318031801 -921346618 -842396598 -856624765 -601360748 190677001 -922169602 438726994 -79267785 -859211057 756864769 -797880949 -844858390 -313780510 343175505 -960236012 -686246339 89125430 -996331817 -43563365 -411551111 -975208520 962077242 145067959 -953118723 -27202245 -941193722 -276088632 -831503869 -194935926 -915838393 -495568322 
-365367328 -932917230 -508687198 -872726125 -234098449 -906476392 575272114 691786015 -948719575 797878383 890252700 -974744496 -711861184 -985007848 -769321440 -513275781 -207518240 -940486855 -347167368 -761385229 -838202067 -995878175 910365745 -285928364 -964311232 832508910 -848330491 -719586366 -218721196 -563038131 -980412192 87048221 -998292471 -11988063 -962430866 -312418243 -855995983 -957933353 -525800498 -858677659 -307872894 -601726580 -942112206 -806671557 -56404649 -895558972 -866583317 -372043079 -971535904 163496526 -975051779 870786428 -920152182 -33779856 -853862353 474312173 725640236 -978167053 328860232 732859531 -899284324 256549648 949438189 -923876407 885799449 -921346619 -133034833 -856624766 869735318 82298475 -922169603 676180358 80249608 -859211058 200857303 -791913729 -844858391 -460472233 902457985 -960236013 882206625 67152227 -996331818 3943317 783595754 -975208521 -698361710 976369501 -953118724 -891264941 -941193723 -198389683 -831503870 681610734 -915838394 113016683 
697628280 -932917231 -216388928 -872726126 -135644607 -906476393 562852050 21986255 -948719576 -944415869 -559173533 -974744497 787834824 -985007849 958214543 -853150764 372845676 -940486856 372088089 -609532773 228700745 -995878176 -346440145 -562087638 -964311233 241403336 -848330492 169976984 898881964 -937029439 -980412193 548951102 -998292472 275906457 -962430867 166765392 229812173 -957933354 128976791 -858677660 631891644 82336942 -942112207 -17837064 -939869630 -895558973 -479606969 -901918358 -971535905 -40263983 -975051780 450004972 -920152183 -387106506 -853862354 955121679 688558832 -978167054 555066784 900224196 -899284325 666520482 420044879 -923876408 488106607 -921346620 999872823 -856624767 920945200 -407890694 -922169604 -69490502 -395138949 -859211059 -783257611 578569322 -844858392 544574416 -391423368 -960236014 913886309 63256134 -996331819 -774436134 -859057798 -975208522 662206180 234772540 -953118725 -978306091 -941193724 -805074708 -831503871 665592291 -915838395 -138173003 
791350515 -932917232 -937902130 -872726127 837342577 -906476394 908527373 510038818 -948719577 -191039592 -380282635 -974744498 200911960 -985007850 -404350704 -853150765 592037524 -940486857 -252901230 -614028256 -7573505 -995878177 706443079 187794796 -964311234 -715872384 -848330493 797639927 -308857409 885151998 -980412194 477854032 -998292473 442807076 -962430868 -398328715 -910268739 -957933355 557734699 -858677661 -275443294 -974183476 -942112208 -655134919 -939869631 790611057 -419789873 344390634 -971535906 251354509 -975051781 700217530 -920152184 577304759 -853862355 -964113567 -510667083 -978167055 76243556 786152515 -899284326 418917879 855386839 -923876409 736387957 -921346621 -363211517 -856624768 265055055 568258322 -922169605 172225181 780458722 -859211060 735068275 405620172 -844858393 -561038575 -940730676 -960236015 173850363 178962080 -996331820 744513502 60135882 -975208523 -848963482 -804678870 -377670973 -978306092 -865625335 -193779914 -831503872 -45248696 -915838396 401492027 
-157014051 -113481645 -937902131 -587872292 -74159783 -906476395 -816937611 -711840308 -948719578 575315417 44000674 -974744499 -399648908 -985007851 -780974296 -853150766 143618434 -940486858 -781802152 -614028257 -185626303 -995878178 -156028191 -706623491 -964311235 -151804031 -848330494 -64916246 -344962562 -952308635 -980412195 -799210564 -998292474 666482270 -962430869 285483024 514339367 -957933356 -384957094 -858677662 859127991 -974183477 -306383711 -403655774 -939869632 -363659891 -730143828 452493695 -971535907 246861123 -975051782 -588426359 -920152185 333262146 196971566 -964113568 906328111 -978167056 -941438254 -75759295 -899284327 142526774 608695696 -923876410 -53989820 -921346622 -187824244 -856624769 -771139973 -616730451 -922169606 -271485889 134892495 -859211061 904237934 400000029 -844858394 56991975 301206617 -960236016 136146451 779031605 -996331821 910991827 13847559 -975208524 123009273 -307879451 497980601 -978306093 255529618 852315211 -831503873 -218839018 -915838397 -273047192 
970236885 343010535 -937902132 -743632923 493976825 -906476396 815083477 428931477 -948719579 755190557 -191628935 -974744500 823567129 -985007852 -243443490 -853150767 -516179577 -940486859 433009136 96779079 -178987186 -995878179 -369888499 -548152950 -964311236 -740688305 -848330495 880421731 -143872850 860556395 -980412196 -673602365 -998292475 174302593 -962430870 323245459 -151663762 -957933357 674980846 -858677663 -450512211 -974183478 -298768134 880274807 -939869633 172386956 -730143829 769873607 -971535908 -527778686 -975051783 235721596 -920152186 -616203523 473426388 -964113569 748927738 -978167057 647609990 -502519010 -899284328 -528339322 -241836547 -923876411 138563640 -921346623 -78312707 -856624770 -239847333 -355935744 -922169607 660152028 -683476025 -859211062 797071470 -325687942 -844858395 673303436 -239149323 -960236017 2233280 948367154 -996331822 647821393 486465620 -975208525 979576300 -95317055 -4973397 -978306094 309220921 -465617475 -831503874 -343621145 -915838398 -381747801 
-313902513 -366216811 -937902133 171812757 -285276610 -906476397 -632644279 899730793 -948719580 387073775 426900387 -974744501 -716865783 -985007853 685661768 -853150768 208462859 -940486860 494489253 277311170 -787303507 -995878180 956788026 482369230 -964311237 -76948326 -848330496 503568586 31312748 -135833722 -980412197 138714386 -998292476 -294281565 -962430871 985815656 992010692 -957933358 -891769332 -858677664 -638162631 -974183479 294658681 -956619359 -939869634 729262666 -730143830 326936433 -971535909 -237303166 -975051784 195287631 -920152187 -961552084 396066061 -964113570 -982608079 -978167058 924347050 -881636913 -899284329 116359486 -226932774 -923876412 769936334 -921346624 908987486 -856624771 -672772822 -334877089 -922169608 -624659861 -162771940 -859211063 -382955093 31977278 -844858396 305812236 -427849953 -960236018 873798633 188765277 -996331823 -217724308 985668951 -975208526 -525248470 791251008 151382264 -978306095 713523035 -135869655 -831503875 -416573161 -915838399 403818008 
-58992288 -689120868 -937902134 354506622 376841089 -906476398 -909745147 758865082 -948719581 -330797787 -618747107 -974744502 -428267851 -985007854 -712197833 -853150769 200004770 -940486861 612896416 403948599 776585344 -995878181 -360297697 -10168336 -964311238 -453635354 -848330497 -533091435 689833638 -910893779 -980412198 26914435 -998292477 -410401690 -962430872 185630847 -451563275 -957933359 -773041961 500478406 427286824 -974183480 -154266230 -956619360 627403962 -616548369 -730143831 -617195091 -971535910 747710847 -975051785 -220734390 30859840 -961552085 848978553 143846517 -982608080 -427767061 -560434774 651384083 -899284330 -146407925 721392754 -923876413 -407944761 -921346625 -700669112 -856624772 -936700171 -19611049 -922169609 264966216 -448861214 -859211064 -194012173 886817542 -844858397 637167370 -115008782 -960236019 922093268 555212001 -996331824 -838704650 762098681 -975208527 -658001740 -668383865 646588607 -978306096 878079817 -588147650 -831503876 -53366970 -915838400 -257570579 
571965903 579616223 -937902135 -16833098 788557888 192465702 -909745148 334317878 -948719582 385331469 296942291 -974744503 -836209423 -985007855 526120583 -853150770 -384094650 -940486862 -184964175 -914556706 -340074004 -995878182 158649324 506968356 -964311239 -532246350 -848330498 -957658846 264503543 -575902272 -980412199 -129608666 -998292478 -554070680 -962430873 373301623 342086387 -957933360 2005711 -744699638 203202851 -974183481 -865561748 -956619361 -54248767 355650162 -730143832 169943922 -971535911 125247119 -975051786 375642726 -341222874 -961552086 119436811 701235148 -982608081 -48407608 -560434775 -913446625 -899284331 590933761 831333008 -923876414 -521342319 -921346626 -110727343 861251659 -936700172 18397942 -922169610 -62383347 495462947 -859211065 -905322806 -432621921 -844858398 -841228929 736469853 -960236020 351190230 877591533 -996331825 418073958 373972498 -975208528 574447663 -668383866 -155284369 -978306097 -755810776 591927441 -831503877 -378270548 -915838401 932757885 
-369257620 150602144 -937902136 -908051300 -747367637 391634875 -909745149 -153818681 -948719583 -591008492 -579278860 -974744504 607106398 -985007856 -671454946 -853150771 -391438892 -940486863 -19948936 -914556707 195063235 -995878183 609991715 -870599132 -964311240 432155790 311518927 -957658847 382835762 286180914 -980412200 -585476782 -998292479 232077532 -962430874 838243231 -90227197 -957933361 -539381057 -744699639 948512735 -974183482 603859423 -956619362 -283297436 -889773620 -730143833 -734099702 -971535912 911289554 -975051787 -81299164 -308363149 -961552087 755916819 997105295 -982608082 -207678457 210144921 -913446626 545535905 -911642607 -98241892 -923876415 -89945806 -921346627 -868487447 820384775 -936700173 -357770670 -922169611 665574594 303067790 -9938266 -905322807 331308596 -844858399 -237079077 115926816 -960236021 -464757497 -323406568 -996331826 -857918044 540416863 -975208529 704455426 -668383867 394526187 -978306098 439172369 490890004 -831503878 926203727 -915838402 859523016 
-79006134 -578830807 -937902137 -44228589 -782032833 33192653 -909745150 -677609671 -948719584 199250382 -636218346 -974744505 -959473448 -985007857 -796763742 -853150772 281125592 -940486864 -717703795 -914556708 -622007913 -995878184 -970755490 21274692 -964311241 -857077115 703993202 -957658848 795669493 855756611 -980412201 -537468097 -998292480 -424931092 -962430875 -882630721 -993146010 -957933362 52153034 -744699640 976354740 -974183483 -755614618 -956619363 -666785209 -889773621 606400379 74857849 -971535913 -284586432 -975051788 -546083845 -551509024 -961552088 470398432 -995280467 -982608083 -201684548 -106682987 -913446627 577265431 -911642608 -736003959 -923876416 723266023 -921346628 262660408 277559497 -936700174 -329533697 -922169612 374368976 -817183692 871540647 -905322808 -868537904 -844858400 314293453 573858029 -960236022 356049985 -289641108 -996331827 -969475436 933780932 -975208530 728666166 -668383868 894305108 -978306099 -782398304 -255819056 -831503879 592851318 -915838403 82983338 
461959301 723869372 -937902138 240361215 -782032834 467875941 -909745151 -176771768 -948719585 -433107607 -352098718 -974744506 -836259095 -985007858 489429312 -853150773 -404079857 -940486865 714437494 -914556709 788379135 -995878185 111792733 503270757 -964311242 -887675289 477458924 -957658849 19548276 -913997373 -980412202 -329212407 -998292481 210678244 -962430876 294359884 -993146011 161631928 -807021334 -744699641 117156555 -974183484 -368171353 -956619364 643604629 -889773622 323302103 -113225317 -971535914 -980439369 -975051789 33561084 -981245274 -961552089 886019080 -995280468 -431306345 373099863 -473646081 -913446628 224300187 -911642609 -583589443 -923876417 -409103664 -921346629 372551137 -992830302 -936700175 750150639 -922169613 743824232 -817183693 295584684 -905322809 -27710710 -922575162 504947143 -673397589 -960236023 390563313 -959463149 -996331828 -813597411 -479190035 -975208531 546928792 -668383869 531255387 -978306100 -329869769 766588650 -831503880 -890031646 -915838404 835834007 
224732465 398213728 -937902139 -191693429 -782032835 911843154 -909745152 -857646282 -948719586 59799805 89044479 -974744507 -322652002 -985007859 -883907641 -853150774 695992662 -940486866 -947043562 -914556710 719118728 -995878186 -491645374 131086177 -964311243 697318974 -704765928 -957658850 -806204244 488946568 -980412203 570472817 -998292482 -430811810 -962430877 -837453915 -993146012 431116833 -807021335 -249340011 -341222557 -974183485 -83969210 -956619365 12201458 -889773623 -766035569 239486992 413861887 -980439370 -231890470 894952026 -981245275 786551282 389938572 -995280469 -983151966 361261078 -725889468 -913446629 -755462737 -911642610 -918086398 -923876418 152973515 -921346630 -895930129 -992830303 -147907809 246688691 -922169614 440250793 -817183694 -275447158 -905322810 -541841728 -922575163 -308883508 -337358051 -960236024 -396444453 -685742598 -996331829 -245038069 517410454 -975208532 701329774 -668383870 -548778746 -978306101 194465984 -992600354 258264377 -491873540 -915838405 76665122 
212910166 -204553561 -937902140 310868840 -782032836 380440086 -909745153 -221901829 -948719587 145178573 187443637 -974744508 999709356 -985007860 649109946 780672799 -929129824 50370108 -947043563 -989760826 -966660227 -995878187 -280625660 -85328341 -964311244 700019511 -996686088 -957658851 888911599 972606108 -980412204 -718031815 -998292483 -233119310 -962430878 558437016 -993146013 -413573270 -807021336 611113500 818835870 -974183486 287141675 -956619366 -458603520 -889773624 30328478 -905398902 -369339242 -980439371 -679441657 262303766 -981245276 703289894 940525114 -995280470 -534148889 -341487001 -473074244 -913446630 -429670652 38369210 -560102523 -923876419 573072318 -921346631 795263013 -992830304 -342350353 -660290342 -922169615 -504187879 -817183695 -104658847 -905322811 -922538585 -922575164 -112474716 -240559762 -960236025 168254232 595777458 -996331830 620571343 938421315 -975208533 464430875 -668383871 -951883308 -978306102 -224185311 -992600355 -686718228 658333374 -915838406 -224125321 
159547272 858246262 -937902141 794950901 -782032837 -453863390 -909745154 793021286 -948719588 221741276 -926626811 -974744509 -712740537 -985007861 351147717 467586785 -929129825 -747463885 259013129 -989760827 -33550399 -995878188 -773514159 688845199 -964311245 218356755 -996686089 961956043 -834748671 29554029 -980412205 724343326 -998292484 785467088 -962430879 -335393073 -993146014 -239220907 -807021337 -254437030 -388615999 -974183487 114884865 -956619367 339019995 -889773625 -452682583 -905398903 201517951 -980439372 302386505 -738814180 -981245277 198815749 902452120 -995280471 -326639400 -412805301 -187308999 -913446631 452065196 -292068034 -217975297 -923876420 -592485786 -921346632 -438354004 -992830305 -203177258 951708918 -922169616 -69344489 -817183696 272490139 -188706293 -603408414 -922575165 -727321928 664821895 -960236026 -97021307 -628381478 -996331831 107004656 192204588 -975208534 -897594151 947243545 675425928 -978306103 801942217 -992600356 968093621 -290204237 -915838407 -56737382 
259259395 812398637 -937902142 -480113085 -782032838 -371590302 -909745155 56249832 -948719589 655430895 869662202 -974744510 830749725 -985007862 280686630 108032740 -929129826 -397412998 417975377 -989760828 759415748 -995878189 -88971290 433017695 -964311246 -159222604 -996686090 169249403 -834748672 277090838 -980412206 -602954898 -998292485 -921589764 -962430880 -414636439 -993146015 -539423187 -807021338 352818397 -526999367 -974183488 -162104720 -956619368 46478873 -889773626 806420733 -905398904 -916288131 -980439373 -437766974 442122470 -981245278 470030561 830825492 -995280472 504473245 -868606960 -698993488 -913446632 -457883192 -784790799 823342333 -923876421 270317050 -921346633 371837263 -992830306 258731179 -419270671 -922169617 991026956 -817183697 554691852 97248174 -340974238 -922575166 -210813108 658547461 -960236027 658269760 40289773 -996331832 554773279 314328274 -975208535 214025946 753468876 604928114 -978306104 -445277740 -992600357 709603892 274441619 -915838408 -358949720 
-427492125 440655007 -937902143 323280339 -782032839 -91146683 -909745156 979204757 -948719590 -492169036 790207986 -974744511 -694174143 -985007863 -336746874 -589554857 -929129827 -288467897 -680688683 -989760829 467198834 -995878190 -902409462 51010811 -964311247 -959326267 -996686091 427446254 -834748673 636232750 -980412207 139940378 -998292486 -57402879 -962430881 -677148308 -993146016 124505917 -807021339 538496603 -788350343 -974183489 404634560 -956619369 -544553945 -889773627 994634482 964463971 -902487052 -980439374 -829568601 784972306 -981245279 -693926087 -11581499 -995280473 533723222 -868606961 -842230034 -913446633 558357749 -784790800 -891689228 -923876422 644221723 -921346634 578923829 -992830307 -839522191 -123773901 -922169618 -508883757 -817183698 -855407114 341515982 -474556852 -922575167 242650301 31959205 -960236028 197941541 -642634581 -996331833 540699907 -769312529 -975208536 -176547946 840671818 -714794536 -978306105 763863311 -992600358 -612726009 667136341 -915838409 378232280 
-422033251 -755600316 -937902144 904071909 -782032840 554358727 -909745157 -187071586 -948719591 -837321600 -378817680 -974744512 681577744 -985007864 455940889 644655212 -929129828 -638738442 221381700 -989760830 -848969865 -995878191 -756672221 894687250 -964311248 -952682233 -996686092 -992894586 -834748674 481645138 -980412208 635873761 -998292487 523714898 -962430882 369779417 -993146017 146002491 -807021340 442611365 681489768 -974183490 -535455254 -956619370 -548624184 -889773628 792004396 -521029937 597522271 -980439375 752691066 -947239854 -981245280 594511205 504144537 -995280474 -341542990 -868606962 -552714088 -913446634 563494851 788231745 399702572 -923876423 220211371 -921346635 392585656 -992830308 332052726 -915555390 -922169619 759499582 -213119381 -855407115 -671922880 190904348 -922575168 15043714 826005212 -960236029 -797637275 -690760379 -996331834 772473654 -910577109 -975208537 348671827 566032147 508528076 -978306106 420272900 -992600359 -176865709 -402699680 -915838410 273895176 
827822264 -698647325 -937902145 -901622238 -782032841 -577007749 -909745158 603655978 -948719592 -873179862 485219747 -974744513 -702052044 -985007865 230906158 -944391472 -929129829 -341038842 909393523 -989760831 -96743578 -995878192 251748784 865048634 -964311249 612548467 -996686093 -394689933 -899355250 953252517 -980412209 -622985115 -998292488 -601299195 -962430883 278567390 -993146018 965182769 -807021341 667891093 646115656 -974183491 482603841 -956619371 -810621998 -889773629 -350468040 -521029938 -132401986 -980439376 758500290 -232535082 -981245281 -65697485 234218312 -995280475 -809424593 -868606963 963718233 -913446635 -848274461 -885552198 -280521973 -923876424 -38997713 -921346636 432723364 -992830309 925897219 578261925 -922169620 149336292 -230015437 -855407116 363936140 -750398721 -922575169 -285179366 43569210 -960236030 -860057131 97854162 -996331835 668671560 791253000 -975208538 263792326 -241473660 -499188676 -978306107 -664747022 -992600360 -69035804 -385782883 -915838411 415042373 
-412137334 -141335106 -937902146 -194674680 894237425 -595354250 -909745159 297450075 -948719593 608188941 570783289 -974744514 -365545878 -985007866 -958034060 -944391473 602376707 -365246208 -701624050 -989760832 933054026 -995878193 725424273 152024704 -964311250 -620759082 -996686094 236537610 -899355251 -478292408 -980412210 29611460 -998292489 -338436589 -962430884 -235445074 -993146019 578566040 -807021342 666316718 147680542 -974183492 166057036 -956619372 -334086136 -889773630 479325502 -521029939 -162736819 -980439377 -520680439 20282115 -981245282 -553508658 674259807 -995280476 693972803 -868606964 -516069750 -913446636 -126802900 -885552199 145908488 -923876425 -162450398 -921346637 -914157846 -992830310 -690988344 -311472079 -922169621 -748338269 -152062885 -855407117 54882152 438750629 -922575170 734937219 -753422481 -960236031 868837385 48126768 -996331836 -818321784 961086855 -975208539 -691036880 -557097132 189364050 -978306108 -962318484 -992600361 971576089 -322890549 -915838412 50882597 
-58980032 959288733 -937902147 614971960 777443326 -707576687 -909745160 522324179 -948719594 975482407 926853620 -974744515 -644797698 -985007867 -825389602 -47268674 -674935479 -351945790 884631204 -989760833 983539479 -995878194 692522421 -24465285 -964311251 -69886249 -996686095 175238859 -899355252 475376012 -980412211 979059017 -998292490 -707838405 -962430885 -623799070 -993146020 146648313 -807021343 -960950193 622807404 -974183493 645668198 -956619373 -345130865 -889773631 -222557197 -521029940 -798493488 -980439378 910784912 556834688 -981245283 901524981 872728887 -995280477 141886711 -868606965 675550131 -913446637 246543721 -885552200 -603946962 -923876426 -964435689 -921346638 -180532876 -992830311 345269362 792976223 -922169622 -341427477 -654722590 -855407118 844204774 642045668 -922575171 -507498778 -942452179 -960236032 -900823572 165597172 -996331837 -731204407 821893496 -975208540 -610455675 753668943 879668817 -978306109 -14225994 -992600362 872464529 -202342935 -915838413 -241898540 
-82723551 -737054599 -937902148 134796892 490222316 567348393 -909745161 507633029 -948719595 -151585662 72601246 -974744516 -442401138 -985007868 -313880083 696448728 -674935480 -176184468 815262818 -989760834 -890511233 -995878195 -710407002 -887131033 -964311252 -9542548 -996686096 634646921 -899355253 -325579820 -980412212 380485882 -998292491 -587312301 -962430886 -683704372 -993146021 656710369 -209096838 -960950194 -982670225 -974183494 -298236030 -956619374 672429400 -889773632 -333236705 -891393460 240448766 -980439379 73200749 10077875 -981245284 918447109 983271581 -995280478 196427411 -868606966 -989093175 -913446638 -233411042 -885552201 -187884411 201165235 -964435690 327014689 -879314369 -992830312 -18659930 947552372 -922169623 897178956 -775784791 -855407119 568868879 -673086769 -922575172 -451819603 -423243432 -960236033 -489294850 601783166 -996331838 760203806 -380345640 -975208541 -536276196 -188236080 923683858 -978306110 -89762793 -992600363 510396834 -722440930 -915838414 -306560298 
953214355 778018322 -937902149 -495687385 -99122097 -335953253 -909745162 585318507 -948719596 -127696627 987604390 -974744517 -266741417 -985007869 -448687926 511715656 -674935481 659951350 -624546696 -989760835 439535905 -995878196 941785579 -391517188 -964311253 -416178266 -996686097 708653198 -899355254 -152160622 -980412213 170071503 -998292492 -252232344 -962430887 -337684677 -993146022 -366124293 784679010 -217992333 -982670226 322463834 -398225730 -956619375 -700444951 -889773633 225849478 -891393461 393353542 -980439380 -125778151 433245557 -981245285 -331652318 716602196 -995280479 186042674 -880161368 -989093176 568894290 -92061552 -885552202 -489431360 -414816263 -964435691 759334139 -73138378 -992830313 730471104 -63545592 -922169624 993659130 -891761614 -855407120 -892279837 -296268427 -922575173 -283269353 329710068 -960236034 681755973 240444136 -996331839 597677944 80016723 -975208542 274414623 -142746424 150395789 -978306111 715944938 -992600364 325687149 -573135290 -915838415 746023973 
96195551 77918358 -937902150 -682027705 897656747 670594796 -909745163 896390048 -948719597 210251695 144763324 -974744518 -310325767 -985007870 -720053623 -485930588 -674935482 93117922 -192154708 -989760836 -745629873 -995878197 -720498168 -759690503 -964311254 660125565 -996686098 198979946 -899355255 219965260 -980412214 908889752 -998292493 554311320 -962430888 469777898 -993146023 -251601878 -477737147 -218403479 -982670227 -576759720 756850256 -956619376 -766515888 -889773634 22937012 -891393462 -300744806 -980439381 239036312 972769777 -981245286 680554200 537118148 -995280480 162036203 -540091044 -989093177 -847748496 -546341977 -885552203 -321700984 -652649857 -964435692 -675306717 551458258 -992830314 -193077968 595997713 -922169625 55180294 -891761615 -74823701 -892279838 -436002506 -922575174 -609895189 -758453484 -960236035 -814798825 532936064 -996331840 -427667294 369560201 -975208543 316566869 39424313 -37333150 -978306112 134041430 -992600365 -627891848 453896971 -915838416 203765538 
-33044360 411905145 -937902151 -534519228 -532273591 -173953657 -909745164 39353171 -948719598 568270018 -318466278 -974744519 460047599 -985007871 935482054 -700014253 -674935483 -23575578 -599111601 -989760837 -434324995 -995878198 -234009261 984572610 -964311255 529410123 -996686099 -838567321 -899355256 838805789 -980412215 667906086 -998292494 604362488 -962430889 623080347 -993146024 237621299 -630973400 702541202 -982670228 -902594303 359747724 -956619377 -142577954 -889773635 960009749 -891393463 743945667 -980439382 -747847782 749579080 -981245287 255747967 -646724989 -995280481 -889253276 -912823173 -989093178 -865519497 -492581329 -885552204 299085125 -418151300 -964435693 687878523 -855120791 -992830315 -726244924 686777740 -922169626 822377059 -891761616 986459812 -892279839 -762832177 -922575175 -820355805 -665420047 -960236036 -269480271 -314065309 -996331841 -824701933 417066909 -975208544 946905968 790220643 707918152 -978306113 132826652 -992600366 -777065251 88435851 -915838417 711948379 
-266926482 947454023 -937902152 870871170 11091011 -165923229 -909745165 -971988951 -948719599 568711214 -401391288 -974744520 -8456107 -985007872 -759796033 -700014254 -179828158 828340227 -458741904 -989760838 793289768 -995878199 -899347236 -908551459 -964311256 -849291695 -996686100 -562500190 -899355257 -55908285 -980412216 551403175 -998292495 -995637648 -962430890 86203645 -993146025 755821620 -630973401 -108045416 -982670229 306042896 296839823 -956619378 -510631709 -889773636 651020946 -891393464 544322260 -980439383 -982081111 -853388081 -981245288 -8456494 781392613 -995280482 557666957 -925338207 -989093179 -728147018 57965166 -885552205 244972286 -249824417 -964435694 927408851 614431921 -992830316 -92919418 167339587 -922169627 -90729327 -891761617 109180077 -892279840 595353800 -922575176 726695297 827742967 -960236037 -263437654 -771056123 -996331842 -887969994 268679882 -975208545 -771511395 746535167 662125051 -978306114 -282857374 -992600367 -605964845 -39299467 -915838418 624788292 
919607432 181704611 -937902153 -757159871 256349406 281439031 394943380 -971988952 -95824984 -482242028 185364852 -974744521 580551607 -985007873 -631430763 -578297742 -516952119 72129556 -124085337 -989760839 -605564207 -995878200 -473705867 412607179 -964311257 -878724487 -996686101 -65110271 -899355258 -578630638 -980412217 -611908538 -998292496 668478309 116941608 -34146310 -993146026 -770691771 -630973402 -890030931 -982670230 -508206778 816407189 -956619379 -675467065 -889773637 -953306268 -891393465 -120965919 800015291 -982081112 121478106 -981245289 -873989398 527544707 -995280483 -596759714 -314912903 -989093180 564085662 -658822850 -885552206 -712224883 -732077352 -964435695 -135700565 874971633 -992830317 242059510 -459854460 -922169628 -321577963 -891761618 295208786 -892279841 675764186 -922575177 -651037718 48825361 -960236038 84858188 622807434 -996331843 -691951710 928691861 -975208546 190773512 -668182710 -844943552 -978306115 331659793 -992600368 780895517 620505458 -915838419 -494393426 
469466289 565284141 -937902154 -854299465 341276062 -453695289 -335755708 -971988953 424695898 -589574106 -841290839 -974744522 -965077339 -985007874 988919442 352897549 -157980241 -76522528 995591953 -989760840 210335599 -995878201 -964799860 943460401 -964311258 52233294 -996686102 -464426612 -899355259 -800560910 -980412218 290357656 -998292497 339531631 -766441589 -302615455 -993146027 395956861 -779079915 -125832944 -982670231 -749357454 325380680 -956619380 285902588 -478877656 -953306269 570936373 -104583051 744447383 -982081113 61871759 -981245290 -328158577 272090312 -995280484 -182938946 -695095327 -989093181 -778660477 -657128682 -885552207 743252453 212534089 -964435696 937343077 478115036 -992830318 976879466 570389840 -922169629 -710380911 -891761619 -378189422 -892279842 -483204592 -922575178 -958627580 138537096 -960236039 -301218937 -695865085 -996331844 -868701767 -554715438 -975208547 -173574017 18549066 677791873 -978306116 -526974438 -992600369 479166968 -596142062 -915838420 -408562438 
-88694400 942628451 -937902155 382604410 -635185533 -857353709 752718316 -971988954 -50357581 522719232 -295388158 -974744523 -603029149 -985007875 705514859 -478751666 -834473236 -609940261 -864798731 -989760841 972768707 -995878202 398869811 439925147 -964311259 237034641 -996686103 -550067023 -899355260 200795342 -980412219 -174441537 -998292498 -899579972 -766441590 -498754252 -993146028 -404839983 -779079916 -879702809 -982670232 215703928 374475900 -956619381 209564352 -791550808 -953306270 141136429 -35343523 134595679 -982081114 -237207249 -981245291 -236721118 -226560480 -995280485 -951117800 760994618 -989093182 25637785 -566770468 -885552208 -713475095 538282601 -964435697 -303432368 -659644197 -992830319 27692738 538664214 -922169630 -969323346 -891761620 -415460110 -892279843 948253619 362867873 -958627581 -954849654 -960236040 544722539 -699340084 -996331845 -749070467 595514618 -975208548 945099666 757746162 -262854990 -978306117 318592888 -992600370 592897585 35161604 -915838421 654389113 
287406560 -189496340 -937902156 -543719600 -317456523 -857353710 422957908 -971988955 347629903 123605021 -110647778 -974744524 -288549282 -985007876 122975889 799943427 -834473237 -373391811 -750890672 -989760842 -65361887 -995878203 454840525 -648107389 -964311260 -99882383 -996686104 -738205601 -899355261 272365933 -980412220 802075246 -998292499 -850527878 -874984590 72751188 -993146029 137422342 816807799 590242537 -982670233 505534 768503504 -956619382 -523567644 -259956090 -953306271 471334395 128241032 -329048710 -982081115 -278545743 -981245292 -943194726 -769667124 -995280486 -822326249 -215171857 -989093183 -740032706 321055228 -885552209 983042602 -551737349 -964435698 -25524598 -508275066 -992830320 50379322 -555724401 45405829 -969323347 -302295377 186245838 -892279844 542226281 575670427 -958627582 603677662 -960236041 300404923 -751330053 -996331846 146096279 811208213 -975208549 -229751750 919655631 636226843 -978306118 -489312720 -992600371 864083481 527729405 -915838422 553490745 
949740253 71298723 -937902157 -899721825 41402829 -857353711 530629403 -971988956 -367583548 -565183386 940967275 -974744525 -538035556 -985007877 -268849776 -318379452 -834473238 -725743714 468643344 -989760843 109759107 -995878204 720835799 993647815 -964311261 -60427216 -996686105 -420073629 -899355262 -69517436 -980412221 197358268 -998292500 330017215 -874984591 524035569 -993146030 472131246 935337239 -64651709 -982670234 -937067589 -694428615 -956619383 -399063723 404269339 -953306272 241810225 -671134912 288322501 -982081116 824396807 -981245293 439000820 937839637 -995280487 823738714 645192041 -989093184 -332087124 -488515279 -885552210 576120213 597317911 -964435699 -577672256 679019909 -992830321 -54435389 -555724402 -453880804 -969323348 531526426 521503106 -892279845 831973521 341194444 -958627583 958627277 -960236042 -266370537 -581259466 -996331847 257998492 302946190 -975208550 901956405 -447820389 -740578114 -978306119 -980843411 -992600372 227390678 692797377 -915838423 774119702 
457051469 71001841 -937902158 419316096 638626686 -857353712 -329308741 -971988957 -615211837 -565183387 262790304 -974744526 -646405442 -985007878 390909503 -26790674 -834473239 -384819359 -631866424 -989760844 501204242 -995878205 -558914865 512606482 -964311262 452343872 -996686106 -564920420 -899355263 8351687 -980412222 -30293498 -998292501 -454816455 -874984592 -870719615 -993146031 -375911545 198639906 -362773405 -982670235 -142902202 362043346 -956619384 672671581 787259969 -953306273 359651087 -671134913 927563605 -982081117 -764994335 -981245294 -832444273 614835781 -995280488 757106835 -583882916 -989093185 -307698351 301290431 -885552211 655391202 -429042890 -964435700 103480137 537821351 -992830322 897122295 -555724403 204667805 -969323349 614559565 165229960 -892279846 -414664821 502406160 -958627584 -811676626 -960236043 268556657 567565060 -996331848 364693392 402360353 -975208551 -679197880 -586561625 -672559489 -991669823 463183807 -992600373 546619461 36517221 -915838424 -214309334 
-461068589 -427393556 -937902159 634849025 -616740360 -857353713 277135603 -971988958 -321262357 -776065747 -131896157 -974744527 655423800 -985007879 30350350 -203450544 -834473240 501005739 185569850 -989760845 196826143 -995878206 269070329 -172861017 -964311263 -915776516 -996686107 -414157801 -899355264 913739709 -980412223 63296880 -998292502 -292960846 -874984593 17356792 -993146032 -20181751 345484634 552543267 -982670236 -138449475 492203984 -956619385 678160674 665703562 -953306274 -124669259 -671134914 -748863500 -982081118 -578684553 -981245295 -589838279 -32833965 -995280489 -893664276 474563675 -989093186 -902769269 -386459959 -885552212 576681167 -332447472 -964435701 -264488638 91224920 -992830323 -636524911 -555724404 241814203 -969323350 853294555 259427267 -892279847 -311690857 859912785 -958627585 768251270 -960236044 -393707815 697216584 -996331849 919186713 880168761 -975208552 344358651 -349454143 164144157 -991669824 999489843 -992600374 184506378 -865162341 -915838425 438445077 
130192094 -623323886 -937902160 762195127 984263529 -857353714 305445749 -971988959 263297094 -776065748 184440031 -974744528 231298370 -985007880 38815831 859208597 -834473241 390541661 81646370 -989760846 805263421 -995878207 749107598 -380105292 -964311264 -661700121 -996686108 -247516825 -899355265 533356601 -980412224 449089972 -998292503 -246230607 -874984594 125264647 -993146033 -626019725 221995546 433288917 -982670237 -989596898 834117347 -956619386 -895115041 352932817 -953306275 -946570396 -230574680 997005062 -982081119 132480728 -981245296 -308211600 846937606 -995280490 -170413173 130536816 -989093187 -52045057 668935384 -885552213 539677360 438350941 -964435702 241255045 784244745 -992830324 -296097523 765856044 305126617 -969323351 480799004 993430995 -892279848 -214477335 -522894782 -958627586 -46550721 -960236045 117252775 612868259 -996331850 -105395555 -900223023 -975208553 -986583479 241046316 -805706318 -991669825 66708692 -992600375 -272436350 504834220 -915838426 -184609143 
-320719674 530909383 -937902161 582730068 260499230 -857353715 -91839784 -971988960 -116584907 -776065749 -150319167 -974744529 814781027 -985007881 -33397909 482205937 -834473242 754366882 486367026 -989760847 -761403373 -995878208 -626470297 302642184 -964311265 845693929 -996686109 501191049 -899355266 -128193962 -980412225 -654725743 -998292504 754382112 -874984595 727783801 -993146034 187596149 926784418 -74022848 288776245 -989596899 609300875 -956619387 228549933 -805824846 -953306276 968388264 -141611466 966825432 -982081120 909430939 -981245297 -390828088 292718642 -995280491 -405418557 389951333 -989093188 -721227374 -110205269 -885552214 330689571 368723883 -964435703 -483203772 847113168 -992830325 964603437 387619162 -716217867 -969323352 -245946668 -712053145 -892279849 928440819 744567658 -958627587 -945636477 -960236046 859010026 -828629722 -996331851 610415515 -770761577 458362295 -986583480 -670729885 -528401404 -991669826 -235637692 -992600376 704036737 909379381 -915838427 272338646 
65003745 -741693793 -937902162 443641071 -171482283 -857353716 276226844 -971988961 -105056012 -776065750 353173856 -974744530 130007184 -985007882 -328256266 693966210 -834473243 913310626 136034837 -989760848 -82471211 -995878209 -412092913 -825846255 -964311266 327340682 -996686110 93030663 -899355267 -72307614 -980412226 -941775723 -998292505 578365043 -874984596 -691540555 -993146035 258290387 -503839592 -883626226 -108588498 -989596900 353689339 -956619388 615889810 198239737 -953306277 836687115 -99449525 182898096 -982081121 -38627820 -981245298 -516913282 -630194391 -995280492 -691427727 -492740288 -989093189 894149004 463273885 -885552215 414518060 -115954414 -964435704 291034382 -912183161 -992830326 886638420 -853122884 -174127869 -969323353 -293813877 934097648 -892279850 628856021 918137664 -958627588 858360019 -960236047 855831472 319681632 -996331852 -493394048 160653339 -502775158 -986583481 145185575 -648217409 -991669827 -915172317 -992600377 -857649058 648405878 -915838428 676214586 
885751870 875244305 -937902163 -654148836 -103210038 -857353717 -752664085 -971988962 834091822 -776065751 18113508 -974744531 897137074 -985007883 241522936 -297513349 -834473244 -425106985 -290182397 -989760849 353361174 -995878210 -980868461 -592981324 -964311267 397197604 -996686111 985687981 -899355268 -153957277 -980412227 -52349439 -998292506 293969944 -874984597 239362397 -993146036 -859981081 -686125611 -883626227 370146341 -989596901 965393091 -956619389 282834464 -781046326 -953306278 -887666675 -603050821 -403599329 -982081122 -189232581 -981245299 -921020948 -131711053 -995280493 -859767350 -959585330 -989093190 852682170 921062937 -885552216 498615133 424909030 -964435705 395323805 139335720 -992830327 537966788 -853122885 -858024102 -969323354 -915069689 -802758555 -892279851 534648474 -791882236 -958627589 -355673373 -960236048 538703645 897910732 -996331853 -365372882 -949574942 781920578 -986583482 933453491 -358139696 -991669828 -534221912 -992600378 809478770 -288944270 -915838429 107966071 
208210034 -557731265 -937902164 898143941 -351627253 -857353718 -916042967 -971988963 -603366451 -776065752 104481595 -974744532 322228299 -985007884 -515264692 -582338774 -834473245 707462201 174438788 -989760850 642719402 -995878211 573904821 -767867740 -964311268 985112662 -996686112 908036062 -899355269 177599706 -980412228 980561855 -998292507 -101468307 -874984598 -142020779 -993146037 -69489943 377681291 -883626228 -6425060 -989596902 496062841 -956619390 518424487 -221377256 -953306279 40455468 -952725550 -884134751 -982081123 -601157324 -981245300 82485364 122920175 -995280494 -55165405 -271410883 -989093191 606144557 -917783869 -885552217 417696198 963647906 -964435706 -961268883 -817438818 -992830328 -661517460 206212688 -18385935 -969323355 -309128090 197677275 -892279852 224542152 -202741159 -958627590 11192262 -960236049 -349048224 848428344 -996331854 -691676840 -949574943 -431598274 -986583483 -323369576 920702224 -991669829 -908813114 -992600379 210124850 796115976 -915838430 473594358 
-8555108 155890975 -937902165 -619643769 -574228030 123583805 72806510 -971988964 52483677 -776065753 -13880561 -974744533 -352074876 -985007885 331023546 -470654917 -834473246 35913175 -25994247 -989760851 351618858 -995878212 -411640944 719367102 -964311269 65450453 -996686113 -854543229 -899355270 -6590858 -980412229 632967567 -998292508 -740237965 -874984599 -592639292 -993146038 -880261740 -265802477 -883626229 -247554431 -989596903 -780420246 -956619391 -374487631 -239921613 -953306280 -996295323 -952725551 819266457 -982081124 523845302 -981245301 -510131953 -152777307 -995280495 521319897 863032676 -989093192 -569760577 -917783870 87665788 280582216 850781921 -964435707 -87093016 812680703 -992830329 128143096 150451596 -13246797 -969323356 850602850 -157975915 -892279853 213511725 182574269 -958627591 -464109644 -960236050 483258526 32943153 -996331855 702667526 -949574944 -664079438 -986583484 213974639 -912615761 -991669830 363267292 -992600380 -512252871 -788037951 -915838431 -139331578 
529144665 38807410 -937902166 -638694140 653144037 310290208 767865434 -971988965 728106265 -776065754 -934279870 -974744534 -273987662 -985007886 -740747624 4246317 -834473247 583372837 -144289543 -989760852 -998538361 -995878213 525382839 -994195159 -964311270 -897827061 -996686114 -839308006 -899355271 -96396473 -980412230 648048723 -998292509 -248637443 -874984600 -45871137 -993146039 882016342 -292571721 -883626230 -894780501 -989596904 929003112 -956619392 575593981 -540485627 650006937 -996295324 567594179 -642729108 -982081125 155257679 -981245302 95523942 761717426 -995280496 -995716906 209868409 -989093193 74213674 -917783871 -345405610 -769398062 -178568487 -964435708 -329297490 -367832513 -992830330 -24652264 477501445 548323502 -969323357 -445681582 920778022 -892279854 -220044048 -855945794 -958627592 268441439 -960236051 -728848267 -484055382 -996331856 -416559361 -949574945 258424095 -986583485 362712956 -917475476 -991669831 -321047542 -992600381 473608548 -563117903 -915838432 -49722056 
-33459428 -857007238 -937902167 -564063684 972794136 -120833882 106187882 -971988966 966468015 -728859669 924875995 -974744535 -158338407 -985007887 -314431942 213623623 -834473248 -249616251 -290440203 526973364 -998538362 50348395 265900210 -994195160 520979396 -624589032 -996686115 -664787968 -899355272 -623149174 -980412231 577253795 -998292510 -110091671 -874984601 -938881786 -993146040 -28671023 835055190 511905014 -970225155 -989596905 -510604700 -956619393 -601301614 -540485628 600287418 -996295325 -503815881 -335041645 -982081126 -478086899 -981245303 16078197 -812260845 -48283945 -995716907 894591722 -989093194 -21692518 -917783872 785017404 -769398063 860806954 -964435709 370424062 689561685 -992830331 419281939 71013454 647699583 -969323358 -89199464 -967093823 -892279855 -675712256 -469741836 -958627593 -750642721 -960236052 -397448364 -652559272 -996331857 668051526 -949574946 -615365635 -986583486 692652281 -86069929 -991669832 -720161655 -992600382 -302431493 -149310080 -915838433 885968550 
200085588 829494492 -937902168 -302067596 905082232 -549284524 -74057893 -971988967 795910285 -295639092 166527589 -974744536 680958677 -985007888 313880648 -343072333 -834473249 -117513891 -845034540 -170260435 -998538363 -519993285 -387028237 -994195161 852177256 -929681066 -996686116 300632779 -899355273 -239154590 -980412232 238246140 -998292511 304991391 754043680 849968326 -993146041 -641620141 533226438 -577221711 -396613473 -989596906 -703415068 -956619394 -705851979 -167709583 305758307 -996295326 -925004269 -745942080 -982081127 767523448 -981245304 914409193 -812260846 54946761 -995716908 523406078 -989093195 -457371332 -917783873 152055526 -769398064 -857062692 -964435710 -661041885 461859075 -992830332 -253423491 45249777 631081359 -969323359 318730122 -967093824 -432967593 604405995 520280350 -958627594 68973646 -960236053 685292759 -463780561 -996331858 132241047 -949574947 -241029583 -986583487 -75815811 898118804 -991669833 692074095 -992600383 342444245 -17910164 -915838434 225490522 
-413545855 -977792815 -937902169 -982250317 -21532500 -549284525 438928744 -971988968 -613545623 -906591870 392644438 -974744537 -731992503 -985007889 -484915074 -295958268 -834473250 -839467468 -845034541 378059371 -998538364 201306539 455230282 -994195162 -334806162 451069183 -996686117 -903347031 -899355274 -492350764 -980412233 938177896 -998292512 601092419 554566210 487259925 -993146042 280041009 427478896 -577221712 -128929418 -989596907 427142263 -956619395 -382216862 900873536 -857562029 -996295327 -721656049 16220864 -982081128 -319004381 -981245305 -3266175 -812260847 -579275037 -995716909 364202149 -989093196 506805123 -917783874 -357776795 479807791 -236015206 -964435711 222187326 -352222989 -992830333 -59947593 497027951 -848381359 -969323360 -824904415 -967093825 -473489056 54419598 -149169511 -958627595 -494466860 -960236054 -944516304 222561228 -996331859 -805244641 -949574948 631870351 -986583488 -276200145 -6957931 -991669834 476957716 -992600384 -202009423 -653535483 -915838435 420963041 
767779081 -977792816 750587542 -982250318 145196531 -549284526 823367880 -971988969 -208691042 -906591871 307060622 -974744538 2679320 -985007890 9168491 106945042 -397251222 -345632396 -845034542 -329623457 -998538365 -351968481 461262454 -994195163 594005596 -123602643 -996686118 836119329 667328094 -857557059 -980412234 303068262 -998292513 -747050879 375895498 662607850 -993146043 410966280 -254667990 -577221713 -549551647 -989596908 -440467743 -956619396 -203713539 722270548 814211464 -996295328 -676236443 -616532274 -982081129 290929134 -981245306 -736325392 -812260848 497325303 -995716910 -913633822 -989093197 788155104 -917783875 263105876 -874106514 109135786 -964435712 -274615944 -708343631 -992830334 978584284 -975314403 -887012081 -969323361 372799679 -967093826 516919149 -534029322 697787193 -958627596 639727801 -960236055 401498848 164980126 -996331860 -876519116 -949574949 723529053 -986583489 921453198 -815614619 -991669835 380438767 -992600385 141795576 265742373 -915838436 884223818 
559444098 -977792817 359880364 -982250319 -372597080 -549284527 -2379836 -971988970 691477152 -906591872 676970079 -974744539 158373026 -985007891 768562169 562217002 -467617744 552027846 -845034543 -304877256 -998538366 -608508455 581970626 -994195164 310137291 -120098540 -996686119 951656900 -601231943 -831036831 -980412235 -428380004 -998292514 72443086 -514801197 -337138642 -993146044 -702555475 -593740546 -577221714 141838995 -989596909 -506207130 -956619397 -42133477 571530110 -118417283 -996295329 -325257813 -492578633 -982081130 693213785 -981245307 -455797587 -812260849 316799356 -995716911 312141538 -989093198 -280149399 -917783876 661041818 -874106515 15391842 -964435713 736016030 -391454130 -992830335 448063896 -975314404 191520029 -969323362 282564832 -967093827 -735210298 -534029323 677541421 -958627597 17193728 -960236056 873610379 683676003 -996331861 503835068 -949574950 539084650 -986583490 -668635615 719617712 -991669836 -409130952 -992600386 -795254179 -607585795 -915838437 -33692694 
-84755090 -977792818 -667312765 -982250320 -421640161 -549284528 467577766 -971988971 976809446 -906591873 -197790925 -974744540 419930780 -985007892 -635685256 -832774581 -538591911 245362290 -845034544 -598015891 -998538367 188914676 44805789 -994195165 49853417 -439988238 -996686120 792770771 -7867086 -878587297 -980412236 -475260763 -998292515 432339187 -514801198 -61443890 -993146045 -57685003 958059277 -221424249 500206173 -989596910 919488253 -956619398 -664497728 772214340 995479165 -996295330 -313505046 -935798012 -982081131 390639135 -981245308 138220917 -812260850 18562527 -995716912 -26545166 -989093199 535587497 -917783877 1688333 -874106516 561845859 -964435714 102123317 -132809968 -992830336 450431619 -975314405 -306624657 -969323363 -976304386 -967093828 145074426 921103631 295819883 -958627598 58875534 -960236057 793785963 397680161 -996331862 -277076555 -949574951 564024290 -986583491 -766473601 -567794359 -991669837 61921151 -992600387 -14876143 -35692174 -915838438 -46120053 
-21687111 -977792819 486717331 -982250321 -938033800 -549284529 316825195 -971988972 -384386280 -906591874 -452193833 -974744541 397079282 -985007893 -817543855 -832774582 -583404548 150534743 -845034545 395744157 -998538368 -767772031 -116874606 -994195166 -416736576 579708428 -996686121 586092590 718373299 573329526 -980412237 160589054 -998292516 -81866300 -514801199 -550084321 -993146046 -245800849 -193427477 -727671923 -304371442 -989596911 -781010188 -956619399 -937196068 -956882880 -612246814 -996295331 -239052256 -621807426 -982081132 -128189255 -981245309 201049868 -812260851 -407807462 -995716913 42338344 -989093200 827473323 -917783878 144239005 -874106517 -621566531 -964435715 -903348408 -380651362 -992830337 840190893 -975314406 111002582 612001448 -976304387 -371163735 -129275767 380507290 -964828033 -958627599 831127340 -960236058 915627872 -735028275 -996331863 146218267 -949574952 -128448747 -986583492 927026852 -500737918 -991669838 981257943 -992600388 -65283154 74987713 -915838439 271588567 
395492945 -977792820 469914343 -982250322 -805309479 143583569 342524240 -971988973 411170963 -906591875 -407015918 -974744542 855018928 -985007894 301373390 -832774583 982099300 299288806 -845034546 424210473 -998538369 -340757234 266249265 -994195167 -44496854 771292381 -996686122 672113091 -111567375 -128647476 -980412238 -758760394 -998292517 -169205690 -433484298 -103857642 -993146047 -518410861 423589184 -727671924 950639573 -989596912 -151548038 -956619400 -962068404 -956882881 694817294 -996295332 -654766773 -894553761 -982081133 446801452 -981245310 -13977463 -812260852 -868603617 -995716914 81425533 -989093201 -727148422 -917783879 -779551342 -874106518 -358647037 -964435716 -625488509 867417791 -992830338 -856814684 -975314407 -550891463 -77916564 -976304388 57509725 324479546 -57567109 -964828034 442845240 -427383382 -960236059 -478142904 638462672 -996331864 182524306 -949574953 650265133 -986583493 -618207816 281546089 -991669839 43790513 -992600389 545037060 29551079 -915838440 505117395 
577687095 -977792821 621626121 -982250323 481261923 -328533798 -478342946 -971988974 -805547523 -906591876 485247148 -974744543 617760122 -985007895 -973506737 -832774584 -418960619 -676800814 -845034547 -325895347 -998538370 309933793 799105127 -994195168 -718382941 233311117 -996686123 -128665847 472814691 -372218134 -980412239 935624922 -998292518 -854295172 -394069438 381485022 -993146048 312688688 -221039666 -727671925 -560864624 -989596913 347882183 -530852671 -962068405 303222952 824774717 -996295333 -422468557 830517479 -982081134 -39386263 -981245311 389878838 490380620 189680107 -995716915 -958278361 -989093202 702245100 -917783880 42475130 -874106519 -720627267 -964435717 -892217873 762233415 -992830339 310265260 -975314408 301506653 -70269405 -976304389 499112546 119900073 -746028643 -964828035 572537359 375152135 -960236060 494951772 -74797890 -996331865 -425055752 -949574954 222693217 -986583494 -892439875 -301163894 -991669840 805592376 -992600390 288394502 -831893496 -915838441 376110765 
164980678 -977792822 -147600418 -982250324 -102086391 7771173 950801566 -971988975 108561634 -906591877 -379879722 -974744544 418850292 -985007896 -977667167 -399396810 -582909917 147892285 -845034548 405023944 -998538371 -614841930 546134167 -994195169 513170704 62274391 -996686124 -512329358 462340316 -835051445 -980412240 543969295 -998292519 801867537 594097156 -980986265 -993146049 832781010 842407507 -727671926 -660645733 -989596914 -625319231 -31022856 -962068406 594405102 180525114 -996295334 -538893955 73541547 -982081135 623090930 -981245312 456749537 -791981660 948084011 -995716916 973132089 -989093203 758463714 -917783881 -519958193 -874106520 562293237 -964435718 -109155769 -178188245 -992830340 -959399907 -975314409 813264654 -707375215 -976304390 -996816472 -796342332 203533849 -964828036 -749882423 -296284470 -960236061 -687923305 838383133 -996331866 -686710969 -949574955 292519704 -986583495 436882890 429346776 -991669841 -630838399 -992600391 -851748964 -475252882 -915838442 374086590 
-91703989 -977792823 -274855373 -982250325 348426739 -747393646 271645531 -971988976 656291692 -906591878 -690962840 -974744545 446653393 -985007897 -703385410 -612295776 -582909918 -475450408 -845034549 -464694724 -998538372 354391358 -849964435 -994195170 -943167904 -933670677 -996686125 277381384 -473329743 -577776510 -980412241 -736900921 -998292520 -340281972 323439346 -904952960 -993146050 -610549177 90321056 -727671927 402023297 -989596915 260266928 -866384871 -962068407 -535093843 729297355 -996295335 -396090455 -366560361 -982081136 -89029720 -981245313 342887075 -791981661 -563092115 -995716917 -109504885 -989093204 -926995745 -917783882 773841153 -874106521 938155205 -964435719 -614439850 -357876121 -992830341 341964527 -975314410 -445837737 492238639 337291773 -996816473 -721398537 278666591 -964828037 -723168951 203915003 -960236062 412721604 -163094318 -996331867 -761665873 -949574956 51750268 -986583496 -866275407 630388989 -991669842 596803264 -992600392 -41816368 -175875552 -915838443 314113503 
-110763455 -977792824 316485227 -982250326 -838931341 -747393647 -302460265 -971988977 -153654860 -906591879 -19718515 -974744546 -393818084 -985007898 428690615 -199515647 844579241 -497212224 -845034550 241087707 -998538373 -632588469 437308259 -994195171 349621482 526541962 -996686126 -203183579 -128014020 879283694 -980412242 745093378 -998292521 -938984298 913349608 289771198 -993146051 264612669 -125425039 -727671928 -165478143 -989596916 -335797313 -648498023 -962068408 -40135960 186554021 -996295336 -395402761 -925251409 -982081137 -278627968 -981245314 464034282 -791981662 -783642214 -995716918 458565783 -989093205 794239217 644325112 547078576 -874106522 -986328082 -964435720 -578978531 430312 -992830342 167188685 -975314411 570071710 225097491 -716722533 -996816474 261366264 -456885731 -964828038 74538894 328808273 -960236063 212477978 593914297 -996331868 -885941526 -949574957 814575784 -986583497 -214495587 -66803408 -991669843 -457795202 -992600393 666924467 526906833 -915838444 711973911 
523400860 -977792825 863956500 -982250327 970596240 -734879070 788900549 -971988978 -412378105 -906591880 -468569879 -974744547 -107094922 -985007899 -806013087 -193530661 -631654415 551491614 -845034551 -112052508 -998538374 826469607 692871851 -994195172 -283691487 285921034 -996686127 -271113357 942372822 947355931 -980412243 -331909531 -998292522 918577459 -376672393 -900647647 -993146052 352125727 424035761 -727671929 -528967423 -989596917 223921986 -601668061 -962068409 300579140 -34724506 -996295337 349030772 -663285500 -982081138 -84163894 -981245315 -614722687 -791981663 280302174 -995716919 632970919 -989093206 -23072291 -575428934 38232027 -874360732 -986328083 472196266 -106052914 -836416679 -992830343 13364262 -975314412 528113054 86687772 950677612 -996816475 -113540306 -924907906 -964828039 -893009733 304254575 -960236064 -126473937 219185732 -996331869 -344639723 -949574958 408603027 -986583498 660006088 514000124 -991669844 -349981596 -992600394 765396797 555259278 -915838445 -223224951 
347133301 -977792826 -548140393 -982250328 749069915 269046537 -15687516 -971988979 596488816 -906591881 963534284 -974744548 -959179355 -985007900 627189990 719599728 -631654416 86408675 -845034552 436498210 -998538375 110398680 920906384 -994195173 -306327998 38610898 -996686128 -393160312 31534541 433692001 -980412244 472493443 -998292523 -379956396 -492848629 -194495041 -993146053 868880681 -522299819 -727671930 -179662524 -989596918 -91873019 -627599740 -962068410 444810648 -449302258 -996295338 318193891 -322291429 -982081139 94202711 -981245316 -146823262 -791981664 -281911169 -995716920 121153748 -989093207 -125194946 -575428935 -687236167 49227757 -986328084 -670653564 432909353 369007731 -992830344 200477648 -975314413 913381344 -796167135 -600444214 -996816476 -137974609 79410155 -964828040 -850533651 993304861 -960236065 -253948006 576817794 -996331870 647663865 -949574959 -960551124 -986583499 126601582 177475577 -991669845 -414947393 -992600395 602771490 -907256790 -915838446 107459722 
108189320 -977792827 744602162 -982250329 86662304 -40100393 -396531008 -971988980 862312137 -906591882 -964764417 -974744549 -676077674 -985007901 186115502 268730509 -631654417 -703497474 -845034553 497200435 -998538376 -595376013 448934314 -994195174 -130653172 -336466581 -996686129 915027234 -663992602 781385496 -980412245 -998669156 -998292524 -176216770 -819078892 139710417 -993146054 664495029 -344429590 -727671931 -999866320 -989596919 300718439 590361222 -962068411 67868953 -400414914 -996295339 -249756606 734430227 -982081140 232772423 -981245317 65577037 -791981665 -510527053 -995716921 164205456 -989093208 716754228 -824605616 -687236168 -805971097 -986328085 -226419369 -652136835 933200084 -992830345 478226924 -975314414 156541907 -796167136 -311733296 -996816477 -900050660 -838296943 -964828041 617803570 858649180 -960236066 -646693163 163839730 -996331871 -491064553 523759080 -573970482 -986583500 -720785627 -880602773 -991669846 -391261921 -992600396 -261547223 -292666309 -915838447 -120797843 
225551993 -977792828 158428230 -982250330 460334777 304250195 29739811 -971988981 645734449 369245726 879642211 -974744550 -384543474 -985007902 280077851 656074696 642360289 -992655958 -845034554 109081909 -998538377 531449495 746582663 -994195175 35924982 -18357138 -996686130 -674114924 -663992603 534534389 489040450 -998669157 817806886 -697387784 -819078893 -475644975 -993146055 970919769 801380633 -34576695 -999866321 466235740 -249485919 505333927 -962068412 -124941534 331138770 -996295340 737902865 588783021 -982081141 -690758819 -981245318 -936071104 -791981666 -228195284 -995716922 426984457 -989093209 397007549 -824605617 -541372449 695180353 -986328086 825853053 -652136836 953196358 -992830346 106761295 -975314415 -815269935 -796167137 30617295 -996816478 364358108 -988828910 -964828042 -86732920 381029160 -960236067 826414074 -760815470 -996331872 95023939 907956543 337968407 -986583501 -777536401 -553486233 -991669847 982698593 -992600397 -149193071 -838448267 -915838448 707807538 
307855160 -977792829 -464056639 -982250331 -972457175 824069908 -46066069 -971988982 787872671 -724669191 -604291703 -974744551 313328275 -985007903 -286472115 -329421552 685891589 -992655959 -547636202 718386198 -998538378 953298380 -95617878 -994195176 513021594 835140371 -996686131 -310197597 -39142981 490884978 -581273043 -998669158 -535918527 290838634 -819078894 507029608 -993146056 -830390229 -664365286 -64359331 -999866322 -646904541 -366239496 -159580702 -962068413 -796340375 -189762910 -996295341 986101843 326500158 -982081142 -743520998 -981245319 76712268 -68805262 -333358765 -995716923 587337979 -989093210 546918708 -824605618 12071936 810530898 -986328087 -749694531 -652136837 660676934 -992830347 -848850760 -975314416 590935355 -136235812 -476469145 -996816479 -726069532 -988828911 -431466208 232194425 -536479527 -960236068 -992718746 -177024055 -996331873 2887295 53381765 -615375534 -986583502 758224979 344457411 -991669848 615505442 -992600398 670456275 -114479090 -915838449 776625940 
-40309949 -977792830 26221134 -982250332 443170634 408881047 461438499 -971988983 -414243111 -724669192 873488386 -974744552 -304642274 -985007904 417453843 -940461274 -963990558 -992655960 -985001458 -640569710 -998538379 771316684 -92366436 -994195177 109093641 931252170 -996686132 772661946 985817946 883533730 466762586 -998669159 8163130 619004226 -819078895 857797387 -993146057 858460376 -400473277 -772349165 -999866323 -214005892 977089998 -746857649 -962068414 -471715099 794905544 -996295342 -861765754 -302088048 -982081143 -254374088 -981245320 230430816 461685119 -703249138 -995716924 891807661 -989093211 -900400843 -824605619 399990127 -465180274 -986328088 928817027 419136252 -519820160 -992830348 -529724888 -975314417 384510152 381433978 -832361019 -996816480 -58240107 -988828912 -491559284 -210235268 -782802399 -211781367 -992718747 -674492676 -996331874 -750442205 219630487 488512484 -986583503 520685982 356963016 -991669849 69041455 -992600399 -810131484 -85654968 -915838450 37086850 
395521713 -977792831 -576768473 -982250333 -299721989 9045679 -109372629 -971988984 -43096237 -724669193 -719979330 -974744553 62325897 -985007905 243269939 -936884442 -666582665 -992655961 -882957012 525226514 -998538380 146918858 629634800 -994195178 234555195 -722096064 -996686133 972827765 770384851 -574216171 546543569 -998669160 -835669728 -597181307 -819078896 -173358778 -993146058 -292853155 188821782 580314318 -999866324 706457196 198702673 282800988 -962068415 990142942 -56886111 -996295343 968462726 -170474847 -982081144 -333429651 -981245321 -115079764 -92285344 -168209749 -995716925 931876154 -989093212 -629752691 -174171006 571567703 -573561975 -986328089 -938211526 -953691201 -802517883 -992830349 670415727 -975314418 247677581 237884211 -496309203 -996816481 172824967 -988828913 -304950353 -388036618 -782802400 -409961108 -992718748 -893114904 -996331875 150342530 -281675947 -706034335 -986583504 -661263166 -524487007 -991669850 404904754 -992600400 -616836911 -908060407 -915838451 -374542634 
566330931 -977792832 713470383 -982250334 712667388 187912674 955281777 -971988985 647842726 -724669194 -224339440 -974744554 133709205 -985007906 -838799851 288468053 -817624643 -992655962 -302802506 -63167217 -998538381 -653425807 -995249483 -994195179 928720008 68246774 -996686134 340739119 -54490890 -574216172 -461741136 -998669161 -691618744 233262861 -819078897 -955540295 -993146059 -887091164 322672518 594384532 -999866325 -597321405 -33787656 10464183 -962068416 436835341 -413064918 -996295344 -879901651 106845085 -982081145 399182756 -981245322 -332789404 373971212 -626291141 -995716926 -659913775 -989093213 -853994515 931740176 69849739 -113240107 -986328090 -536100577 -953691202 -399720661 -992830350 -605051033 -975314419 -636821799 -923363352 -752152213 -996816482 -378369377 -988828914 -408366913 440986835 -782802401 -249096146 -992718749 255218275 -996331876 151476067 80309609 -510530796 -986583505 534195941 576498803 -991669851 656705957 -992600401 -752343966 371906500 -915838452 -45225810 
208898271 -977792833 928487223 -982250335 -296795330 863212375 139855083 -971988986 29832075 -724669195 593607494 -974744555 -735063036 -985007907 -365946277 -799836354 58225179 -992655963 251113028 -965834954 -998538382 -301071694 -995249484 -717875833 604067479 -852316256 -996686135 -102154557 356580695 -574216173 528259441 -998669162 645236790 -488670456 -118313314 103455655 -993146060 -949608567 -862720991 11864315 -999866326 -906961401 -453165049 -69158078 -962068417 968215517 988258042 -996295345 207226193 455859299 -982081146 -47549824 -981245323 102308746 522388211 -133614195 -995716927 -477205030 -989093214 405501835 695291101 784793724 -954412442 -986328091 -494186825 -953691203 166733387 -992830351 320052633 -975314420 -47321569 -923363353 988657339 -996816483 390355500 -988828915 -622834801 602618065 -782802402 452955314 -992718750 885990301 -996331877 -713222737 384010502 609860055 -986583506 415502887 339821782 -991669852 299398022 -992600402 101694888 -898482122 -915838453 419395889 
set 19 12 -953154457
set 73 44 -956619396
add 158750599
add 78632251
add -379277428
set 15 63 253628497
set 40 23 -1112650068
add -449591515
set 34 37 -77146726
add 993443107
set 53 2 479875372
add 915495484
set 49 38 1896018538
add 671162207
set 35 68 1131989935
add -864945781
add 935507587
add -469565523
add 781292963
set 42 59 1645014483
add 353257451
set 40 53 2172652378
set 89 91 3380867359
add 140858991
add -829302964
add 700891603
add -665300671
set 5 70 1768374376
add 695406656
add -441661074
add 189295778
set 24 79 1573747205
add -538782398
add -893628563
add -891496624
add -447846547
add 432244726
set 28 72 -342120943
set 55 25 -789470941
add 288887669
add 813666625
set 15 70 2073260888
set 75 44 320775211
add 100217172
add -548786235
set 41 29 848373822
set 12 14 97537237
add -426044923
set 65 62 -482771592
add -555584832
add -552058903
add -854360611
add -464255576
add -87119765
add -248922310
add -316683844
add 124530124
add -876492185
set 34 90 -4406473372
set 86 25 -2915145685
set 49 7 -4337912438
add -996095753
add -938020772
add 268406085
set 23 48 -5526750700
add -748970908
set 88 21 -6841387007
add -69039348
set 60 90 -6890194094
set 35 4 -6655520898
add -951999292
add -879314508
set 26 59 -7239285630
add -261303633
add 796134912
set 10 29 -7649261979
add -860604981
set 7 6 -8897833871
add 955817324
set 81 31 -8093570395
add 820798303
set 82 94 -5737100572
add -494966064
add 774467173
set 52 45 -6713303692
add 844173996
set 36 22 -6164562925
add 126714737
set 13 21 -5675053105
add -923346250
set 44 78 -6692638186
add -14715815
set 68 45 -6354519704
set 9 64 -6735586068
