801 570
1 2
1 3
3 4
4 5
3 6
6 7
6 8
7 9
9 10
6 11
8 12
6 13
6 14
10 15
7 16
9 17
3 18
15 19
9 20
13 21
18 22
9 23
21 24
21 25
25 26
25 27
9 28
20 29
18 30
30 31
18 32
8 33
32 34
22 35
12 36
32 37
34 38
37 39
26 40
24 41
41 42
37 43
40 44
37 45
29 46
43 47
1 48
22 49
49 50
38 51
32 52
51 53
31 54
53 55
14 56
54 57
56 58
55 59
58 60
29 61
59 62
61 63
48 64
64 65
61 66
19 67
66 68
66 69
52 70
68 71
30 72
72 73
45 74
52 75
70 76
33 77
77 78
74 79
24 80
77 81
66 82
76 83
79 84
82 85
82 86
75 87
87 88
88 89
87 90
51 91
87 92
74 93
93 94
92 95
93 96
93 97
37 98
85 99
98 100
83 101
101 102
100 103
62 104
1 105
78 106
96 107
29 108
107 109
107 110
33 111
108 112
112 113
102 114
108 115
105 116
67 117
111 118
109 119
106 120
80 121
96 122
111 123
115 124
110 125
118 126
124 127
127 128
113 129
114 130
126 131
130 132
115 133
131 134
129 135
135 136
104 137
72 138
136 139
135 140
139 141
138 142
23 143
143 144
113 145
145 146
145 147
143 148
146 149
90 150
142 151
101 152
148 153
152 154
143 155
155 156
154 157
140 158
136 159
49 160
124 161
143 162
161 163
156 164
152 165
153 166
86 167
151 168
90 169
168 170
170 171
164 172
170 173
171 174
164 175
173 176
53 177
168 178
178 179
171 180
104 181
181 182
181 183
176 184
173 185
177 186
178 187
184 188
66 189
188 190
190 191
38 192
176 193
173 194
184 195
185 196
195 197
184 198
9 199
194 200
41 201
77 202
185 203
196 204
173 205
204 206
206 207
206 208
191 209
204 210
210 211
198 212
209 213
162 214
190 215
202 216
128 217
208 218
43 219
215 220
220 221
220 222
214 223
60 224
220 225
213 226
208 227
227 228
138 229
212 230
228 231
230 232
23 233
231 234
230 235
231 236
235 237
236 238
219 239
66 240
192 241
241 242
103 243
175 244
240 245
234 246
227 247
243 248
229 249
3 250
247 251
139 252
252 253
241 254
250 255
255 256
256 257
126 258
122 259
113 260
258 261
245 262
86 263
98 264
264 265
263 266
214 267
264 268
266 269
268 270
113 271
268 272
271 273
114 274
159 275
258 276
274 277
276 278
274 279
279 280
241 281
273 282
192 283
267 284
269 285
53 286
285 287
274 288
287 289
286 290
220 291
274 292
282 293
293 294
279 295
295 296
11 297
188 298
43 299
290 300
288 301
287 302
283 303
218 304
292 305
301 306
12 307
236 308
296 309
308 310
151 311
311 312
306 313
312 314
304 315
231 316
301 317
314 318
66 319
314 320
309 321
204 322
307 323
319 324
262 325
311 326
185 327
109 328
327 329
326 330
328 331
207 332
327 333
84 334
323 335
52 336
224 337
334 338
316 339
321 340
338 341
331 342
324 343
99 344
81 345
345 346
342 347
334 348
133 349
145 350
333 351
351 352
337 353
353 354
354 355
342 356
356 357
151 358
350 359
359 360
89 361
358 362
275 363
359 364
138 365
64 366
363 367
362 368
368 369
367 370
370 371
352 372
228 373
63 374
370 375
74 376
357 377
374 378
367 379
375 380
377 381
371 382
381 383
35 384
367 385
297 386
88 387
385 388
380 389
330 390
260 391
317 392
99 393
390 394
384 395
392 396
311 397
393 398
250 399
396 400
398 401
290 402
384 403
400 404
390 405
403 406
398 407
407 408
404 409
399 410
328 411
410 412
412 413
85 414
141 415
51 416
414 417
119 418
414 419
417 420
344 421
403 422
420 423
416 424
121 425
413 426
411 427
426 428
342 429
230 430
423 431
89 432
312 433
429 434
431 435
432 436
434 437
329 438
289 439
183 440
285 441
298 442
125 443
439 444
438 445
444 446
441 447
446 448
45 449
432 450
438 451
229 452
110 453
342 454
453 455
272 456
450 457
456 458
455 459
458 460
458 461
459 462
460 463
454 464
460 465
452 466
465 467
350 468
468 469
467 470
467 471
452 472
472 473
464 474
473 475
472 476
463 477
449 478
467 479
172 480
469 481
152 482
479 483
482 484
466 485
481 486
478 487
483 488
281 489
483 490
490 491
307 492
369 493
483 494
492 495
475 496
480 497
494 498
495 499
482 500
498 501
3 502
502 503
437 504
496 505
503 506
504 507
504 508
7 509
386 510
497 511
493 512
509 513
151 514
512 515
511 516
473 517
515 518
504 519
516 520
512 521
520 522
16 523
517 524
521 525
506 526
243 527
527 528
525 529
511 530
486 531
526 532
453 533
496 534
530 535
524 536
524 537
534 538
535 539
404 540
538 541
93 542
527 543
398 544
543 545
531 546
542 547
457 548
9 549
546 550
549 551
541 552
550 553
551 554
552 555
307 556
537 557
555 558
554 559
344 560
558 561
557 562
558 563
399 564
210 565
46 566
555 567
164 568
568 569
560 570
28 571
565 572
568 573
571 574
568 575
571 576
246 577
567 578
195 579
565 580
577 581
573 582
579 583
394 584
575 585
585 586
583 587
585 588
263 589
589 590
579 591
587 592
592 593
587 594
62 595
590 596
591 597
595 598
597 599
597 600
599 601
306 602
600 603
602 604
116 605
281 606
34 607
600 608
608 609
604 610
606 611
16 612
609 613
601 614
611 615
606 616
608 617
616 618
500 619
230 620
607 621
602 622
618 623
620 624
444 625
621 626
624 627
623 628
114 629
628 630
190 631
628 632
479 633
629 634
633 635
111 636
630 637
620 638
637 639
632 640
444 641
638 642
640 643
641 644
625 645
641 646
643 647
639 648
629 649
633 650
634 651
370 652
649 653
644 654
654 655
654 656
643 657
657 658
655 659
650 660
659 661
661 662
661 663
154 664
654 665
665 666
659 667
666 668
290 669
668 670
670 671
670 672
654 673
669 674
659 675
671 676
342 677
674 678
255 679
522 680
679 681
681 682
678 683
526 684
373 685
532 686
138 687
229 688
363 689
204 690
687 691
676 692
680 693
686 694
686 695
682 696
695 697
688 698
686 699
310 700
699 701
701 702
208 703
690 704
644 705
686 706
318 707
694 708
704 709
698 710
336 711
708 712
10 713
216 714
697 715
711 716
713 717
713 718
717 719
713 720
708 721
713 722
722 723
719 724
724 725
722 726
726 727
727 728
129 729
728 730
716 731
728 732
57 733
499 734
721 735
609 736
733 737
731 738
735 739
721 740
729 741
734 742
214 743
743 744
740 745
728 746
746 747
115 748
731 749
747 750
227 751
364 752
751 753
753 754
754 755
752 756
738 757
746 758
751 759
751 760
760 761
723 762
758 763
763 764
469 765
729 766
766 767
361 768
765 769
755 770
770 771
770 772
683 773
772 774
313 775
771 776
298 777
768 778
773 779
776 780
780 781
780 782
768 783
774 784
781 785
784 786
782 787
770 788
747 789
777 790
789 791
791 792
125 793
791 794
182 795
791 796
795 797
520 798
795 799
795 800
799 801
74 605
576 718
328 24
563 60
151 423
632 331
492 320
736 723
587 275
278 263
105 404
603 222
426 355
339 417
479 32
137 89
662 339
399 633
2 751
437 341
163 558
612 522
357 213
336 204
60 751
311 769
331 406
727 27
725 94
365 662
762 146
189 282
519 219
575 364
448 407
489 744
94 48
737 737
213 452
651 86
252 530
575 548
110 421
367 296
47 618
68 566
77 516
127 724
116 682
273 411
31 451
162 182
536 308
127 99
216 597
384 277
799 762
58 797
119 220
474 779
619 248
800 673
188 692
795 627
369 795
675 190
356 765
10 171
525 94
234 313
599 446
243 213
17 435
290 479
464 738
692 567
604 303
150 322
257 483
206 4
684 72
239 576
236 434
132 392
539 476
84 611
356 355
529 241
336 411
411 69
567 503
713 74
724 519
665 650
685 207
594 441
748 423
325 655
185 139
506 32
306 460
238 142
688 385
291 2
695 749
707 178
544 76
335 232
49 310
612 117
480 721
570 493
127 317
53 349
642 431
222 771
86 755
446 211
710 254
351 590
624 110
109 505
519 577
102 363
581 344
758 484
226 372
62 228
472 92
618 279
283 547
147 539
458 758
711 122
714 90
435 405
626 615
149 116
792 460
75 134
623 373
115 663
750 437
496 6
779 738
137 386
377 730
423 324
413 778
626 785
288 208
698 275
658 658
366 189
250 469
288 17
221 641
29 756
383 749
332 102
443 163
773 199
597 503
288 474
439 217
151 404
395 379
244 528
727 574
670 12
92 422
697 79
480 782
749 726
798 49
767 795
185 406
327 771
605 481
330 799
187 153
229 152
799 258
606 644
390 191
255 353
247 250
776 373
310 109
542 600
352 90
131 783
490 640
568 361
5 259
681 486
549 328
173 18
645 294
725 527
591 181
589 695
136 357
423 673
175 454
93 15
571 561
421 74
329 787
643 283
92 129
124 150
279 131
123 180
166 688
213 534
565 348
231 488
532 359
513 56
679 753
418 538
517 156
115 705
193 191
125 644
179 653
800 566
58 149
687 740
677 708
222 307
731 255
74 729
513 52
587 493
729 72
460 572
209 92
666 638
553 76
721 253
531 339
667 66
388 27
381 461
121 572
515 35
772 325
667 487
461 364
477 252
73 230
342 611
592 274
110 674
703 197
105 493
145 459
793 595
354 122
3 664
36 598
194 396
484 400
343 665
530 671
638 727
197 133
73 462
700 697
625 545
580 515
660 403
401 728
762 593
763 233
479 148
658 547
136 464
586 231
298 413
8 297
543 787
111 355
207 262
783 768
140 194
415 684
544 436
594 694
132 412
684 506
723 551
77 21
372 735
217 661
514 484
415 265
712 789
750 89
430 507
318 121
648 344
43 536
346 619
153 369
506 642
758 299
391 369
562 383
183 483
500 50
4 466
772 131
161 67
206 603
402 771
341 62
103 605
442 796
609 583
2 376
525 169
366 96
236 203
419 193
9 709
645 491
617 432
460 652
71 457
774 381
252 421
677 626
88 406
428 760
61 492
497 33
723 50
303 415
454 624
726 356
293 399
19 778
510 349
54 353
177 529
471 440
662 422
508 650
329 492
337 664
545 191
49 130
115 265
254 338
782 418
201 711
732 710
57 73
387 306
561 478
616 27
610 239
412 628
477 542
416 683
561 81
39 271
713 589
479 497
127 186
114 25
589 793
321 560
570 205
645 483
420 202
21 718
300 536
799 418
765 268
743 714
256 202
741 639
144 76
264 772
636 88
122 7
114 627
129 55
728 182
466 600
792 573
186 86
144 441
396 755
566 506
763 586
732 523
11 35
644 628
727 570
168 567
399 76
369 226
541 23
349 257
590 319
608 212
469 419
54 496
596 20
176 658
302 37
581 341
160 163
106 39
243 417
393 402
127 800
213 180
627 636
607 225
90 246
32 445
153 703
280 263
290 483
351 237
683 470
763 233
621 99
484 72
122 260
598 307
383 155
385 228
786 407
646 575
747 503
280 589
234 334
490 240
260 85
483 574
272 272
429 456
602 236
280 223
792 749
686 327
50 21
89 416
694 26
93 574
374 9
29 167
260 348
357 720
489 340
5 195
38 224
649 222
334 496
223 418
771 388
514 409
57 366
478 84
107 25
563 294
681 758
573 116
281 143
195 190
360 356
8 493
667 175
618 566
686 368
727 318
323 559
571 592
341 585
42 78
549 652
46 368
661 100
690 255
80 74
86 782
217 713
558 247
703 636
370 637
713 570
664 770
187 149
45 69
489 510
263 649
635 536
785 77
182 98
651 404
731 740
378 220
801 248
45 230
503 651
131 794
7 198
651 55
245 162
147 528
187 110
171 579
257 652
650 500
667 184
395 681
342 603
736 370
759 54
532 382
704 778
533 109
354 119
727 399
557 642
246 560
97 150
497 438
592 128
571 398
632 297
372 715
201 638
5 191
80 279
114 769
648 109
321 627
295 174
436 183
129 749
687 735
293 358
704 718
258 251
386 497
4 651
54 164
692 488
253 29
284 782
584 61
342 49
508 18
267 791
410 7
600 691
420 584
786 531
562 488
211 278
480 393
317 743
