10 16
12371 63820
16624 54093
39233 54077
58496 58758
52689 59807
27557 50164
15330 19057
406 8404
2933 36388
4812 12584
6771 2264 829 8292 
8502 3676 1927 6125 
6406 9035 6050 6793 
7585 4810 9337 6403 
4100 446 8793 2879 
9368 6423 4979 5485 
3021 8760 9511 5721 
6246 8210 9675 6581 
762 6743 9610 187 
4793 4661 5786 687 
7745 6100 3930 1798 
7084 4332 2332 6169 
3765 9593 4882 7319 
5349 493 827 4320 
5060 1015 7064 8262 
2615 4054 3012 459 
9854 4748 8238 2058 
3883 4345 6668 9287 
9649 1426 9053 2397 
8247 2991 9193 8488 
7882 6791 350 9666 
3161 3387 2891 4349 
6885 304 8734 3486 
2682 8578 6043 768 
9524 1733 1402 756 
1387 3160 139 7195 
3014 5229 4885 1965 
1599 773 2590 4708 
9114 3525 1790 4862 
9835 5825 4546 1143 
9092 9564 6945 9841 
4906 1981 5053 5364 
3014 2336 2532 9186 
4275 4652 5787 1141 
4705 2363 2883 7054 
8340 8135 9136 2806 
9416 8965 4834 4 
1861 8039 399 4935 
7988 5852 1666 4413 
4979 9455 8023 7472 
2199 7188 3808 2018 
9248 8016 7498 9594 
1361 982 2643 81 
9070 4102 4957 4616 
5260 6514 4722 8993 
9885 1347 5707 8000 
3056 4992 5371 345 
7795 2156 989 2697 
6748 2627 1146 9002 
8557 3106 2952 144 
8232 43 4012 5980 
3017 9669 1565 2551 
3512 9362 4086 9201 
9426 9668 1313 9912 
5181 2367 5650 646 
5545 8308 5935 211 
8098 1893 7054 3045 
5729 1193 627 8053 
8794 2395 9452 3391 
1746 6841 3126 2445 
399 6222 9792 9682 
734 7543 9 5301 
1024 7197 6382 68 
175 9475 3543 7164 
6286 8991 2163 7075 
7564 9441 126 5869 
4031 3496 5424 1006 
7322 5444 4116 602 
2166 3305 2431 9573 
3218 3022 5232 849 
1082 5018 8069 9068 
7674 1220 8514 8049 
9493 3092 3181 5888 
8100 7655 817 3283 
187 9150 5274 1107 
51 3600 7899 3077 
2170 9955 3076 4481 
4384 3593 2074 1827 
8669 9087 1868 8071 
4328 464 3259 511 
1404 2620 7110 5597 
8404 6530 4585 1867 
6823 7764 3314 7188 
5599 9491 4939 2417 
5391 3718 149 8372 
7849 2697 4370 3477 
5161 4353 6030 4746 
1596 8899 9593 5998 
7695 450 8384 6543 
1850 2540 6737 8226 
9807 6933 1814 9048 
9054 4722 9114 1668 
953 2 1971 8491 
4713 2755 5695 6341 
5901 4755 3882 8453 
7306 18 3711 5204 
6470 214 1724 5495 
3250 4228 7755 580 
434 8388 1914 7051 
1534 2227 4790 4405 
4098 9288 7387 1067 
2821 458 9704 2901 
2987 563 5055 7761 
7248 7150 4455 2477 
4986 9357 2795 2787 
5171 8350 4805 9219 
9240 7521 7208 2277 
4058 2724 5363 8616 
6813 2422 3111 4017 
6585 8176 9217 764 
1349 9434 7115 1427 
3427 6990 4569 2970 
9183 6781 8821 4232 
1525 9474 2531 3319 
8190 2039 2164 8602 
6275 3340 4825 4965 
4307 4347 7085 8895 
4403 9162 7811 3717 
47 3137 5703 154 
2514 3040 2099 9241 
2842 6040 7896 1097 
5051 5709 2419 7895 
9574 5882 4573 7587 
2473 1797 1048 6512 
1402 4055 5587 6990 
5064 5292 4997 2555 
1352 1151 4983 9680 
6378 3376 5303 1515 
3834 5196 891 9475 
6717 1578 1740 3389 
5910 7648 4945 5995 
3314 1064 4415 7709 
1197 4451 5987 7955 
3847 4373 101 6767 
444 7596 4961 7384 
1792 3671 769 7260 
9077 3642 7161 8132 
9709 4852 8803 554 
5482 2636 8655 2988 
8729 5927 8152 7161 
2686 5421 4404 8689 
684 1512 9318 1024 
718 6454 227 7243 
2090 2102 4820 4326 
