50 37
33596266588 97813009634
16812489491 128112265903
19893900968 68179449430
12024832342 80466463877
83070200699 135165963463
5778817321 52538021844
60412375137 94326783028
33686749139 106914529044
83046057504 83734106074
29469519016 40990433655
47818959026 92234813611
40903455931 56111480350
4686277410 92099614302
90291914026 104660505410
73010821552 103873945087
33126720325 132992861379
26724468438 132169585898
18370252420 83043654997
46817448866 72066655274
6097503856 127092065765
18785605534 38365039236
45981044632 97673489298
31018346237 85598731413
57856949000 105588854242
87987069 19089348967
38790218507 103893914899
82313959176 103925314315
64203055233 93186652198
85009913842 98763996636
57951229419 83244112840
102158198651 116753541936
76635232163 135824583363
2622671512 3225362154
16102133116 72874425286
58284519898 134520598319
70266243616 128630481430
24297393193 88629235617
44238519103 135496383869
47237131346 92574633631
10722614420 90817815890
65318118347 85311765399
41947085056 49869556798
69971668672 125809819783
36242251399 93084538591
12960983538 42487031170
72381183201 98071567114
96291690779 116500188985
8749962040 87998117747
6087496932 132036338953
37566576669 82107767902
99684009 88952655 78537825 35272364 
31755709 24727071 55582291 23345683 
3862681 1424149 46589785 98596089 
58455289 93419205 45287096 98632808 
10917978 94581842 41122950 44306237 
20652579 92131043 34655653 37790195 
78383733 9635593 50300825 70442294 
9192466 44633486 27045612 75694968 
74116175 69354344 99445636 93043638 
13577439 69480994 84074928 33763501 
43799196 34064939 117258 26829465 
61008598 97692117 76952478 87867900 
13080495 34718976 7400175 73077160 
20473223 83149627 29119853 39340063 
69070328 99765247 98240819 15348522 
77478831 99882200 22859420 5577055 
46789612 51984618 47030264 91870806 
25541136 48695774 38311619 89978384 
30042012 95949747 86529659 90302223 
72266116 40013330 71536710 18574068 
37320651 63293445 10157628 85059363 
99315893 29225153 96640394 48434924 
61809645 93894250 28463081 25382451 
14916488 94676071 43972213 99022821 
41343061 3879635 20686399 5956010 
59995865 92172591 49302990 96904337 
8041725 60659185 25671044 66735471 
96044016 44541163 88535200 24108164 
57348499 80353144 38428117 71613835 
19930233 26268898 78180238 57690595 
18808589 80679619 28286253 33890496 
85617704 27456565 32947457 40239524 
56695613 61381859 94903700 31036214 
20686199 25861299 41233460 24721647 
55533703 31725935 65133010 79628899 
67387784 86813661 6469590 16623069 
34161580 82550597 45440462 50480660 
74041048 25002266 43721626 96814422 
34542721 63207191 53807681 25830420 
30736725 99213090 36235834 19526341 
7720100 68990411 39097376 70543171 
56836556 33869829 21518766 73438074 
9890504 3323047 23480638 45959564 
56019412 43519656 93475938 74183207 
76354901 58423593 27076556 8997570 
35415788 90217235 44501655 42655469 
79505429 36658913 60479290 25827130 
55772165 17950711 84855342 50153302 
49533716 79104251 92146425 1933800 
48114512 27765100 78367039 2131756 
26229350 66951485 93177269 81568743 
32317941 79500632 68144078 83375265 
10760257 33676412 13096659 90378306 
1908267 84522308 74261508 42670381 
17647080 84149223 57432749 88563161 
73072920 91689059 78834349 64119441 
16330233 62656686 94312945 63543582 
54818233 11669139 77626282 46228084 
82749270 21676868 74980506 37572383 
78971965 62807165 8841322 10668726 
78044047 96232809 71193345 43655433 
14727503 9218436 55505560 18201343 
50358724 66231479 33812449 45865436 
6895035 64880032 87053190 24100983 
60030545 97269316 73066086 61705382 
63469143 72025643 61093620 51268473 
52264933 25401734 91392934 39179433 
21338583 91924663 81274500 77399979 
5438964 528456 63314152 44066003 
90297929 26694492 47146743 51966237 
23427748 54938798 22835807 52124796 
94017606 95200465 82381854 61249738 
6066581 63856601 41751766 84136806 
55024868 99897951 23420516 87985121 
92322307 78530999 56991304 34356438 
41850062 61511688 76945113 16165719 
73621900 66760153 78765110 40368326 
20661427 17273739 5426094 25990628 
60842157 52947170 53688597 49619071 
52787764 1994253 90146538 62979951 
69774995 90175124 21896851 35932298 
1634766 66711551 37925649 60482253 
27160024 17627194 67016834 82291400 
4416547 6686490 66590483 49984284 
52228890 92125747 29025715 40530686 
74975627 5452183 80677435 78645517 
97470163 3726620 2261871 22805961 
85928476 37712559 9418013 68604785 
49035802 44318857 64910204 25753056 
54398592 20874283 17299873 40283309 
25363386 38645646 82660388 83280892 
39710647 48676747 83688538 21278777 
46813019 78926324 9625787 42328774 
17638542 61123758 88133996 45163495 
47576103 24348851 49643402 11760540 
53211886 90543171 35356783 59837703 
42664792 98031245 31409431 37308365 
57224890 86246368 86936126 31998152 
4912717 16109627 92535881 61832415 
34047894 22707949 18057243 73041422 
64443171 3650659 37295416 56904511 
14222153 30421447 65089896 42044529 
510773 72666169 13778858 42182934 
26387135 67339708 99225068 25957966 
68003362 20666367 39013539 14042855 
91429017 21988224 85340866 5339438 
32427646 29906248 8989525 19038223 
18143319 63655586 22367006 54823225 
22726448 47854088 1353758 92509727 
29363595 59268642 90621091 83327677 
91529778 8115656 48526467 14830466 
53792982 65187746 95515126 50439222 
27193809 46010224 67879017 30713622 
10846573 13200956 70146963 2463657 
50354301 2109389 3949761 52388988 
82780181 88354832 75142723 49668735 
51042460 25285573 56653447 6536696 
30885975 93436808 70555843 47852929 
69989031 3245482 98286194 55261867 
56971267 38544476 13249324 18399137 
52974224 61714519 21936334 10599336 
16229365 59485317 15676414 77544906 
98514931 21217591 1629817 95082106 
60707145 92172957 59978043 8550700 
70668685 5161465 98324224 52425121 
11388865 33297402 33594320 95194597 
39158965 6501263 3480842 53663524 
56032386 4039600 37922190 38927541 
78368310 95287098 89325045 70177610 
73566285 33255893 66858290 83505376 
41316426 43010702 77516876 94379 
90318452 17898754 77982628 1039860 
60120879 80721188 63209090 955351 
35697974 7467758 83879362 13837216 
27244029 1531453 9734879 55605252 
93512507 63380008 40427974 58646158 
72257052 26681042 83712133 19784396 
56553936 12195961 70510292 81147905 
38565744 98493927 23504706 68276683 
57204372 46399273 38385281 1726646 
34682151 79874182 84436424 23711788 
77544118 84984273 8227092 69285718 
83154617 58260542 53021435 16887978 
30218980 42791556 50750132 88044102 
22523993 18408055 98252987 90182207 
61217053 92433330 35189915 74753055 
11804523 27309043 50078707 13760336 
66944879 81739860 2526180 16685758 
61351038 71236775 17293503 2574091 
72342272 56056370 44189988 96901435 
74229027 76152532 66605536 91355885 
91747721 50753635 42884281 62893553 
97888530 13687818 52843066 61496170 
28976955 69291335 78929395 45475770 
71958315 73715003 1974234 36676049 
68900985 1737271 62339988 32805467 
87089241 17259458 12608650 14473209 
72495413 66594391 7337479 23874211 
86455600 26291811 57873135 56877297 
22732828 23596643 24334015 75911898 
1840397 4021458 19844804 81230583 
19777342 31725612 23334983 69732448 
80003178 9913941 56516803 45552559 
63673201 57473222 43683635 83598416 
45988218 51287717 27622712 92414414 
59237004 2167450 2963693 34317010 
34890262 99950592 64208180 44185243 
75999575 37358815 61396389 8463003 
27185922 10102409 9733210 96228301 
82682139 86813249 58260266 55532925 
72828458 50832172 69675564 85412403 
99517908 82042812 55967234 43073595 
20401209 29727078 36738212 86866712 
85956681 20397588 47141535 10195531 
83032940 15656910 15001265 9919842 
572206 88304523 90779113 97187478 
25579905 37659025 6225223 94741446 
56582286 94630938 18651788 34750280 
5236683 59241160 68253275 76224748 
69863438 7632315 38665208 59394888 
88516031 89188416 96360791 27530820 
86150312 58285404 69256127 37893812 
19490573 76174256 19784900 67739730 
45681753 3948382 65107060 91936556 
92626365 42182767 69006622 85088062 
50112172 41681161 55130805 21977142 
24359676 33672598 85457428 9029680 
39491330 22394021 79717093 20906497 
76133106 54976847 30049187 48705569 
53638504 69946824 79966247 4140492 
58007795 85173645 20807982 3892120 
18131233 77033505 47815558 42415419 
65566876 23987074 32411263 83034915 
33387543 68361422 37111750 83037873 
14618644 85572119 56757710 706018 
58768078 70876302 51109218 99626847 
46795927 27947650 23499114 87363563 
85784580 93393843 4032398 24635847 
87732235 98116731 56007416 5667046 
48166454 31366939 84143665 66323579 
61239407 6140331 47253114 72028817 
80098140 17604608 59930256 81157149 
51338305 4457531 42033944 5211778 
50959959 87590671 45320575 30465177 
20278965 88285679 29966676 75124260 
21727662 32318915 80726034 7792260 
86575505 30322516 73400060 23721425 
25658688 80824879 29210358 74339902 
59089105 62599738 72765271 7351302 
60560692 49388906 55592781 97515379 
52204201 51842718 94589908 24541202 
61344728 8937758 69933941 2155531 
9090355 74626144 91836897 79808824 
43469480 88588306 56681422 73888893 
87263970 89662238 35497816 25033227 
32145550 88471053 10215243 3948781 
64246921 66033929 26414431 5971764 
20041645 85528018 24713752 72970419 
70214473 98533591 91572820 91014134 
91911233 76992888 3464045 21383885 
670345 1688836 4522362 21843529 
7931692 78063567 53342242 14108609 
78933787 16702151 22748507 26738197 
90575872 81587256 81794330 60914761 
60411198 69511287 82125411 81611793 
71904550 93210734 67216765 79246459 
92232049 41002329 1723707 88383018 
89307966 71751243 73469446 27322746 
6123378 51957670 35371136 24241932 
26990875 75251109 75122789 39702186 
91267303 98322188 89748858 74257090 
6723911 66935758 17906146 8982132 
35816907 76972443 30299287 26980873 
80368158 42279342 27147076 51068782 
82679253 88364524 69561865 870212 
10735737 77619649 37468621 12850954 
28139470 35438033 52259707 99479074 
54862108 14596081 82277082 18847108 
28331287 12284341 61991441 10505816 
23224017 82984047 34687670 26859317 
53422503 90873568 44864342 89072529 
2332362 1264224 24897090 77540527 
1821460 67013414 9126725 66575485 
35974071 27472645 58453595 97859774 
84716514 32205458 83919229 53081224 
67750065 47612860 1654070 58989071 
99040007 13560761 94808622 37476334 
3548054 34667250 93400186 85485388 
32705435 62833404 92284192 27590286 
58576082 24933662 11500019 72199375 
24488632 31786935 29175324 49952860 
52764157 72267650 1874521 55838227 
4833454 94963870 81487324 15339454 
21133873 97385263 87416977 63433392 
18887498 16079973 52999404 43276485 
57207646 46578726 94018270 56593121 
270237 43956536 51210865 12055615 
62438784 223958 74277511 56312126 
82503111 80959949 50884329 60579395 
74603163 43165374 51150386 43610924 
7436310 73635127 23611992 84516644 
7353112 21224092 26323319 71291264 
9349115 63631675 4019829 64567344 
97771008 48027296 82500606 83026192 
356585 29699499 26560376 64343033 
86368513 18311136 17649249 8768767 
9172168 55062511 15755218 89980267 
52539040 24632476 51583452 86813549 
54690850 17405982 49584305 5700423 
88874541 75844042 42765569 40943182 
92385138 17316494 96626350 82444572 
45609618 41533635 31021062 47573527 
98675336 89237285 40491953 54263264 
57679364 90380957 41960724 63041331 
71580423 76788332 61208125 37848436 
28181396 66833881 42200314 80620092 
68229797 41738976 42316623 8992904 
78398792 92699071 14373119 52520067 
12251075 46290338 17247578 14396082 
71815250 10352631 36991535 44228088 
20939363 27989236 53263318 52727379 
46803210 67155754 80194711 61530478 
94219233 36253208 6450387 98994921 
48027232 88104480 36978549 29320030 
38288880 96981907 85504381 1568817 
70893178 88678603 124445 60646122 
24269045 3983939 18792190 31341355 
75979150 65672533 55538949 95607222 
91952441 24253808 83554217 70045384 
71656063 59768569 96880410 37759993 
24407859 37946030 54514550 75183027 
50190383 48373935 18339308 49264688 
4540473 74199992 91217893 38983076 
91540813 21063079 11681046 28545868 
77070280 69786887 49113062 53151629 
95293372 74185557 1828372 31239086 
54849207 16494969 2440592 69048257 
29992680 46527569 32934094 10761468 
39786942 11805880 44506589 41972592 
48839689 19658068 10003977 60608734 
95578864 13939164 33037247 83356589 
72144790 65580934 2920084 2679989 
1115514 19352648 28211351 68536279 
73610375 64225012 98453546 76473543 
35949889 18632836 53489471 23745294 
77810133 46624528 94394129 40051334 
21988292 56449727 42962405 11995719 
44721737 75624615 47101091 46483459 
7032153 6626337 22599913 11316522 
1539030 59271033 56708527 10394576 
68457468 67349743 7208190 25883071 
20741330 23234839 67961975 88052532 
74300296 59851326 57578141 23244909 
92412677 29551248 46004489 98382526 
75756050 9927638 23913510 49887910 
31092748 12361968 18027403 96467509 
25033197 88123982 90224090 26820312 
3539953 40576157 45324424 40863021 
10471622 61030819 75744822 93870567 
1914031 54995469 67621844 33122779 
62494538 26910629 18522010 54668723 
51895942 92128219 78897486 54561452 
1079000 86220229 72375771 69823561 
56124683 15835239 36158745 88562138 
29036637 37927400 49967063 2708215 
21382132 24557760 13766118 52263841 
70507030 47808054 7211563 50910541 
27908143 52496933 60569935 15426254 
57594464 39742182 76160662 68578178 
11849947 7057691 95760549 48233306 
64992074 42586662 58203491 92691446 
41188936 13757860 84583351 7631248 
71821225 76011864 46729821 22390403 
70724208 86230015 15936765 62205054 
2967965 19197471 36853900 63397733 
86922315 44136584 47038678 26509842 
98827170 8458176 16547323 15910340 
39938480 76886162 59912476 94262013 
25302373 68468091 61393067 91472944 
59493898 88750236 72021961 91139993 
83765046 86579058 31328250 15411409 
96128358 59483003 45037779 80763768 
66588688 38558698 67443577 6372252 
41958606 70303360 43631 34651887 
28215067 4365333 50938764 99934616 
44706052 39928334 76100990 71679035 
61417183 361028 84227720 65648245 
12945766 12324633 13639008 37922132 
16948683 62814613 50386188 48221661 
72902289 42631443 5338261 93626975 
84084983 77306257 20455759 82353132 
86577756 91550530 39724940 35411432 
68824698 30248337 41439405 64262396 
41150850 71616705 87202029 2308435 
25234669 77234178 67600867 26091287 
11535410 68788503 68986771 74957989 
72314261 6143536 71531452 20707963 
53893182 93794278 73107744 70440000 
42010063 73468217 97970464 14381315 
86685299 11860319 16254735 50276295 
12915326 81556719 33231273 47413377 
61508217 50396261 17043222 74211318 
98651831 66978164 83126407 25711968 
92546799 35124498 33766024 71944613 
25203312 4227601 3265210 74402398 
65753136 13560573 68280682 77080770 
38716714 90841623 57623686 40855298 
10683485 99836734 36202729 42779187 
10266848 78997542 4773438 56674665 
59603343 5131362 13000336 64077527 
27857344 49938197 99695659 42409068 
2001234 35291631 54530830 24567875 
98243801 21574308 10961918 15023825 
13075125 12470163 92029546 94253994 
27471643 39585308 81551370 91818642 
98931373 39943761 2725220 47286307 
28008248 20612718 90722734 25742292 
16535518 21943021 59299719 35988526 
34627301 15722923 3237444 15563059 
50014426 19957306 22696693 4003314 
92290646 71166832 83699556 72025387 
88893624 93401639 43862501 75986172 
36811127 13082186 50020372 4615069 
48201152 52523426 67575238 66162530 
73055440 41373627 70430355 5447877 
17643975 26037781 37222910 24494750 
97650673 32703866 31331672 9622740 
62176412 48783014 68352373 8546064 
38048694 67526992 29911822 48346456 
36988670 95189736 55770247 40791241 
95237875 36115776 54545183 51206202 
13736599 67993566 73577599 46059256 
72183904 82100480 77810001 33728358 
2673321 46909281 52854354 78575487 
93225392 67850935 17874015 29462645 
5779733 46251242 94971240 43014776 
31318091 6186300 49130674 87642338 
58442083 51893442 75467695 31034900 
84582979 39999324 89987945 70085827 
38640616 37685244 28008586 59291907 
23031885 81242590 39582006 99370223 
61312730 92122512 58985851 35897826 
33633101 86417 122421 17163124 
27802115 27548392 69673634 70713925 
88637631 15908483 66471364 20785447 
21103865 52735175 82089974 48237810 
52793972 64804428 2192653 66279895 
54297886 86901290 29613730 72526127 
86885445 18343148 93312915 11777285 
743547 177878 15651522 74277048 
97118092 36630354 6194404 90946018 
49783320 49801808 91730990 59633668 
98659389 35824141 52071057 1100846 
18799783 32502796 4970414 32383563 
49241327 47857134 89059878 28144818 
60430435 1360258 91747044 43744187 
39492836 31329722 13746950 65317379 
83791446 35731922 78799881 14370776 
94744300 62669124 52695531 1934718 
78859263 6491057 24647713 60617477 
42576394 84269927 30366498 37201244 
91343305 25000262 13386664 97589658 
14447774 12081900 4898644 71956187 
43076050 86094865 58033326 96040674 
7948074 34014354 53753383 29218515 
63650989 6049051 86394704 42487785 
30788356 54580237 16605921 87525760 
63298190 67044437 73708001 53050895 
10116633 15048758 92027948 22906418 
85097536 17542010 26339357 91734136 
9231930 22978238 92711400 70720143 
42571302 88171611 602631 6086420 
47408519 14519366 90723043 39242970 
90739417 81351299 80661174 25299880 
80986968 40883541 91714499 79542826 
98128055 8961274 17448387 77284957 
42128140 57600214 61523644 4002385 
93140613 72660889 71010748 43356189 
36221470 50430626 99099628 44027817 
17600299 79393942 79164108 61636110 
32036030 41547476 9498161 1586762 
8287699 84832259 97287637 58506161 
14633761 2386676 71350113 92924488 
86288197 14346819 20443678 51920398 
57618516 64692895 85089579 69266935 
37781004 73875008 35548656 7916897 
1243772 89747939 51406109 66949161 
85630331 920336 89409800 62189205 
31914177 36833708 34296397 40914015 
63585979 90505100 79201576 22971397 
51508480 96015999 84653219 26453617 
31121410 95329879 71835920 38429921 
40953524 57522371 72751071 27944397 
72551551 58503876 83444035 58762668 
59122523 26260322 48783077 7059642 
34696600 91770406 77041790 82052379 
42856616 29488875 47394727 23001746 
82115309 98766650 31248753 87763514 
53346960 57819413 80284123 62506632 
22778486 6511315 41838170 87817254 
70867646 6339368 28802952 97856059 
40317251 64347663 13499877 73981730 
56129842 89636901 88015549 62195854 
14958988 41473244 47054563 182417 
76844432 33864159 12548408 75944788 
28331551 40842165 87663038 77983476 
39900236 20439667 11307855 12918090 
55257969 20491813 72602150 5753684 
88320839 39500251 5891552 66715023 
29212814 37804732 40486976 73848404 
76585214 69974221 13891976 85307904 
7037095 43820331 94006401 27968361 
21524407 13517018 75303662 1469853 
5477562 19090787 70786278 78896274 
29509849 31864654 70779852 63268211 
9332137 62664020 63859867 2539941 
47235569 26560739 15788534 34280566 
26810964 67033260 31575087 85944809 
62593803 39200862 14865943 19781390 
3734650 88899871 9403689 35937725 
46345980 97178963 22962901 55096812 
67155792 91407550 89196851 82175091 
10216758 37033713 26698275 18537060 
33797227 28467231 85828742 9549991 
57426789 39261675 86108210 52940579 
73828846 43089519 65296555 42119041 
16886965 32125643 50944895 67797063 
79147025 11476600 94760687 69906634 
81608242 31849144 10329673 5400439 
16169547 15318690 29590366 92873616 
41746196 5868738 32315992 42504164 
93430853 43126102 10850920 65071784 
50297571 15251153 48066238 31491354 
86248732 9956298 4253068 82006900 
14836189 99125156 19728965 9408271 
98135094 2524932 96751014 18026069 
17346918 11777492 14830146 79461881 
16432396 2547255 15715310 11871745 
50870635 72215698 27635157 88214866 
76227801 53820735 80963008 26775901 
49613010 44862717 40114509 56811549 
25833631 43899730 56849748 37433757 
34922558 66414582 36886726 17465192 
74750242 52920931 92164506 72645854 
59243985 47163065 70665205 22110406 
76951222 82553308 53502193 67506879 
2118725 83205794 57022284 70180950 
14233916 11703670 99336947 89124783 
37774050 27093723 69211591 3969097 
16637880 11215676 44471030 11790421 
39910274 42877137 88451611 27261783 
66254927 14759870 51061723 30556562 
96732956 29688337 31066466 97723343 
67623724 90460062 46388255 41403208 
11812048 794965 8008621 11371414 
51887669 54321753 75988286 13927455 
55996010 56133961 90281468 90366438 
85534627 87543487 30489442 65054120 
76567691 16864455 15755181 72500464 
25461235 39212060 14935555 74888204 
83024880 18271950 25392296 80498491 
58559953 14822710 65556678 22007296 
89537030 10808476 95901158 46312709 
48300346 99381398 74120874 35889138 
79510922 4328738 288484 15139130 
9870918 93712129 6935126 82926403 
57124814 67674725 32610201 39421438 
55872878 60122969 97194771 971872 
53457510 98529041 2363614 44878707 
36557339 96607571 73022185 48577488 
23221620 80240621 92041417 24737386 
16978644 36214211 70977075 21962790 
11997221 60282194 40756155 83082983 
64267984 98175200 93349633 97999959 
6640486 61029492 60178587 75141113 
93248117 44896104 95961980 13299299 
35449813 94742602 65381423 2521329 
65801289 59505505 51458517 53723014 
66949103 46858779 98936960 48372593 
89695909 35937896 41638549 86740645 
43985159 46064104 71792378 68014181 
77045227 97576692 87017715 75229582 
58949438 74261556 50697611 75739960 
17266075 84035393 90650841 33597949 
52719781 20661673 15805769 80019866 
81107421 55228331 49495639 41667560 
17737529 62458200 42859150 93758070 
37533193 30349170 70800888 55417748 
73354559 12083260 28487178 42518572 
48463718 19084309 12433269 92517311 
28532014 11694027 54500771 28477830 
65030041 41239623 41867803 23031699 
47621546 8190886 39536395 37767349 
10845141 43558851 94067022 58811759 
57967081 83978223 372662 12715804 
36757428 66963771 6137014 10720343 
63976526 71130499 28754771 27692102 
88870426 81827630 83726595 35570032 
20745498 88515502 45371769 83338724 
11118142 78320830 7761152 4747855 
97758883 22656158 79354143 51943352 
53066759 16149598 95534575 98170287 
82642652 1935285 23671070 93848764 
90260279 83180900 64455408 45936521 
49166414 38927605 99103427 301743 
59774931 101479 81784595 78694205 
39784185 32872453 96091639 75407171 
25335499 8258143 86361468 53482770 
81918464 20086629 53102748 91122417 
56860675 26455245 31904527 94956378 
18764512 74183526 81770645 58468122 
26586337 32638546 92943888 60943794 
63716445 57494973 78463664 38174902 
74683145 48227095 30152406 89060305 
5903770 73102680 86697914 7757186 
64686229 94264693 12680642 59264349 
71051904 15316426 55867354 1572901 
64581451 45030927 63170254 77746676 
37268677 46660615 87487701 82305939 
85402535 31302290 8163189 63528484 
61438671 98293176 95163348 65449528 
81096474 95146594 7556359 70267843 
55049767 91649976 55885133 21874755 
59062334 96737734 46919232 38628786 
51602777 68165803 81530415 71073056 
75314558 9910084 6369621 8923679 
25456721 98030429 25448641 3319572 
61761245 39760761 99442125 49203996 
23562182 4698218 13067531 45389138 
65268525 58313103 26495436 23646847 
74200927 79251950 46056214 79864742 
55003769 8795515 6701070 75477334 
88498049 55842482 16919456 96704748 
67207980 82513784 40416937 62704301 
60586939 77449851 58880778 73668416 
51002016 34913080 54609924 82741274 
46624251 30061442 17933252 98376473 
1847707 35467089 1615093 85974850 
79389885 16236394 59165177 44782072 
73285831 3896019 54073010 53466249 
90946135 15792104 37327600 16729162 
45445545 41216010 35992728 69013951 
45623277 20448984 66781648 46300331 
44868115 40696098 48724521 59232558 
54799734 14713789 68536760 75630985 
56364189 90163572 66304936 78596525 
53928820 69575349 80574700 25716470 
96944274 99804698 54376483 75486474 
52845089 41441547 31455671 48084224 
71424033 57821141 54566854 91424091 
81897240 31518673 32764871 66722843 
34035866 24442681 4377001 72847416 
66594015 61356186 30766878 78760306 
39214915 53151301 92263193 59561609 
48864084 47826913 18639062 31668991 
22221758 2468693 91784317 31724087 
6587558 37398035 91955854 91138027 
52690442 10673919 27777685 15517321 
70337951 69404569 69585579 78443879 
82640156 82560776 43256721 58217633 
98027811 77708335 83065530 42443558 
76829362 62541008 3080450 16635380 
55270597 8399766 32738983 2653346 
1738498 3733621 82088683 56243536 
78154785 26897369 98766857 32734899 
61511352 30157689 91847701 26321981 
69669560 56348433 55821092 78518490 
64803548 17413328 27398159 87117340 
54039340 23944265 65748053 49099811 
48923482 60805485 27860758 83806310 
8699797 22022525 18498536 10345068 
39859719 62528830 75269008 47187421 
18036150 60335372 79729967 46314358 
62846650 97332488 55435231 88450118 
85338654 22953143 52498402 43278143 
28699707 58248299 85213305 8536147 
64787072 49045726 31518252 33294062 
7350501 18367957 82665942 44980603 
76615990 84987954 5955054 36045254 
38966544 27039996 25399735 18025495 
97260909 75027307 43957563 51898381 
81444252 44801022 45146862 15750851 
63491231 24528232 56262817 66776573 
78488819 91781672 94516903 84717372 
11826471 67086819 10279629 87159556 
560456 47360819 22547343 61498129 
21215587 35639902 51783278 32499194 
56971199 57729705 55165064 76294994 
47418571 22824328 83882122 93892794 
98278906 90576349 75414281 54454168 
11655349 57226458 32377473 71229500 
47343111 58253439 81064955 65808404 
93199692 81660206 12686870 29919552 
23053493 83110397 32789823 68935212 
95250218 24242943 87012682 36015395 
41477461 28014380 79390039 32138599 
14274917 90874967 59132630 43385142 
31264795 37751922 70216635 18810395 
69308159 77927639 56788082 52586446 
32486582 42592828 38224090 10378364 
93383707 89095649 76407094 34753605 
64675940 10050332 9635404 74983847 
74886102 54950153 37180632 51853854 
13716943 63941734 35911884 26865387 
48708901 31535730 8705 82068656 
49290625 71623296 93020939 89291565 
7237729 84728524 91666098 40715787 
1330516 29891734 22097243 24649566 
90181960 4785236 43775470 61004116 
12922157 11384742 86574043 81794043 
92889635 34127542 17647299 32305675 
42829907 19999300 2573426 7921451 
91017503 73157291 21694125 40095575 
92342322 56347244 43903289 10492270 
83057570 93808494 94459063 70598602 
94049079 60300335 55513813 52741649 
41049305 17923063 51314512 17312594 
24988271 90659678 10578485 33395847 
66517641 91746775 36591467 64646330 
99704382 25291622 69552978 46689480 
35993228 85172094 56729326 96554587 
75988843 51605204 42094353 20967687 
48012144 56561826 98216847 76936953 
3675338 15812343 89539925 49558115 
87974874 63259611 42403959 74656593 
8326486 22427403 55488365 38042246 
46893317 40741171 9628214 38063977 
51166071 55740008 85477503 51980130 
38792798 62872587 67997979 11002002 
68409881 78322725 98243205 80210675 
77694478 44191135 92771489 78615240 
14169880 98707649 70188614 46805795 
64409822 90745744 34910718 75660104 
77716043 25541419 51339732 90699150 
33860376 81419111 77731333 48027182 
30943754 62071381 50264513 65849109 
73459158 60618731 90373182 20930452 
52179895 43255244 68466107 56497749 
7934899 6536699 56815944 6834695 
98424833 12346693 76658044 93713236 
74395478 36935799 65836181 43136362 
27894702 26595378 23187128 2695253 
65985388 5106635 48318460 7312170 
1979760 58685488 78072709 69799210 
98285702 52987207 32458615 63548925 
8558280 4818705 90801790 43138383 
28053222 49624947 92584574 32077506 
75046471 73934626 2649087 97254002 
65509500 66830459 36395925 69216956 
93823599 16023553 70438506 31022696 
28044768 30357005 86663527 63251444 
75390355 44942609 25705453 77083690 
62076935 6936770 99804539 37581828 
36753519 33447460 96594864 31991739 
43473011 44382457 20125016 20069925 
5798894 44289013 22168085 52857165 
51253352 9779835 4834249 37263323 
3709036 35577890 16489815 77418637 
70185147 96490823 41408638 74993108 
97238654 72631645 17986022 55130904 
41061681 49681854 66101035 41378268 
98921595 88469210 92489068 37465677 
65543473 28242664 86530086 31436517 
79620407 58401853 69278437 2535737 
40937650 8792855 17383358 6612485 
20030531 34741951 41283042 50167558 
61324212 16319926 31069501 64116795 
2158395 56451125 6766709 80039890 
31210462 1301591 86552221 48515503 
80606966 23692316 79879558 46789117 
42351266 82402920 65018226 37750564 
45246475 87755042 1535587 36425948 
4996340 79816007 22419920 95710752 
74828803 44317307 9031876 34677443 
36287339 35301101 92123412 52908870 
6354405 27964778 39564399 8245172 
2476646 3389933 31202774 56934656 
955043 93156109 16655913 8551927 
84999819 30164046 86201982 79959634 
53810298 79241364 83314582 51680214 
19817407 16736161 15105504 99590234 
26764132 1240423 96540423 59206345 
55064939 97152798 21384755 76657442 
97496843 13259461 26867041 36013057 
74252583 62055069 95832379 95577293 
30602467 6804625 30395152 67039900 
58511133 5815036 54997306 70105986 
16507839 31222784 61965157 83250944 
93214037 44404824 57378356 9005279 
62714826 96525308 33885989 1775976 
80614951 43006070 43213750 54760336 
25141564 50772276 20098245 69738102 
13733376 28355846 79078610 10149543 
61654895 7415638 83144634 78161084 
42835169 44772455 50069014 42360028 
85018472 62416043 55914430 12906734 
920206 80568442 7851501 84324307 
14619165 20438709 2763387 98744253 
37891910 8893326 24574066 48578435 
18992642 45157262 63804740 11909217 
53497267 17429789 14481583 13332734 
43981647 98183923 37315006 55768021 
26214938 44839900 74800880 76602615 
23427319 7156865 29998356 44784922 
90449632 13355124 56951036 13743825 
81880400 74379022 92599913 44024431 
47507278 46492363 52743969 42978030 
95530550 26482662 45896820 39081714 
11334109 38688675 4198159 62259038 
27598331 6252205 3876012 31858467 
73989189 872342 11913078 2161174 
163884 42397077 24352039 65658126 
99277274 79534636 43110841 75574790 
95127162 56077953 32081814 4176615 
32943307 76176251 51497126 7012227 
44691132 52221032 84998638 38705480 
68406525 29766087 23511723 33955791 
13925623 73055126 8611521 74373733 
23917697 44330454 73662397 26181614 
86062417 54059612 94192425 63853098 
3644881 95646753 34071598 87323305 
91368084 54948774 47513390 51209852 
33717033 88008249 62312684 40331206 
57872540 32530504 44721020 25768220 
94531730 28277340 54350480 76664117 
83574136 3728878 3041664 78192166 
13794551 76482823 30791876 29769260 
95951732 42623771 68614530 74916239 
96281637 88782351 82099306 94867737 
56556831 69881837 46647664 5497727 
92773802 95878101 40130712 44395278 
13932343 21891934 68126683 70649877 
33374392 66194822 97653634 26255153 
33707306 41059976 71515782 46888286 
68816137 32977175 49254335 17280001 
19356703 14117978 34813192 31781654 
76571235 32059897 55043288 40589838 
5637855 75866347 27563138 84847837 
54676934 70377862 77631476 84180044 
64632278 78212333 27034818 69911441 
64421468 70556796 17866982 18986255 
40354493 15825581 49862536 91333489 
9751909 28652716 79962671 31968743 
88845416 36522276 60302226 81544619 
37239634 71333216 35954761 63378725 
39450208 72604569 66138999 12804085 
21149867 2773991 29340956 84277950 
46296911 8693583 1185073 57232174 
23008821 63608898 21970963 19212424 
83713149 27628883 28554871 21970980 
68720593 12198706 92121051 51459942 
40994236 73359357 70508989 37397421 
44038573 2361439 50363003 94619033 
99127122 67010691 68918275 50283925 
65738769 35611198 59677633 52045826 
55985486 82781560 45800052 52203305 
58751412 18172366 2992022 95383579 
59524855 13303900 49734795 59894121 
68958958 45302731 82711456 99606568 
51090473 59060976 62843371 88747373 
73459992 62354349 22434204 25500812 
18940701 37711385 18544781 67915766 
88799429 66957927 91831377 87708912 
323352 23447898 75335540 12562921 
52172401 45035183 19002054 93952466 
57345205 86902632 61243561 65259785 
28518344 21815991 17308579 70701501 
84595375 284196 7107744 38315701 
16283176 1564044 10686068 42899690 
38361020 59819864 95186316 54112463 
28224297 15733762 1673420 11644983 
40437748 68174018 96194993 26400406 
50644919 25684892 55448465 28638631 
49572097 91286599 30237531 33224737 
51059373 63166484 58024381 76135399 
64453836 10418055 87151097 12926185 
65915819 95381370 11849308 28605909 
5694121 91351160 81648560 36354565 
46896430 34166487 3450792 96994790 
76729169 81884824 99395206 96649460 
47756280 31149826 95335682 31723057 
40625240 4562180 71588416 5248401 
47762805 47775497 45572035 10469331 
8454279 87614505 68366524 70690231 
37361917 96846666 92435904 75962294 
47709131 34035903 72095195 22679045 
9157701 32253849 6802048 70524950 
38556610 34620656 85528091 35689063 
69141832 61840206 23228667 77628337 
35647221 28427178 97617552 31431954 
8692327 99504053 683566 90121579 
37825804 44136513 84410695 86027593 
82931777 96536329 54515386 46425124 
83076103 58095799 9942343 75777511 
17819809 90341056 85357576 75086277 
61787660 24560254 77758265 18963433 
61991830 1488502 77606059 21275724 
9296928 38660128 17931607 93293379 
84346104 77317420 47577741 44382203 
57154760 77237071 44763212 85964001 
71054658 95329872 77278242 75869416 
25657738 4569902 50601729 92264528 
42314233 15474897 36611997 30057476 
76947 71537820 5883400 68136686 
46730524 30935940 96891062 39258755 
68464028 21594432 16065504 88941244 
93130421 7796242 97931686 39343532 
297421 49955088 40606311 35335481 
10369308 3785690 72501112 36153518 
84861592 56882482 42065510 66051579 
44809545 78056193 75672061 74341521 
82778979 85497718 86356391 79903287 
10531669 52169988 51377736 70032791 
70371487 41657895 24656058 65026339 
32994809 89299052 87099250 74857004 
79002066 47932728 33571631 62424749 
12294767 2078865 53401674 95652332 
50641829 52124777 39739943 19589892 
13021255 41221720 16749244 90207157 
25715695 61441644 70283732 45266616 
39538201 76979329 89711766 92821448 
43668267 49218092 83814786 86878709 
40395178 81413953 28423755 17267730 
20280087 7374893 12342236 53926288 
80040433 32775266 28562802 51418972 
8136815 46083862 7275434 76338834 
85762066 28900190 48843637 94247652 
16898686 56395058 91695725 68620007 
33398880 18386388 21148014 63585216 
35740504 68237478 46100529 57383776 
41342325 38126049 62310334 29958906 
50833994 67443215 13530481 93775306 
66800268 39738818 71293015 3935081 
99544352 87307457 56661617 42815074 
55721931 77407651 16445065 81422758 
69392968 82388715 5248264 98965481 
37326960 96799942 68418568 83687763 
17958602 96861786 3705771 70606961 
39085558 15625701 77039618 17375915 
62558965 2733139 57291864 17081975 
22732555 60338295 5397416 45175087 
62033788 17731209 46354259 34833467 
47710126 68111869 77680335 79586009 
77921438 22500791 46666421 97605242 
74733408 7159793 14472052 87586096 
50126509 11800777 527819 27501918 
65307545 97236700 13704935 1153042 
74870579 45542316 93889309 34529742 
40176027 79086096 10900193 63597517 
33889148 68802440 60650000 33427935 
57181008 85768101 49578246 77261174 
90175107 42751573 61945445 74450887 
94668308 59098333 73321143 1396139 
11501390 277660 17572942 10326178 
89316231 28840930 54330100 60509412 
42705628 96846436 40084216 75752911 
98477474 72755288 59054071 80278702 
7745548 58379839 47313290 77926976 
440569 68678460 86612837 40715030 
97483169 99979185 85718271 5108018 
8590712 68460166 41793918 57569159 
6093889 42644938 11184955 32487779 
80850033 91919862 16690370 44103850 
75477145 36153581 50155323 22312955 
21034257 47775209 54871824 62503747 
84454204 29617157 1078747 84246217 
61482151 50009650 27552593 37483338 
6954807 91196951 61687558 39352893 
65435025 15290789 95533292 19272300 
7613746 23422255 99105280 78283228 
79037350 24691644 53304249 90772860 
39609492 19263973 62921813 94460411 
64368316 1004931 3796981 60427097 
70282952 50569030 40582519 14614757 
56722195 81213581 23225205 64656298 
13370560 24994927 40720468 87402963 
10455380 98628180 30777079 91687272 
13287778 11957747 67374094 51396493 
941880 8573687 3282945 7661033 
79929087 83116481 72077444 1999493 
98589980 19900696 50346143 1332721 
50813884 96999596 25378390 65908695 
86302631 38754607 72860538 91733315 
58366859 1061179 10378205 3431486 
20157635 2119300 12851040 72756660 
44578484 47609958 24960611 91638033 
36408030 66976711 88085406 4132703 
93569292 90015004 55960330 22396431 
46182883 5187595 90850973 2280739 
46575165 57530889 23159918 22276709 
49722525 21503129 74470663 15505402 
76701442 24951711 15552960 36954411 
34064920 83856471 61718250 95681628 
83331264 9176877 71618420 43752884 
14816012 77398076 58579590 37449673 
74284502 54966905 247163 72998305 
27396044 97712389 1557628 78920900 
40703539 75731635 28354416 30544849 
5948574 29291231 57002051 13856612 
55508207 53000407 88334583 30994279 
360758 42248695 27285748 13465540 
98226420 15145903 88665873 87034603 
34719146 11762466 33334672 56419562 
4046616 49740514 74568622 7076851 
49619198 17007414 59172667 87532118 
5856377 10460247 52435901 20381679 
35676715 61740302 65871739 48632420 
44845553 52781354 97586756 61464362 
65205170 61698641 18384519 29013838 
71971988 13138220 89721539 57946521 
29270799 85569409 67805299 22897265 
74706397 12153748 87028715 9760877 
67031446 73353116 94062882 96847270 
56012297 87057135 90334241 63400017 
63027157 44625615 25986273 45488928 
72439644 63469002 36601984 81224130 
60463267 46495623 93191451 24432332 
4826802 23427614 97301403 67855386 
50746055 32289502 13864406 37133061 
84829852 97587520 87996855 35147752 
3416322 62999004 23409208 9021475 
93555209 5735367 79887618 1673616 
78372320 9664915 16614696 72125928 
22252818 29964129 2560852 13263315 
96660782 81564962 82055681 63074498 
949658 9343692 85193550 96749575 
66325997 37644750 38563169 2587844 
66339320 5374627 77658703 85793797 
17321298 62881094 68052793 24898202 
10906458 87388614 12594648 97170082 
72014525 96847211 46721645 76113590 
1101465 68357738 53420314 42640095 
85807487 85611902 6428213 37243313 
31081950 9735693 39632723 54129732 
84842834 9367168 6117694 88772507 
84930723 52957734 38320379 75087401 
77155345 80748515 84727895 95787274 
44974028 98955153 19815384 59255209 
70158854 26819694 68138048 34718854 
16788042 8210385 24742123 11438795 
55871104 42673514 49202380 79086888 
38472219 80354861 361990 2310298 
56808551 98282148 67702167 62289304 
93784939 30814403 73370434 91821300 
50428142 97511447 14528633 78846290 
66345138 55733918 32261558 1395833 
8292454 47582515 1389996 12990461 
21094820 77846537 86969140 89515662 
59732100 72487228 89894095 50995987 
44909521 81730371 88278326 97240094 
69073811 80367962 70057606 10287701 
41493412 37440287 7613105 74529648 
8014990 36708760 56141 78435827 
14481542 97699409 63436818 40755697 
22763991 95564478 99133163 55530233 
70042141 43305245 28312327 69901379 
45509605 57261778 65708748 25396697 
5603987 33956756 60101811 8347197 
29470755 22942862 74335590 16905242 
46563148 54371678 73755984 53772582 
86088976 56545649 33502603 20845581 
44541208 61215624 50178228 91872221 
83985426 88806660 19132716 65067121 
17967058 68085981 91167868 65935884 
47755306 42846754 28370925 95922262 
67087599 13201191 32089604 50004990 
36501454 73661580 72915391 1691890 
52655070 19416224 22828458 1182343 
29713756 48346210 84807165 2209670 
42662828 43778107 97969202 30186891 
30585173 82953376 6904780 18557134 
19975607 48414793 52918832 31834868 
29091687 32999284 91154338 7056027 
99293039 1852298 25504507 20107871 
29699632 85581414 74803636 5735993 
33971505 67012493 84412237 2559621 
72515253 83583815 24531640 50598486 
60340592 66916593 94313143 20133349 
43263880 30914542 40302413 94512953 
98431379 62537171 30224255 28696008 
25489334 854704 85940939 63105296 
85980607 45286306 40702176 97879235 
22043242 97133023 40588096 60236731 
46346612 72446014 14934209 91768446 
32200385 73558036 78556824 8194342 
58530064 27730085 36455860 65361774 
64759077 83906327 85576400 23535172 
1610826 68192573 5784642 62061230 
51543063 48059885 13822769 2955685 
2186798 29749 6493752 24221000 
58317378 18858943 7119621 15363955 
84947443 18807708 45399629 51574994 
36865160 99178202 49906002 21280580 
8124378 83291792 20436046 85637460 
46641185 1712884 16761798 66625015 
42447048 97719529 6586215 1407892 
90041132 36531573 59276412 58977608 
94064571 39114396 65744146 49661931 
17902105 46970424 34405033 76156473 
24469062 81237703 20619613 65291348 
74409621 37175979 54677459 59524381 
92148437 52179416 61092802 79554571 
66099159 99945636 93304140 39270012 
76407538 12691432 49584655 48097838 
61325358 30692151 61155091 53445589 
84417952 47843211 65462411 71987116 
15711931 59934142 33670540 73182689 
83271829 44265840 50446732 36566556 
58470016 50302744 84078074 33534106 
91232924 69079759 54195021 92804150 
16726871 99874008 52891958 46470595 
77660181 27240534 80573737 59227251 
28130543 53625947 52199113 12258717 
54872610 21472729 61152026 70180566 
17760663 91782543 78728840 98204240 
60525996 79632403 44855296 8618387 
99896666 48024139 43418254 99600792 
2224060 18591469 13118766 96546464 
74694227 35561877 69110697 41384137 
38098545 83657038 45229334 75548212 
5890008 95605601 59411913 36166211 
41579860 37692240 63550461 77717444 
47557264 98927182 56104584 42484060 
91409294 19102376 1405664 20993778 
97568135 86701194 44652229 75535991 
54710023 39234769 17573586 68373663 
24561246 83891253 26819523 14330498 
73249386 31099606 57356651 83635864 
49809095 33277287 87208110 75614075 
61932886 25550269 75935452 51543193 
65766167 46900749 54810384 99018103 
57076719 58339207 6226478 25968520 
55119933 41220371 52808172 80856823 
20638808 37340109 11910606 87493688 
76440644 27614442 18244104 50843399 
33360119 35715333 51798178 91582626 
75635218 60016504 3718211 40442556 
85613582 52918999 86824102 33606943 
25125034 15397905 81397601 61485066 
86640875 79166028 8286857 38078177 
36846221 64635711 16464490 4660770 
87578602 18416385 30699848 15318809 
73226341 70860631 30646754 57385099 
46614589 20206224 26854089 73138206 
41751562 4038971 9681695 43067653 
6143869 86976201 5386084 83723901 
89641482 58038 96435462 60426152 
76808843 22034743 74341792 54229561 
92642165 8595369 40927551 52463403 
30668023 70376021 14232365 16118638 
66907637 56577822 59095718 87208610 
56204707 52423085 19022132 5978690 
80498398 34981672 17278525 80209747 
39848200 81951398 1936101 3904566 
95918921 77688579 59573200 24380155 
3727852 78962855 43641427 22735596 
79530366 25811317 32998936 44800848 
39159781 77935281 81341917 94120441 
11183601 70889772 37660929 34999085 
9795359 7421584 36055580 59436721 
11641672 3168738 79024166 87258804 
5148880 6896371 29155595 90198553 
52322406 75931408 20133810 32322849 
61768067 91054495 42829769 46870450 
47585041 21750533 22777209 66234417 
17601728 33064018 13341640 44866940 
94551613 48049486 63939678 50198089 
11169683 97210062 65725186 32586194 
76033912 38256456 95458047 15654756 
78635081 21445652 15578687 25691877 
49815207 13972537 34760868 8323027 
15223986 10530311 81541332 57142393 
241318 68588599 17927446 55390665 
12286150 88559386 28782283 50330546 
32479326 31876108 32892631 21503611 
81156089 87626197 60336622 36540384 
89914942 53929711 11020059 31894944 
38389319 61556095 96362869 2561000 
37301126 81347997 43346662 2659940 
69284684 4429319 16375861 565983 
253591 68736475 73349188 5530907 
15687827 36978664 79331580 22978175 
54803420 4937655 12200390 12352396 
76614306 21488574 6010872 12006052 
81354539 65051377 64105229 70364180 
87020790 74839510 72264183 10350100 
17535965 60944339 34544073 7491543 
64155248 2286742 22984183 67705260 
19696666 10328774 41406402 9568630 
31888160 96410239 70548241 10351315 
98930283 46007324 506564 98924276 
37148903 6213564 57598918 66760549 
18147846 19215707 71955825 3229597 
82632194 44809188 79254961 99726130 
47785968 1326258 57161929 45246833 
84903633 12297677 86245066 8750539 
6393115 39195825 63656612 53268358 
11559084 87310632 23023453 58091381 
45250240 84934201 14527191 47052311 
53549675 46775524 14716701 15202042 
39845411 84185572 60591528 40432056 
42873917 74396409 16369778 40386455 
90134942 84195337 30958021 28392196 
37730972 58969247 26240084 66453504 
84011192 32466414 96652780 38967139 
2475776 42241766 84953250 54164291 
79754006 82743198 55423660 42532713 
55161369 87474774 77077674 78509813 
22031935 42295729 32987893 21202295 
9760521 11642977 17514099 927651 
85861432 58578265 21118115 466074 
33144776 53501416 60145110 56341975 
97872552 93539432 80501177 18603140 
19389883 19846414 53339667 98543121 
49729460 63498009 72934228 72172266 
78280002 68760229 79075100 42805546 
4475393 85256949 20467658 99240588 
70731389 45640214 41199765 55456096 
6811975 18947514 44668305 32172630 
17556204 41819735 87596228 56661732 
76998032 75129683 95018248 66782833 
98986403 11200669 3106159 77012970 
55677090 43758365 95017772 27550180 
7290795 90125427 85714583 84161647 
35863507 59787094 75321600 64744308 
15526635 10560203 41912060 11275563 
45555925 36677806 7145853 52058151 
8812435 90678236 39432214 14364049 
40577809 28048140 75036573 43033926 
33501849 11650175 11203192 63887992 
67661280 61974302 1215685 22853232 
2133149 64988463 37381722 13452302 
59106483 21298947 56285428 54226931 
26226087 48641359 84187846 89445002 
86199803 52881636 93985672 53168849 
14703317 26223984 60882633 67259752 
49013290 65332617 26526618 35576441 
69300778 2891042 28261425 39293955 
69036753 62908756 95524119 51212223 
1144476 97905541 45819455 15882216 
17406994 94882746 10319429 27934722 
63250476 47301350 47574260 82225769 
58643008 34615649 60604295 63728335 
42544881 13267540 91341624 41455448 
79065864 63868463 68259610 19389028 
25219805 5182920 69693799 59635866 
80392578 36166810 94425624 32886531 
21987104 71480530 14717780 12593929 
72598307 96855515 55537702 24207166 
44736919 15800706 23541484 777951 
25204604 81579210 61030428 80868920 
95554982 16884748 50078045 60017358 
31406272 51002067 58516993 29751787 
12486253 79882205 73774860 50052265 
54939774 26265512 37496960 50324026 
63141717 75712833 33635789 58504505 
41373575 50845130 98300822 94701056 
16804436 26776621 84885927 70420009 
60821478 13211160 81945729 94358269 
16958876 60735832 63922994 59842731 
99921113 39198553 38711937 84758197 
72820426 57802695 35721387 81731989 
25831281 18475427 66108209 72363414 
11787850 61242610 16106239 26529512 
34217065 51629186 89430999 13419991 
84768977 62825988 88827861 19743569 
37139277 42889404 61455315 21612298 
99021475 87593995 30382663 27476142 
72339774 66158013 15529596 49634149 
19623332 29611362 13687283 25209604 
45181494 22551974 52642921 39445704 
59242923 49013323 56216122 50002012 
88616208 7852396 97369396 20104135 
92446848 74090893 71130022 49675935 
71103610 23525125 42547549 77184963 
20153460 12325764 68611739 24002073 
41721788 28031422 94775865 47825355 
40623726 12668734 45886001 71555787 
2676961 85255542 4557418 76666893 
32596490 65546039 62546319 80678703 
41244184 10562919 66143963 53480868 
17095101 21088439 2223789 3455965 
11788950 11444439 45580300 51868722 
27917196 13607966 73408222 85870378 
25489352 17240815 9395872 57961518 
57659871 13978080 42438834 72890521 
96326630 30528763 10445579 18569719 
23883819 84976464 84543854 63294187 
52144338 80570721 70768138 80616234 
23979428 56425746 52988096 49598835 
83405141 38568182 64023838 95120531 
39085710 86476473 98207514 61951940 
33572138 11399764 89698183 98339883 
2122328 56540748 40822432 6282808 
57909010 52141565 19409216 50104825 
69917511 86088095 80961829 62998536 
31952121 19933860 32163842 42641005 
52064852 35196412 18537870 2413958 
7835218 36027522 20317638 70390628 
64051130 89532735 55002214 5125429 
30252366 2044119 7420087 92547297 
18212591 24922144 4661037 84701930 
11687675 85410490 30925739 88068979 
38236191 1114686 23726552 1240178 
55217810 6021635 42917015 31466153 
80202829 82418303 38612240 66950854 
14793379 2922841 47245347 74452617 
91148219 74791857 19907065 61455415 
53262808 49297280 46157042 24343191 
67227388 37194270 63955624 99762569 
24017820 33538927 54519501 96396080 
42880655 24568735 36742043 39726944 
41851688 76242853 1173618 80065485 
48666013 29989637 51639370 85785991 
47692764 36090699 76104263 44852530 
64255781 71383667 77247052 95294721 
27763165 87030729 11341852 69606953 
52068140 94136502 6080904 12946176 
49901013 11588378 47861741 92501997 
35534007 1803702 9757195 20515690 
57933271 96268583 7771564 32874794 
21147718 33039423 18620957 38085166 
91494780 2280311 42734305 8190954 
40678644 66933927 88667810 83825426 
77456551 41658753 12785181 10434131 
53808605 88500393 73704437 56888996 
11814996 10991468 44615990 7378479 
1561188 86023650 31515457 14026124 
607517 33219795 14885818 80716587 
31968933 56568471 96536753 8070650 
59065103 57003129 95496685 91411842 
93191700 42790629 34483613 35487616 
52052565 42316817 70432615 24894151 
15083775 26282625 35584530 2576303 
42324916 87030754 39791706 55364104 
84262458 39492873 37529456 63710476 
23277949 83674727 44464196 97085782 
8323389 37492339 69158086 57806189 
71039078 29713803 87146122 14128899 
65256655 61413384 20294625 86028406 
79742200 40619159 21531707 62524517 
78652994 51413747 44479834 94376330 
37732205 26386478 97519677 74851768 
58499165 42178635 32220951 20496453 
34735867 14303632 49093302 5307904 
32336287 85900380 94731387 58362330 
23038061 30887177 14406641 90247641 
54791465 70849757 5751542 65149538 
81132489 76563589 6034708 86371473 
76478077 66332559 86892169 57215870 
75004173 56608232 31885569 78811467 
30291923 51998340 55210504 6223749 
66755740 82940330 74687750 76150017 
50641474 77296144 33924972 52060568 
34691861 63155132 97673433 28526320 
16700316 78268287 75746413 12859687 
57653158 30244943 84174555 99409325 
72717351 99210611 72710000 25470204 
16270235 9149273 75706268 65379103 
56533454 90346054 35710716 65480625 
22624882 2909936 8882194 34572641 
615058 7503230 16428123 88068390 
57261136 69210212 41946257 92257290 
59047494 28146689 73871522 9163578 
66040409 57752100 17855356 15316601 
34277749 64242935 29605173 5667865 
10897032 85417951 31771901 97165072 
87329041 92494801 69636661 48808140 
87692592 60167818 10142835 62886185 
96594179 75914980 62078496 68977676 
47660021 43906944 73014973 57248757 
7619857 91533474 93614462 10646401 
72453505 62800524 49645652 14041770 
86074507 13074078 54582334 36063473 
69251867 60581676 64221112 46353100 
64601480 71589500 87323965 75443786 
75868401 9900878 57584517 76151212 
61275252 48667350 8049803 74914496 
59791040 36532869 53092138 61483316 
237578 92918681 1630734 86382233 
20776271 64503644 69351991 32465955 
93135291 50984025 35353952 83232547 
94652584 5456995 85820379 30396848 
28772535 37348505 22368850 86255184 
24942557 36414671 2923764 99412470 
71228589 2688717 87798152 18588927 
65694552 31269127 65050206 3153119 
80875445 11524468 93703767 36420792 
83993235 66327854 36089194 90044689 
69980813 15440213 67653233 96085441 
6940687 14481236 72345167 84589840 
38131449 10951115 29052825 99894340 
95780871 88825478 70396124 38562156 
95422643 15860506 89130221 67411728 
48191153 50591647 34133957 32920103 
77947908 69389864 73040592 99124728 
58566621 16570955 52458585 13753542 
31780954 7947475 18163648 21822163 
3071832 75594434 53442996 62440875 
57937617 62912141 674819 36431807 
848698 56993634 20633436 15534637 
7092769 81451433 57584958 81954406 
55200427 30452029 35567070 2795267 
57862636 96528962 52732732 69197129 
88643064 3990349 77263179 41415332 
74642515 76619380 93184622 11499090 
2537443 16561059 75816096 77733211 
10140154 20034093 70078850 72078392 
31141472 27119325 41122024 18859247 
4621316 57436192 29870826 11891623 
33305812 7509332 8698835 51338746 
11149582 57004628 91278239 22688764 
14764796 11441527 67861957 54498483 
98103980 19125806 53953299 41343349 
22386201 99272388 40881473 67993951 
37806769 78930367 51990240 97395484 
3645389 91247191 61972156 53348238 
25780281 44259333 39218899 34309229 
9561871 56744840 96861061 88270180 
70353941 35510392 37262447 30416495 
74728669 427400 46402035 80691860 
22874251 71264446 38572301 88361608 
8323083 92918769 75627997 84637387 
34437816 80307409 66407853 24774831 
78185458 44551307 43096104 38319726 
82312980 48047026 74014773 43449920 
68281721 23211100 34736386 15946074 
49127097 96636070 80250460 83831415 
33099164 49355351 6269992 69582246 
99614657 98432400 43927651 15068254 
78839967 38415250 60795837 69755360 
88256311 84241642 86341561 58091273 
91484959 1229511 13327953 84942962 
67988105 87405858 15302413 22891536 
71662222 44838516 71940413 10328345 
33114984 51287875 35178908 30815005 
32360799 13744587 3008984 80607638 
91348400 43656859 81591984 21908721 
18602156 66723469 1167722 43815787 
90345964 65498627 49708245 82257210 
8183346 95934352 99993054 22502695 
93032916 41193510 14897377 38415815 
34978884 1963451 33494993 91039685 
31112247 11764180 74948509 21744919 
45682965 5990183 70651784 93410259 
48864765 49480122 35954464 75929952 
10356101 2674179 31937972 83853619 
85303464 84134411 31466636 79503607 
4647092 19440130 86435144 60016699 
77918137 73827869 71753803 10608362 
80028530 33035330 65048332 82786041 
83842428 52322980 23633391 39938253 
47324382 11268260 64129420 45414241 
2689252 75633117 8215893 88356266 
8599930 32530790 34689522 39819567 
53943985 98334867 8328109 46575504 
73557948 87983652 3040487 19000966 
43103193 61031543 32861234 66387700 
82131566 99454730 84745446 1307341 
18797191 7252293 75455392 66763150 
34752068 22911308 52335454 54391187 
44088518 18033496 53585270 11426743 
20635741 59797549 59864379 41182051 
91996907 15940967 56347782 41058368 
46185018 2794591 11800203 64764847 
75015505 18876619 75174872 51103149 
58567050 6015424 19941143 40516025 
99809357 29111374 11858090 37747196 
95371591 51125315 814343 99941115 
50703353 95972861 1584773 86748091 
55309201 89470438 89971502 23224826 
98368402 28518655 66986864 34334264 
92847809 79833283 42000779 60219272 
79330193 64526504 26481681 67227795 
81818278 97512166 1005476 86231495 
96748290 44169815 67653830 85186725 
63037899 93972202 99087717 61655391 
7696898 62265550 44509161 80077437 
38118412 49572684 38055167 16989850 
99026124 39907791 90626369 11080058 
82468149 27010624 54790098 11426228 
66648315 39508120 32383010 70492972 
75054217 39499386 68965704 96869444 
532803 2045105 50378062 99643092 
70650073 33867781 24571000 7971164 
28362076 79123760 43697349 44796511 
2876534 10864207 49661066 91517667 
48505567 30886474 76674355 68024090 
68394458 47416932 95380507 520067 
47757377 84228687 97137947 33298781 
60051194 7437970 48913632 7136992 
94963705 45198295 68866862 38932028 
77620206 42973875 24982695 93687630 
76629010 22878449 52859727 92571812 
31196726 89566910 48139415 68407786 
58941126 62585052 8692668 91071702 
25908608 84668545 84786683 38376122 
89476397 28610905 63772395 52707753 
53738064 2914109 49678077 10742875 
78487448 43600718 18262599 97734597 
92197034 44664549 27177779 88196677 
29775399 12506123 36703896 71088629 
648957 90123222 97342879 84923526 
9112272 50646742 20999504 15771384 
88093633 5964782 22089591 43952464 
36811089 15859083 16613361 32278051 
14292342 46690141 47016867 93156380 
89795184 33933260 63623683 19316163 
85893311 7740023 57731245 28945054 
98523798 7127437 49422440 19280243 
33930283 83424549 27787805 39336972 
7938420 33350046 1857843 82664089 
8352012 61884268 73885363 84354702 
1417894 67262140 17265059 57737893 
28713448 78340831 88811841 66877807 
82124432 34428280 95234870 72746799 
65304244 91406095 70050916 28106551 
22600061 64662071 75525756 89469622 
52538064 24371573 97606670 28031493 
62421810 14207014 50433178 48202678 
66264702 16430813 79879657 58055485 
34212536 99411524 72740435 19637526 
22418659 78563320 46667322 81924077 
46571044 71225603 82262284 90759684 
89247470 32393644 22758533 32870879 
79156017 72244972 36824861 33990709 
94365886 93643609 72679287 72788898 
33638583 12490642 94482949 31743202 
3589446 92118201 64094767 68384789 
26147460 97894961 71013448 51858983 
58675312 71156100 4202920 46704614 
80896650 63729042 53481468 96256229 
72668212 34534490 60589405 14497611 
33235668 71030350 69019395 50972641 
69892183 16769481 75374220 91458471 
64880993 16050810 46137289 449742 
59413363 80084735 73141353 53744479 
48274341 30239531 7473940 62150911 
92031062 11211883 2983661 5413722 
674799 87188594 63953836 91337422 
63872232 73969980 74207076 85846366 
47913876 43561460 65211568 93953389 
91086402 87305843 10971717 37608182 
87910505 6501265 59936371 12266963 
32392533 76340966 76532110 58117502 
75543841 64281503 37934602 86308338 
69520995 59399937 8242867 4898293 
9132570 41944971 28207710 47452831 
87329358 85657656 70457012 48128311 
56358426 65930212 88593650 80650195 
49031698 63340291 6152549 82332055 
65991919 45170211 4616452 48362034 
48138881 5117425 81247759 74415810 
48434747 57418196 7265606 17982545 
51070135 95025171 37463102 30050804 
23040689 6552085 93887739 30048907 
21449948 78992581 91319412 72685845 
92186512 95140177 3493495 40318557 
54563792 87075388 21038868 53016370 
78377928 30203181 72750725 64046032 
50434184 89141236 97705852 35623430 
21945979 5789144 82848474 89396462 
49642689 66181052 85929699 24582134 
55413678 93028630 91628244 60363943 
65847678 33601637 32906390 77552159 
55898216 76713617 75966949 12794138 
46328710 46343612 47192823 58279471 
71903945 86159551 88596110 72848013 
83288164 16602846 10462296 82553333 
52942927 14447034 5635915 7271312 
31256710 77938328 16376712 45379063 
68517433 70279398 30412751 46225763 
29513090 88421031 61921234 52827245 
24587670 42717759 64822096 82329100 
12986848 19396400 64651907 32723785 
34122882 50991483 14676348 26120680 
70667549 65415464 29880412 51922844 
18290647 76112660 17909592 25199951 
60069326 5965831 55979183 42289926 
78751938 9496962 3579208 46139160 
30635002 2061865 3411661 85734945 
23036766 88702963 71755514 62301733 
66321720 48113948 69499572 11964623 
25237379 54665149 74918712 61031442 
48363065 54649210 5961735 85789135 
67809884 73818018 36980622 49856212 
53587887 60514083 77485346 7164345 
19444905 29055537 35598053 70915663 
51898807 96224231 4794359 76534163 
48515200 40030439 45433191 95237189 
15099425 4551855 2331331 18620556 
47847099 4833451 75303243 46809731 
56421803 51562294 79816847 6782129 
75151261 28918495 80684844 80019258 
13995103 87983508 11848335 6565002 
16477768 31192615 90334022 29657263 
99515246 86078257 76530869 61311496 
92714124 3270527 29929009 59363980 
32480464 75740051 94236860 54693215 
97686104 77984659 59524994 38849765 
44365077 4786496 1707970 10742668 
25948265 82588899 6603018 82740173 
80843009 36968306 77395905 13816173 
31440689 25462481 79359114 92162625 
15990493 2068883 75187351 83112864 
80941310 30867229 97002771 43053497 
67453054 25387516 68887151 79861018 
62733674 81365018 15118265 8691423 
51792706 11074229 34940679 15602179 
59556209 25723335 16317260 97394983 
47210288 3896668 52914918 91519518 
22946099 19623588 40403190 76342758 
67698431 98463815 13390864 88536586 
20578251 40684479 1630291 67358056 
52361799 69105532 18638442 47475066 
39854402 97501622 32972538 85824496 
650950 24856196 69794381 92632339 
99017723 58804281 89124042 94786415 
52787328 96655604 33239239 90116309 
41433717 21984850 71713985 38265388 
93625353 60899465 4073383 30869680 
95790599 29693476 25343288 59807438 
81485682 28335547 81631785 85705759 
31309312 33728350 95602936 21201357 
1241566 96408983 36244885 11850150 
6605157 53533678 83873167 9864506 
20381231 8915551 96367724 17027032 
49379803 18496734 70281715 32000095 
43949053 66761122 76212402 29596588 
83051669 2255795 21778438 96540377 
21804324 33629924 27715536 6468186 
95187520 79037290 94950746 63981598 
23639956 53310122 89809266 13253957 
52532405 33985719 37407640 64352050 
27619790 52085207 4433669 67762676 
79308975 99984302 27259735 39083224 
52065239 37928946 90083143 48297194 
50718979 11762348 24820094 28336375 
42229306 75005363 85980337 35750237 
62528602 47868216 15659993 15551097 
66306437 59752100 9830062 28705286 
67505553 96142937 51761494 23384344 
86218242 97332250 76144869 20940953 
45374377 29588266 45632129 92292638 
80438744 27143891 5937426 46265725 
37807854 13856354 11459973 43445279 
88684928 45798465 75915147 4232560 
69720327 4562209 70652547 67739733 
23552331 87073400 22003665 91305545 
6749601 50892761 23009855 66174803 
8884694 7979828 12869881 60450291 
19048321 8123113 38840819 47424279 
93418425 56409855 96904656 35139627 
53401064 80634881 80997914 35304637 
3380257 45357140 89523532 78268461 
69391164 72828195 43737804 91039396 
62286656 39636533 25165308 98627511 
20872901 36605033 43311212 73772458 
58098256 79704623 81483890 48287249 
16497316 13349606 98732733 63236685 
13380606 56813357 99152455 87960544 
69028444 4252365 28082154 60145708 
70272835 48274049 90356738 53493414 
61277245 48760066 67077408 93152113 
45380949 5588866 61105280 84025008 
32301484 79928532 75828170 38526301 
35542996 6715062 13738862 31580728 
44512387 777999 24301343 39125549 
82025788 79540183 37726738 97842700 
22745123 63410709 91479148 49738101 
39492852 71212234 57263233 76862429 
3310790 50748344 81183694 48688420 
59585800 3531290 37905248 13670513 
17598990 30846921 39973293 86327122 
11333575 17849494 12219832 31754262 
7362208 21975337 87954196 90795581 
29754228 63988619 40871855 30285059 
45669268 8183125 65037429 17299673 
86937326 48974235 60513298 40767988 
6464723 590419 70455853 53058942 
75635071 15321538 90205977 81664 
30254388 4875379 57207807 58948692 
96445058 14337957 1865909 28644104 
38802819 32995564 1238009 82239197 
69345225 63187814 74514938 61171826 
79306485 1758807 27324155 66075689 
28265475 17965528 24969652 61249851 
35461117 69824195 39166686 12303902 
73937318 35978534 47528772 44887268 
70482109 30830056 77487931 50126927 
71141846 35414447 33695919 24112005 
24986788 3651078 40390479 1681088 
17616868 24148292 18121768 98324136 
40700056 24034981 84695854 62758780 
93258610 89360582 11258934 91864851 
94475061 97548800 38746400 31338770 
47638205 32389003 96790311 43467966 
47707393 54733909 87358664 16478343 
40541941 30316585 99681691 43245093 
7453898 59225639 28285679 93835338 
35389930 41100998 96592012 14552505 
16168279 74873965 78140656 15073391 
42809446 87014504 99620035 53125691 
47405599 52406795 31791326 27836825 
68853087 54949338 74375406 12274732 
63948718 57358881 95935174 25996397 
14578971 73524036 35199319 18005315 
47744887 41244726 76971612 4407753 
42598180 13315553 34833758 54264032 
41196308 5519422 69278301 40495506 
67936212 60683322 52442387 94205268 
21064738 12041549 92063109 78799580 
98992687 82204613 10936066 46625617 
73535278 66066888 12973822 36423697 
47183607 8246890 44621886 22319082 
77613775 4514793 12023477 81109632 
5262289 68706275 25401611 22593200 
82301476 8965721 33915277 12626313 
79469662 1836837 76758605 40998733 
29380244 14641300 37728600 91512821 
26357339 79173438 30726608 91418897 
83066589 48588681 9605542 18142081 
2738726 55057723 92151453 75728659 
91228992 40354979 79497472 65572689 
37765927 22539625 8760159 53956303 
76403361 59486104 61417722 53185221 
30832199 67342000 16145760 46141399 
42752326 86277316 71399301 57333976 
69885375 47886102 12914317 6709036 
43204423 15789976 67091252 21390091 
32741595 28685579 21865667 78793028 
74441847 33570733 91392701 9683988 
21969677 62453273 17725199 94404349 
60778480 46415135 29888416 22257094 
65474427 41365964 22240419 73939715 
58281485 50920572 91755725 98119939 
5832120 21517010 6165756 47194346 
893626 42546072 98628229 14677738 
31510782 69194958 55079867 4192400 
84462067 58794184 90800186 14997987 
12340034 32984698 27374326 74913201 
70839887 3464127 66183325 7547889 
93136291 65083965 22144569 5767506 
53128547 21868127 93147135 65272445 
85647511 74753678 97776103 42667937 
39394772 45578219 19216793 66727093 
51736487 3247842 63574930 94040114 
61887821 85598613 12382407 60094510 
3624538 8738746 88301186 72656647 
51042962 17496294 55349071 9246669 
13662311 67592233 30832882 25883228 
97633731 75681577 16161284 60978097 
31440681 17798306 86125 73926145 
6060407 40771943 29360387 91401363 
82571303 67571010 51471762 44139826 
39453018 66814962 79126403 79205451 
63096975 80914942 24820709 76814112 
20857616 57365604 32991318 19822791 
16288507 56613481 49627692 84002074 
76135024 41093346 50903696 93002216 
45308768 48270325 46947793 15659729 
66531156 60876674 31253617 6863025 
47781869 24114757 6631133 22497612 
32623286 65624806 24145009 72206262 
31802546 83041823 74781689 49106016 
79588674 43047065 78769012 18984501 
50742948 17709540 27748540 20919436 
6075265 48434615 96371176 81796550 
86984882 49667550 32977343 75844500 
79396252 75225370 35566164 13905543 
51332106 78033887 12780987 32808332 
41528765 75400654 18322115 32229328 
15092268 87492188 71447150 22601227 
7061353 5302085 96482068 2222039 
95147975 41604032 5270369 71549444 
87239258 53809017 47253488 61129246 
58735444 33380564 4075642 89702851 
55126561 67559326 35427141 37062892 
14438856 46083281 73465558 72412471 
3063672 22286436 5633321 8943753 
96103608 87060737 6011675 70177226 
20399252 46986569 65863910 782505 
76888406 77819598 68565491 77217225 
82768892 97783306 55984480 38666373 
88369607 66005111 70623515 98654581 
79504927 79290614 62739527 87016214 
44442726 13528797 75267043 2515976 
272443 20240735 33470329 21383944 
96142551 75564116 45927373 66599857 
58932306 80415864 98390175 933459 
30707601 35670163 97503597 58877874 
56035729 64503422 16638065 67229258 
68930378 23522858 10927941 98309018 
45891758 83497357 16956408 57447751 
83247873 852293 50699885 50642211 
59405190 48541529 86272046 67200705 
75152765 86214682 68548107 94103026 
2833061 44788567 3063998 78823754 
27204679 15196580 61279564 69346961 
48708600 89678414 31664962 96380896 
6966402 63679705 40266705 36116293 
50483367 23070696 13792491 52510926 
37785127 65290184 9035802 46586051 
74917182 20535987 93693188 28112423 
10568172 37233584 80053716 89452777 
32990106 62442158 11745837 44454388 
78854652 5812661 88868646 85854691 
37490363 4011725 69218896 17494761 
82035369 36991136 83628621 62304009 
50407277 68203019 50023519 78709610 
43526528 4826665 98210516 89058545 
88517183 6625105 19749370 65000465 
1610414 96188343 14943041 53785168 
80802797 68985620 26388027 87128652 
41291329 29985518 43665841 52014697 
89746993 64885567 55402574 4265332 
27129585 20652974 76229254 85804730 
75074244 76180394 64991963 91550291 
1830334 95804962 3569698 89053398 
42607856 63164979 97864631 79000478 
8865575 13249024 69857616 21277244 
90648061 6171923 81520279 79051569 
94294397 93547923 52656803 41544097 
76064663 8671201 34662256 40908031 
27029417 13554014 15513101 58188768 
37158292 25529590 63646212 24811780 
73050356 37341145 45630131 53175742 
17710743 33966492 57864005 68859813 
64793478 69036834 68025104 19420192 
65725764 35830837 25978012 76684846 
50488 41681260 51137939 57940556 
60364013 43081468 63661999 71517561 
18851677 90998248 67096471 66433467 
43690251 48662472 9673090 21426454 
10443023 13363349 20460012 20962521 
18394566 79295861 14538380 36701613 
23492906 49866670 49963713 72662241 
57248781 69920762 88928687 8101746 
39977942 51562498 98319651 50249614 
78939334 54004325 95800110 96899359 
95783830 78755625 48500548 53915925 
7861859 89378386 56611801 31390157 
91792265 20829807 36377266 28339444 
44061449 76002633 98531915 75198061 
21971982 91798424 74916719 9723061 
98006041 93300650 11205880 70744363 
95348932 74546732 92023348 83425019 
66630299 10746593 44784316 73652435 
37705095 51309453 42399258 49692288 
36498801 67128553 28022298 85268329 
68468523 63036328 6457135 87577046 
77950955 36007552 61188585 52339221 
57488488 12450044 40909826 70816965 
