50 34
12607415877 17027084807
427562252 7485486948
2823114157 6186601458
6022047098 11912547732
2114200905 8606002854
6112544214 6805530598
5101724949 14760898873
10083865759 13354063764
5802155843 11854711385
7644337661 12367937970
8471343331 16564491235
1799797508 9319506838
140694550 16227817828
1294151733 8033455833
8113963339 10693936625
8208272615 13305963711
9928710558 13099783706
7387357123 9793468488
12780406578 16891750462
4230862961 14897620178
5865596805 5956299321
280149202 12923144825
12695073635 15593157233
12036719253 15825992848
15012641440 16201360630
9944427539 15508827249
1247570649 3498691388
4316938363 12487553948
810965205 14777916006
790496470 8356742592
185324469 17105597219
2719917794 7470645322
741987301 12187074119
2948768898 12117607377
5411228690 12649935716
10803089322 13952833966
2865255789 16637090865
2470278264 9090905260
13171820486 15799285863
9417264443 15096676484
3032657131 7741585496
8310668011 8542577429
273756050 6270058564
11531438079 12298099947
4408324105 12683602601
12768590837 15201415041
2293266024 8229182761
8602113321 15824306112
8483461049 17009375818
7030847278 14030150368
1217298 99647468 94685167 88838438 
21160417 98678641 18758313 70520074 
26546913 76509653 39050954 50157336 
98671217 89939471 31479722 24311138 
95978211 61780168 89333341 79184971 
79409973 6814661 54923527 76573397 
19219998 25524983 37020806 24170029 
20782584 80638409 56999431 49100073 
57454573 35006133 58395715 72423418 
50223834 72494822 91589085 53256597 
6008948 99379340 8342825 65325162 
91375165 72321430 10507437 74925110 
68021232 29268864 3992285 6313425 
2988899 95953755 32449351 87585512 
93449752 25129168 23941767 88415549 
21798645 16526569 41720694 25776959 
24510506 39370037 53105048 18517131 
26573737 16403683 32620168 74082295 
82324488 27699297 94308282 35358547 
18614911 74329213 68781657 51314102 
53352987 17477037 68195651 36135808 
86218762 94485913 18090921 71969723 
74242296 26387017 94048728 91666047 
96473333 69973584 99178580 68441497 
86599303 458732 50885604 708226 
42726706 4330630 59790539 90277098 
45306931 91471591 70456823 20787464 
16551323 35105142 94920731 17856359 
79994507 59880083 42525206 57774773 
96991502 62845830 38459039 49356287 
35962761 41169193 69501514 88292359 
52302842 83744049 1610822 51175162 
25179801 57171530 61297611 59263871 
16818984 97677931 67901951 77075349 
39792609 24631474 70044960 57892242 
58560691 71746021 44338326 30547527 
52222526 27844933 81086288 89689900 
32620135 84809066 68639513 60389888 
49937677 28997650 4189009 20194070 
87667659 60669403 75140888 87008698 
70670868 92492405 83159443 29533876 
89730702 75706573 91958051 68079578 
94375811 24421929 24250524 43389832 
18208652 53592667 32619123 40346011 
54035263 40537738 33617328 62962548 
87269042 1960676 42740329 82318853 
24603075 1504609 84855167 83596669 
16463570 17984329 74433176 8151893 
29877521 80305091 86835339 36053023 
67291337 83618307 87240141 76426702 
98612093 17399240 56020761 9861254 
30618488 66763973 55117087 65875375 
45574150 3736587 67885116 48862908 
3369635 59020836 11726184 96928276 
54001163 78059769 529606 30072930 
59583447 79550966 43061165 4187697 
17990803 99726669 55506061 78600712 
19203908 66632595 8721848 803230 
49543424 49036277 6046963 48424144 
68339605 1700555 96954835 5785945 
67803088 46630384 75684413 52299866 
69408828 43561988 89222215 39708368 
38244151 78709799 23297240 82372609 
86892534 75112729 36784571 38193928 
35275043 9073815 22569027 6484466 
56750878 61260892 97629587 66852368 
14945234 39913923 76775064 28100385 
1443952 29987891 93134673 40348783 
60186905 11933347 80929034 56575897 
77174241 61414931 64089937 75391018 
62564903 12063013 66418347 74283532 
17814920 24189995 62774996 62958514 
39744315 55070133 19439411 40261811 
73227227 58441475 50591772 36052146 
17633221 71209354 39348494 18455364 
58374911 32154512 11426715 95898420 
93152862 18210128 44199505 49140423 
91967885 13257376 20058865 23918275 
38417436 8498500 24136373 63336332 
23104271 29840938 68729978 12364285 
78125950 81600085 26312193 76063885 
31923826 54783301 75882804 64250173 
91144424 80474378 36855714 45482200 
21532992 24509593 34414226 99587462 
1329225 94830913 80322036 12827107 
40327816 42067741 73564296 49277297 
62456570 22563357 12630106 40670033 
81620703 76974115 76575185 31072612 
61381706 52148633 4751376 21445997 
55149466 7349868 63159843 7680922 
28185722 99112633 41918798 60414657 
94884395 91090149 62780470 57148498 
72827951 19207187 24940651 86184505 
69702893 1359175 58209790 24976995 
15420090 39596614 61353198 53429628 
42982970 63781483 65424325 71409464 
47305042 98367291 46323535 52326332 
79273144 78606605 28586311 63853127 
44358409 99957225 62862304 67233243 
42203711 33308809 35298100 98432532 
49569986 66876869 53617018 7478050 
17288591 34421077 75337959 96646578 
1052454 26128807 7527232 1320510 
99728024 16135260 85775798 40456013 
15051463 17908817 49377066 69801703 
78388787 40646987 3576896 32754916 
38174730 47228706 74784427 22435903 
81048981 85172393 78170878 33780049 
68303114 72514709 98248705 84921609 
49867145 14494121 34376351 47856346 
36944857 54764364 85192497 42526654 
6184850 79396474 31027527 66633079 
67659112 81373281 68915550 71729872 
71276775 93218062 91986673 6901362 
91600736 29693620 9162148 4469693 
16524440 43257555 38578674 53046569 
22201464 35581422 56926848 94659384 
16239096 34607532 92813418 85208776 
98240442 77848300 8049287 96922048 
8907163 55495180 4434166 8972179 
55611446 83025074 40770732 83387053 
91249563 68279099 73737842 87178496 
63064390 59857553 44007568 50100593 
65200061 1673321 96461624 67699119 
24292670 61611655 9135394 3327073 
59468450 59622851 70104925 65347699 
23356509 93858185 41889080 17346492 
90403144 13769931 42851926 92566527 
80863455 79638938 1080691 29766608 
50715898 50942840 75090835 78600259 
75888112 67953633 86124048 35559012 
45880409 12584089 33418789 25539588 
70360651 51927336 83587903 96379429 
40545170 7858538 60154225 95222146 
52457820 80474714 22445317 43691660 
2068105 65821988 16242805 84696995 
10932574 82966655 62978516 11589809 
7174846 54934036 52175387 50921885 
47197358 8887042 38583782 25922208 
59395275 61895255 52882336 63494282 
59130203 83580405 9007712 18105892 
22676173 68973846 24276512 30383708 
17047990 66539989 10893321 31895829 
76022164 99094707 12980641 21802566 
64570893 18061612 13980033 82948560 
21180172 77508766 79199294 6863104 
86293833 14679542 66462128 59620933 
34818255 85702909 57824065 57774224 
30740110 62118499 35541804 56472209 
71564102 1667785 5179747 28636718 
79022191 44550466 54548084 80690464 
65883680 12499213 9956682 73371606 
13261477 80595831 52152208 44506765 
7022157 31947043 13390644 35406950 
17831227 22613505 66239832 33524886 
18873289 26113088 70706897 5594850 
43703195 88559399 13000764 47913347 
41611542 48263689 94468240 59005797 
32267646 6244640 77053558 83160941 
20101899 61266168 42928045 91414 
72265164 70648415 78537268 83294133 
57423561 54034952 12337318 52349588 
6390831 65133556 15222894 33895942 
2222904 57800995 39039841 62243856 
26093697 12351668 11865987 6859908 
69593413 51203036 87714501 3777101 
32392577 40488460 53190014 60585985 
11183011 42426498 75466610 36177340 
2823741 98632853 98369161 95936312 
69226400 64929959 85987491 9831386 
58567391 7380398 47438069 77231568 
26895308 18082164 55581337 65984556 
11360052 90474271 65492846 1745234 
96731236 81114366 56887904 61356096 
45725406 98736179 59588896 32759700 
24561972 14884593 12842574 85305613 
60819039 67420673 56687514 3817454 
79514372 59150618 81869024 51639235 
63093185 55447109 80410448 85183996 
26867147 79117627 92636524 22437336 
96907259 88109470 80830396 30591978 
80290308 59310692 11654842 49034693 
55564885 95597091 68625853 40154995 
1318150 25793354 85108674 24960891 
42736454 57136447 47800091 3770622 
74185658 89670081 10807603 18000875 
21243540 73582104 29237519 97665049 
16309288 52328037 30843229 6922186 
56605729 23733803 41742623 74885384 
16231565 24350519 86921851 59339225 
56876484 53784761 52259683 19873091 
45963141 85334041 39737840 60515753 
56933972 26621546 10268227 34130135 
12231178 20806300 58981341 80701035 
164909 74667561 36299603 9930359 
10239578 11133923 96670486 2018115 
95710456 55181244 74029264 31597909 
77312239 13220055 4616428 23730446 
43301602 42436513 99747377 9883378 
78952223 63231729 80868830 47541990 
28382274 31022367 36747924 94314382 
59424548 7511392 61878274 79277997 
30379550 59938122 68931896 17389514 
82396573 37083432 11861932 19872766 
44159268 63926659 53864648 23856058 
79566967 65907464 16815500 2877584 
42965272 9683697 45798767 46817748 
73560516 78880168 17724390 56064495 
74762777 84697547 22575137 54477758 
93923124 2252026 99865752 35510568 
44432274 73070982 17704870 38620474 
48676668 83972231 69138308 64704174 
16156445 55934816 21418545 99475269 
82197093 49448542 95001523 12441774 
17999996 25555317 8385441 64714440 
90283518 93677625 97975788 92487099 
33826539 51358646 78985916 5836023 
34343750 25340808 26722827 14713087 
82504790 54996474 60322440 29224684 
35226466 90109953 84017811 97676392 
29581568 90614241 52293360 339966 
75063028 87999308 72473525 28148999 
86042989 30199303 22471227 70596480 
10759115 70419048 98850368 57621914 
97100599 90454312 88332729 21998092 
52200778 78796494 19984194 87980720 
41561177 74738725 14604413 48225558 
27486611 39543580 79573794 93052087 
21624636 53458860 47551169 38164856 
60105933 91311076 17364520 85481848 
84478080 53971528 31256732 16892806 
38027324 21063676 62412944 24883593 
42464274 43013669 60798630 92768619 
43031885 11282562 4450045 8081810 
1436411 60282031 49251705 58873172 
30949887 14078954 63030530 36362563 
46424736 69951810 41200140 70183351 
7909159 61105749 43521910 84184534 
12060922 41826198 69481522 76562943 
80791334 96295603 25243501 83105380 
90824335 68757216 4825077 55508936 
38611204 79333629 58291812 29843029 
23767943 58069831 39876181 80382102 
98005538 23504676 67211512 64370546 
39155756 13132282 92815692 44807981 
52945652 85033829 21431359 74826046 
93728338 6648779 33326453 21429830 
93109828 4870629 6602176 71802729 
29434077 45020411 11974472 22099952 
36198757 28940661 77998360 5070957 
52075975 87141455 54771917 57256879 
71103648 53189601 85814638 46798178 
83413023 39990583 56460708 97020323 
17904371 62901872 67482401 30961296 
11586267 15540502 2380573 65422637 
94058626 4383379 96872318 31467684 
1796094 66643938 95204599 73998086 
96514140 60801211 30473636 66610570 
61794956 2985016 47638333 70078463 
19078893 39586939 63312494 78618216 
50738561 37142620 77297049 24671285 
42260893 96655182 96545356 55805708 
11995382 75692487 6375781 34535823 
33514232 17721891 99531430 5882669 
90136851 73202439 95924509 68913893 
39467911 32938208 64993596 40572031 
99503168 20864989 6965080 61150528 
1194633 81340768 40574014 4412014 
85098444 44971535 96927079 99453277 
7677581 50909508 96382127 68966283 
70838993 83683785 19603889 26547451 
33932993 52072543 87278232 5146152 
34987402 43278762 55605108 78828912 
52523131 12310874 97255946 12898301 
73772644 17573324 37659867 48066213 
87751898 6100658 5736593 48065919 
10459307 40503870 40089247 52142717 
32316610 4309168 13418725 15889874 
19801875 12194304 77355416 30192308 
39958672 98199634 91656920 28038801 
82668675 15980567 43659167 4814329 
55104942 50101638 25662859 96961510 
70184615 53416006 62358183 25570624 
95173075 48482826 53142522 88485186 
94934711 61390398 73588351 55185010 
48449443 86502882 91512264 64258892 
45286726 78767049 94903250 23671755 
81800662 96168195 67012076 53604391 
57891725 65114383 99290144 3193562 
36701292 93933068 44049122 16447842 
72642565 9739249 6966377 29676232 
66044576 72420077 20286523 5121627 
45659523 1982003 47430135 38256538 
22023512 88571407 22753419 51650403 
98779900 27921887 93439625 58139793 
73499529 10811349 52993244 63401742 
23868461 51192852 53757317 38508489 
22724204 7461890 41716595 89581022 
36648238 45001201 46281961 19548514 
29001135 82738777 29925814 17506359 
75928275 63393368 97999028 96782205 
55288159 47040966 43338329 79278258 
12459284 56585119 83697036 33003145 
8978487 427918 71526055 89553543 
37531245 21157307 95299051 59849696 
55625587 6387813 91847871 43750579 
880795 17441193 12260896 40986695 
47228795 37678341 31030978 20308446 
48363268 83428220 86606108 30988782 
28723964 67723782 62887291 54544798 
56823355 49263787 37063250 327938 
7169373 47915586 7229693 62102612 
78403320 78720333 81686186 59115898 
24700635 35755534 89362203 13128817 
21862965 49651950 15497449 3675721 
13902393 50434026 18230755 34923363 
77102283 19232165 57805732 24578680 
28102699 94269088 63129247 4149309 
95069276 4460185 2241565 91654754 
98613130 29758084 50132503 42875783 
60528458 4959204 2764914 16160406 
22131543 86515584 53071991 45154709 
61713935 16500268 91840526 36543420 
81434474 93691316 47378342 55768958 
92565173 11524181 92350736 58237272 
58341475 53354040 25426673 21014474 
83386603 76387420 20411867 14698023 
310350 20122593 8734748 49679117 
40684048 73745166 74753809 58641471 
13069816 70987389 39185575 22385666 
48443517 10508326 3755883 3765074 
17585873 96793013 77453379 81781920 
73137183 90075623 73470410 55271990 
59127972 43143036 17628229 66834523 
43763443 51077063 78829196 49015472 
45940755 47914476 17946183 35922206 
4288164 34815206 19718098 14264142 
56649936 37726879 15860696 61745141 
59164286 18418402 17091181 85226420 
87690373 5853639 32208058 81932060 
45382657 19976183 71098289 350014 
51814910 68497693 83251914 90204920 
9468231 60324030 5238846 90932082 
32691122 77347907 81433843 38017206 
72622349 45914381 47323237 52456336 
44369786 34094760 72950218 7415069 
59879601 48652265 92882672 2003917 
64951720 39011642 84400673 75813245 
84115091 63261091 51806652 23508669 
43891584 90337850 84311671 98594751 
80791413 51029071 42114555 90156324 
24338355 72129751 73518633 28056401 
64271064 16891571 46840079 41662260 
2351642 90190894 23777110 6809830 
61515428 16320489 68306364 11146064 
21162797 32273905 53289871 32193037 
53535287 63003351 744204 85346200 
29276897 45442291 51554785 62617523 
85960377 21874853 34595805 21899388 
98340574 59207457 88341309 34368506 
49857200 45536508 46297364 30182407 
12624406 93214136 11992501 91779515 
56223708 60846317 47205097 72280180 
78743687 14150413 86215819 37231937 
49389986 43764440 20575331 23364937 
81881352 97811399 62562348 85041785 
86644679 64364274 5160707 98163216 
64917558 83500177 11727276 38375567 
93367727 79511984 32379839 10492814 
94271948 93912824 31587570 19606602 
42250483 61433742 59068857 58771778 
20700114 48851261 21798402 27774687 
81838890 56119098 54974988 24722300 
73991086 23056231 18266664 12702063 
20119464 74048262 56166067 28530080 
19844693 84196081 36286590 25336452 
84245033 56598362 47845656 95958529 
2924797 71694420 97996643 89902605 
84616520 9061451 63966084 34092960 
67075599 4519044 33219028 97806842 
28331690 76481303 3379536 75103316 
83007334 69615343 25647315 22260764 
16728010 80680576 51440561 41760607 
62794666 19224910 82976534 5466316 
190338 8248645 74962961 81174321 
23832714 66161051 7968000 35866971 
70949975 74929953 563748 63135069 
2271737 28889034 19790415 16139188 
1853772 60579890 70631357 55564097 
35251421 75160497 34649268 35143476 
44226995 26455092 7245560 91914403 
15828555 55118946 56277081 39613552 
138059 83568679 1378301 39538591 
33425105 85360661 24833292 45607930 
49774570 87694725 61129287 51513618 
42963018 92657899 67544379 37988942 
37585634 26723311 21632801 62159197 
70250044 54751356 34286678 47678815 
61984787 70229402 81732342 25274349 
4349896 46182919 58695528 19397940 
21084420 23703096 14227138 90958725 
99317125 12534149 24538440 75724266 
49115514 95647453 81657642 80518328 
28142220 35156044 5038078 10337062 
663536 96072369 53409100 5005609 
1432442 88994500 81151819 20633200 
30145335 55595339 7177397 71737396 
94015362 20144603 1242067 17613749 
13025490 1723784 51666455 63972222 
72503733 53531177 43328438 65442533 
16666115 72559963 21381873 15289803 
95656082 35563531 9057068 96646578 
13984111 82987881 90086344 51573878 
43753121 12407302 85465256 69575579 
49036786 65820125 1196650 76764662 
57658712 10599731 306400 47062563 
54169211 39206761 1506340 4148425 
72269206 45937259 10218125 6968217 
47867437 1633121 72650203 50890844 
41702635 92591433 14742430 75549418 
38707302 37891019 43086133 24667433 
6756949 19269155 71524569 47321442 
31139362 65269982 4262461 5598947 
95270931 60060802 59879333 69764328 
58463327 60566687 66860382 81838237 
32695532 80001602 36217814 65421460 
97632648 58210989 61924839 33351925 
20865421 8169623 87159660 9606980 
53690778 62349901 94621852 2675561 
43631220 57818295 26957583 31568751 
56997682 47999700 69544708 8502464 
70554906 36852075 45698615 51718135 
29485416 9619739 5741884 53349080 
73900935 38944206 29307199 99672196 
22731225 73809952 36723805 3082251 
72529722 97384742 10786256 42890630 
77474310 71197775 68742827 11054563 
93000450 56260330 85963548 17262506 
5660651 79214218 98871889 28410513 
41874193 53180139 18236953 79827111 
66367672 3274706 99250438 40367306 
72102150 66242653 2886563 14663136 
29429408 60889319 73656788 18310895 
88719400 33835345 35109387 21337630 
34248003 29667788 37553306 21231260 
30332005 64903625 30188962 29498992 
954769 40810212 47536239 88937450 
48736048 65083552 72915940 74651652 
40197340 68932207 69303938 1979340 
67249849 77273155 5235140 78805211 
5784636 68862670 89880810 84738345 
11162096 87476994 35148323 42208271 
41945734 53858163 49744275 67425088 
6159563 18154677 31374461 82358411 
76474774 24370606 6601045 55025153 
43709437 36957362 1023858 15157310 
97741461 43505253 75683836 7054390 
29398073 29972175 58910662 62017550 
41797111 33774029 35414258 33846372 
26879174 84087787 86057382 34244433 
52272503 80085894 62371416 25882675 
32870562 61982333 40273856 66301380 
13207493 64654231 3487641 52020689 
49866082 31081588 81924913 39690500 
42889801 66278942 59654300 37365183 
60508805 92553338 27942998 49254735 
28775837 6522529 3756129 93814475 
86701196 14455785 93968170 53285203 
35354889 5347236 44233292 8293662 
9825449 24811413 11491733 5535871 
92311708 41325654 56364802 45551956 
41636581 35885224 45364438 75844420 
53613384 50494333 52548601 40085035 
45055750 98940451 34044476 98360430 
43642368 84848539 17872086 43037811 
30473034 83201248 39119658 92124665 
63036224 95804987 49968292 54341436 
96564452 14508190 19965380 98117533 
37230253 65766194 92170062 95176765 
63342841 11472001 263208 35616902 
20315977 89264672 92046266 71888995 
25582915 37702923 96568484 1102419 
9301625 23189542 42893323 35708785 
42167304 86235244 87592309 59436788 
31622557 88707792 62002048 77504726 
19852492 99248612 16118780 30146445 
29249753 60566980 65680534 77406175 
11135675 99918234 98997392 43258664 
28727847 52539841 62661670 52993568 
95340990 44693898 97011085 26638717 
63029108 94975578 39633712 67476954 
66642185 15800104 44388651 77584168 
34078072 9900733 29030988 33111100 
16922216 87801414 35596617 98888603 
69164119 7512659 50355905 14946608 
58187343 97471258 28405804 83590696 
74813864 28410991 15484948 5942167 
94894105 42214981 94974861 90879187 
90256814 14101087 26680984 73465726 
84338616 46365833 58291297 89794286 
18425081 43692872 34585140 32207313 
31059089 34508619 85918438 39193572 
65426848 61948864 46566934 42983163 
56941630 59111939 60664732 6733519 
73208555 29139049 47219147 90693700 
36825204 98241529 47378878 36067269 
74400923 5089072 28527022 51266390 
35947270 18911106 62134613 93490090 
36336070 97259147 41502114 31197670 
78518380 79571538 26622605 58121053 
77003344 13522442 98959310 29831389 
21583700 14528281 77033427 21812826 
69718460 58139532 70231973 97662525 
67440305 26794361 21523333 60075669 
93763856 31994174 72628939 23598233 
74229960 70477154 62402238 25896295 
24533335 41616577 83211194 39589935 
87990148 72110966 50255679 79832262 
36104427 17129907 18769389 16795612 
55231971 49168877 94479496 16543387 
10195760 54440908 47124223 82382442 
43363479 10068560 97176235 83445458 
33304576 28844538 6570458 97419423 
70110003 63842746 37476726 39223193 
45449259 21137991 42903768 51376057 
442501 3030116 97469626 571504 
78960445 44454976 99855629 43079139 
84482900 18722816 54910865 93988430 
24485734 70681006 70165420 52521251 
59420669 57907046 63854214 80754817 
94222379 99501516 19355560 34699948 
11386666 80845698 57337469 63138836 
7828786 73963991 97157596 45343940 
40488960 53021819 33832024 16864043 
61694633 4016722 82959762 27533407 
96845874 88983802 76777904 8659203 
73544707 95921042 59441829 8977239 
1918861 43571469 61970143 17723277 
29610880 39572415 16777759 36538050 
64671878 60603989 77336114 57088012 
77519753 65017914 35276167 91275801 
96532417 93873472 93486831 67739646 
97729595 17541607 84789949 96932012 
91418663 21998440 52090593 52189505 
50144400 39011064 95633681 11146285 
22604293 15356022 63922400 23637555 
60321636 33760952 68569319 98414301 
47648509 62479126 1523551 71509822 
20946007 17873655 12127955 56521838 
17254158 14493466 58100903 24623465 
86381237 23140260 40188128 63522001 
62881391 69899106 46521283 27542127 
39343321 36156504 33849724 16457079 
5988293 7541530 55244686 69221647 
41988872 62269145 76166245 46940409 
14981415 23198051 12299851 73697190 
53587053 72912531 36875180 42766156 
29226503 762269 21625578 56180763 
6110441 85813692 61692936 72661854 
97275783 9794736 56950553 91305173 
78534267 56114586 93055424 45848596 
74922036 93655398 24341680 81907912 
15942744 16865334 59667214 32068218 
76513816 46191246 56393535 3092238 
14513505 39457076 23168113 51622605 
3853960 59319951 66125021 82845915 
93173064 50385239 4061168 92290824 
2592526 95933130 66083579 5091044 
90446594 60509730 20729366 66805762 
15998530 61921997 1506443 40040675 
29065742 22364095 20882669 34603908 
51022897 89195926 86792665 6429954 
92809782 95712300 49895086 57596472 
44217845 39416685 41584557 22925310 
56030340 1254231 97082555 93609401 
98357825 3041388 73687210 92290493 
57972590 9293090 11871636 55609502 
96748167 79791127 13186865 31484518 
61554256 54735500 32121041 46376919 
33679009 25222180 71716441 61967882 
93087405 82137088 77626625 3740715 
68040744 80338453 12017977 61613127 
71650363 83250309 24357276 92386753 
69142135 37827725 736725 75809723 
68146925 15359097 63991332 72570130 
74939780 11298418 55128412 49214124 
7552906 80672194 21816894 71732958 
51766136 68550117 50261002 58149610 
10383799 32280793 56091917 61396452 
76039550 49970933 18306933 833624 
36149382 34666433 30371233 89284876 
92447201 94770567 10701070 23795613 
26784816 26089069 52675358 30116204 
94101211 70214695 70591272 91294170 
43662670 8718433 5324225 40513660 
42702832 71773376 98952841 96794310 
23294928 90282508 52970698 79924241 
8903426 61975812 84683570 71775015 
12200586 96644526 33476815 12770318 
40031186 99187633 14569935 44395421 
94158723 6996832 21853794 66411347 
73739156 22777529 12621507 80394019 
14236352 37639536 42756941 45324353 
46938255 37874872 18702861 64941296 
96992044 59505517 65401447 95788352 
4169629 11304220 9868721 60793475 
63682073 60188993 97126753 71530950 
16144922 46607367 25241635 98977729 
80760376 97029350 45467792 20514601 
2561120 32960673 15113730 28460219 
86743533 2361620 31471652 87061630 
84227241 4009142 61408780 19813482 
64313382 5642024 70824480 74420171 
96061982 8390101 84486913 74074871 
25616877 94680138 55761894 73441944 
51188444 45754971 58003605 37113765 
39404698 31047486 36878547 63679529 
80725316 51236676 54323045 21073124 
13831794 32952812 54446278 56676704 
7374538 36349840 11151697 33389199 
76364518 80751448 50578698 90871017 
47399742 50322349 11032101 57960508 
11918765 67899907 77972897 68291812 
26152617 32607243 32192350 65700054 
49302613 71291222 96378966 96302927 
95078069 50592792 74442293 80221755 
70384873 33408861 49183778 85718648 
24117930 4585391 48146047 29456060 
42922696 86979652 20783952 346308 
51425920 54136314 32570849 91114387 
50218546 68610050 93022035 84571402 
44606630 36321955 62704321 58442975 
93373113 83923135 88157557 16273536 
5359030 91004082 87256828 85403173 
79666372 59369417 36798466 11177962 
4852371 62165009 3184592 93499904 
61379552 2917656 34104321 19795569 
5045222 68591854 20947421 59379716 
84359969 53290535 51159911 82329230 
71687787 48298000 24851292 3983922 
12813286 99685825 95511747 63985360 
83775734 32255744 62676296 52417168 
25471597 77420316 61048942 84365863 
26592426 73460456 7810517 28847869 
9521176 31358264 79428714 21225790 
27233583 429738 87219544 32629999 
37687260 35728257 91443771 67412804 
9087296 92740313 68264725 40654848 
27828167 6231001 85524611 57020530 
92159746 26769669 34665354 3215670 
88270245 64394609 64162492 84270913 
32336091 20924158 33694918 91668805 
49662074 63256535 88637119 25961190 
61791975 18446331 38675997 10040224 
36314964 57380972 52736500 33943137 
32403363 54888277 56250804 14890989 
78963784 71553158 5383765 96992337 
63007458 53459406 98282507 10667189 
24725012 45287929 19708245 2735465 
1442698 87935467 9736726 9376298 
67922397 85060723 98513948 76624481 
97258607 79058989 55449785 41904773 
4828300 13918902 82563721 83885690 
17832805 11089426 40971088 46175280 
58947003 15680062 26649947 34151967 
4541716 53514954 62092210 14331231 
15496628 97529247 87554274 61651537 
80790017 80413180 725852 33016575 
41779333 97140206 92703385 1041886 
65980869 11171073 16998201 25350197 
762136 33481659 87946125 45810947 
45714810 37515008 39236543 32847327 
22708016 70243094 18932887 90522028 
97030852 67675031 3700796 53100124 
64240972 38519071 94829594 28952192 
80616688 32608249 42714250 55860303 
25806420 65507424 9017134 84391233 
51584696 71221926 76915926 40375158 
76595548 4726173 6590287 11850968 
348267 85953991 32076980 17139818 
22597749 74035353 92143120 20702705 
21305680 58680380 44794579 33991791 
47448976 22837034 30349256 65324733 
91809762 98289585 377916 66261996 
38239552 54382484 27833818 52503332 
5415284 20650229 97724960 49445188 
47858561 12162020 35250252 32701370 
41620670 57265505 19151985 36304724 
93972358 33608614 82244722 88850875 
78392770 78475114 23140555 94774249 
80687008 23073079 3517824 77581082 
11963981 4684671 96934233 13763810 
39278636 48128691 89084734 96901084 
20438700 77220595 46441573 29662319 
12399709 46053047 96588606 25307013 
75030133 47204467 20950021 10071344 
9242201 6093527 8177212 63862979 
39535296 32329857 92176546 99749421 
67265895 17008288 69751715 3550632 
2958582 70114675 9292521 48210881 
72506268 44914032 86829685 20453719 
61925103 83198925 1668897 54206138 
98412600 72701268 49251656 89198035 
51479848 38475982 56061195 93315081 
93838469 85856761 44184227 56826572 
50549430 24156929 32265646 21173489 
25122071 64201476 91876145 68234573 
2550829 55721704 32395965 72914745 
22714073 94977707 80599792 98600035 
80678025 23615675 85112206 45101164 
7295224 52045575 82608128 43740896 
86100947 28467045 91624492 77325592 
87702401 85247181 62641409 92024324 
85035039 6799312 85169616 44077856 
1787247 97104399 47943557 38602133 
35220775 29113637 59685053 91172653 
79579465 96970084 4671648 63779454 
82279094 32126350 9592428 66454371 
88854347 62391001 45556175 15780786 
17236173 1538656 31916408 73701264 
83698227 37131147 1211095 97925479 
45253572 33626985 3324021 44759291 
42270386 48998417 41112280 28328232 
56539432 61477518 71790688 73320394 
21153524 31027013 68030916 80357850 
41880905 28377029 10060853 39843162 
1193464 92264863 97374555 91901378 
17818628 4146849 72657263 81840551 
29610321 19583338 48722931 45143087 
16003526 38506883 19739511 75982640 
5151265 31884980 56594558 53029988 
12919102 51460426 14685710 60028204 
67764377 28924691 2874631 23601464 
15571672 25085671 72019175 71460743 
32848262 70610097 56321474 92345725 
31583034 16524293 79924811 92865340 
26360522 35881469 91927056 97160968 
95450162 63897168 70068834 37108661 
99908755 86935980 14383385 85327850 
35506350 32872598 93144657 89833445 
44049110 4097606 4417648 59412414 
94213843 301782 54140975 11194504 
93291640 10940356 54804617 83340019 
85125468 92884332 23356119 15736132 
56373435 9167552 81116867 65774878 
17858641 84646384 83770118 68573272 
2455466 4008764 60946069 61724416 
92924109 34379457 62092461 28080821 
42844875 55295360 36342947 30030359 
47480847 96157568 90258377 83359266 
63143922 47242595 72322281 69111672 
83746303 74156349 7089243 82815490 
45351976 55823675 64340432 42716320 
20858817 87640842 39730804 32010209 
27813446 9080835 80747633 88475645 
58618126 26236409 51901001 42733069 
73214009 7697355 51264979 48236042 
77911441 94169066 77881905 41939562 
71760254 33261710 16366034 97814907 
61654107 81101408 24016252 91046789 
57074189 34548899 67504156 23475461 
31617803 52464014 24212099 8127127 
65231759 42913756 40176046 74855525 
60182434 61055855 35906943 52955772 
74441854 95011788 71527917 98639883 
32472992 75529929 52012302 56872643 
88638507 3237862 57401030 24837572 
7031135 97690329 63267471 17345409 
45467257 68411320 54406454 42756932 
41614133 2730398 12836415 63760804 
14610424 48740232 53987171 77869873 
40117037 95139711 43575151 38716872 
4951236 58260284 15026656 94105508 
30881265 46985857 61453477 64488338 
59112304 97081947 49060207 60128336 
17738683 62790492 85839323 61027707 
35559887 34286872 57027600 90615928 
13734592 72524653 76034054 37808353 
14809448 87567213 13537464 89289445 
41158755 78792203 52124680 57950966 
38980794 2190457 56039797 84219774 
30228920 5235510 88106258 39055199 
86272519 51879915 81722876 63290543 
69689224 93576461 80494015 61914548 
62944032 86508508 39639520 22162007 
84486938 78979512 56534269 40237046 
1427091 21049930 12050496 22937328 
86812336 60820786 95039948 13114422 
51051509 71740633 12676475 30520397 
3816990 8815560 6134099 91281269 
41577534 42968166 85701638 49871470 
73177964 33926511 79584539 6579350 
81864047 38799703 62555515 90000789 
21618589 5895084 59269780 5830679 
55625045 97515736 72896140 87969582 
99766007 19047536 22772412 95690622 
4651278 15967584 72831803 93252138 
69611494 88455729 86235262 10764783 
79321047 31553580 56462079 65835372 
84785210 64907636 1944890 33355433 
64445475 72493123 62365050 53871060 
97447321 40138482 64246306 35881370 
68436119 79394574 60383754 98589177 
60613636 9550598 79902199 7582698 
18911274 68311016 97016818 59728637 
82843304 38033518 766222 82266018 
69773327 58983791 13721495 6001236 
65833120 34952822 89487470 5378944 
11346955 20638325 35386193 51640766 
54569795 87706459 67816749 91134924 
65628173 49801538 5805003 8626059 
27400955 57876944 55539535 58187973 
10624979 5169291 50273587 77659572 
76774770 27693918 7103613 28707328 
50214991 38931012 70668865 5483997 
32861768 88972281 73817146 46437362 
30217166 64259929 78615124 79949754 
66311413 55411500 37856709 46308877 
43764752 65512982 60158634 65446156 
33235865 24899070 88470711 28059989 
83101103 82067879 158602 2691237 
45657437 41005309 18943033 77002244 
27941860 17292703 3615550 22589338 
88095658 98467020 39683413 81583851 
45398569 58911998 54040643 92796137 
32275050 46847549 41623509 36743573 
32744155 6834487 15867376 36279996 
63138997 75085515 58000694 65191028 
94373639 39118247 41056344 47652795 
5803994 26740069 91687611 67472874 
76192164 88412240 13462919 90068467 
30785757 73149323 44154224 42977058 
67283091 55730976 88502162 52109684 
24033172 2847524 473909 88409677 
25890098 42045317 7149610 3746584 
10019944 19132479 60583597 38723521 
29523844 54442471 54865695 90564647 
11356055 9161814 19517115 76393304 
45059852 49273116 5978197 77051752 
89068763 73386150 49996616 46455448 
44279310 50979528 2639809 62282892 
31237574 94678227 18424969 7613554 
73203152 62414492 64769256 91691177 
30768308 47078581 84075248 82872448 
93980577 6587626 64730740 54379812 
49310385 20197850 24024919 74328430 
28432008 322028 32448396 89030485 
70659357 6796087 8162854 48511927 
91599175 17648598 22621226 38024846 
17052758 92767384 18347290 95946998 
80702090 22754060 27797331 34898450 
35784032 29131012 69185577 72182488 
15451313 7571600 11934566 20199437 
23775027 63647778 20346685 98713154 
340040 27172412 6495812 95120732 
64384355 84590499 5901264 30364756 
47958792 81882880 46888117 33686615 
28950383 53817575 64987061 82188695 
23997601 5143830 82114865 76194490 
14895211 39839496 37184451 65634145 
47227106 77426267 38954960 47837602 
38387904 38269697 25947372 73092722 
74220810 78277789 30312746 4143129 
61485324 67503123 91083044 7936093 
95440056 28722461 47009232 98714523 
53519627 82909108 14044311 93978494 
91886091 89864872 9036874 31650821 
5424004 34086833 49562491 44002834 
13438907 45555511 3849695 73347338 
54148850 84296080 62095343 12191435 
33543496 77621338 53621120 18879230 
32483647 25707527 25365668 64233333 
88180310 9724962 26676600 24381377 
50534838 52314160 44653060 18733987 
39589471 48884804 21803631 66888704 
78821046 67403060 73789131 29736491 
83215688 58697078 45973024 24168671 
58715158 55377570 95410323 78052829 
21811730 69498904 66563488 5710696 
20311465 44022032 63763379 8527189 
59426819 35524958 90516947 5447974 
80680073 5891768 30973959 55698257 
62085439 42279517 736053 57329525 
79345419 26867635 3955912 22263986 
81426395 84535724 34506159 43460202 
57601695 84030101 67946061 69167744 
63249110 90479466 87788974 5851727 
31606437 60443110 74843275 20851835 
37924212 54849776 83382541 4363388 
9117907 98942586 34296405 69410171 
91821622 92536620 4659084 21478651 
20715882 20092425 11267113 29610351 
99923589 96160142 40211846 55176918 
12951068 91378238 17713021 9236761 
21278120 26554202 8511448 65571466 
98939887 17086790 36098395 25303960 
92794984 41356785 44558613 65338966 
37228322 11931128 67426192 14959752 
74630582 35383199 71222596 40500887 
54724585 38252083 84024738 56418799 
60280235 60250712 83812717 90494184 
68570248 17914190 32545858 83665655 
95395556 65936109 44143431 93188816 
42714672 3046833 74354843 91924338 
26071053 23406896 82591752 97255102 
77055237 20657087 82326308 3550879 
71369780 43236904 39636472 47848896 
87413859 6428223 20094921 2832304 
65924271 30646040 42965452 76187205 
94750957 91523316 58627351 97174209 
33265067 64910706 47370528 81443072 
89239104 93795937 20733061 46662653 
74514201 94939745 42148045 62454640 
25259220 14159386 35023854 51574945 
53711922 30015896 88064579 96205094 
29582824 72532941 38485830 77045246 
98656908 43186683 84386733 24730436 
24277388 79046475 40916024 75514593 
78095743 10450536 63454948 56261624 
36766020 11750772 15757931 52714534 
94172212 8952029 8688145 29493192 
66470021 22012026 19920993 33146461 
28690845 24944863 16952876 19914999 
52748718 20115365 74902872 19522285 
46865259 16637406 27222110 78033284 
13283039 76864667 94161719 34893853 
34075878 76555872 85625886 57018699 
16645649 82710730 13448085 46045589 
20861742 83034334 33727118 58878887 
12423401 21808069 86272216 19942592 
3955332 65938816 67116812 86563654 
20843863 87529889 92078003 35514038 
57393996 14646355 38940569 68572534 
24869106 89756920 21321280 73908018 
7571074 93593783 7262942 91687304 
22670000 55175036 82436369 62161512 
28642726 48940016 97401143 35164138 
11223196 94910980 61506079 6305315 
81968212 85856692 57646210 43735105 
69608170 65578762 44194626 17744819 
79107772 61611205 36164637 6837127 
57715019 58234710 76579079 27235607 
46020804 71023307 72265270 82699675 
42289340 98495638 87563756 2204731 
3278310 66107273 94908199 21652574 
87295229 17407426 96797035 92299602 
75708748 57079891 13672520 58249565 
78458155 83862449 73305532 80973113 
15185815 35835267 11594722 85746491 
99611636 95080936 93690416 46889317 
12502642 69090178 62087149 21091058 
94809464 6602414 2509107 78709553 
89258806 79198783 25170388 19887935 
57412597 64638749 81710810 89943019 
15236915 23283836 98870647 93652961 
72758114 60127558 89595694 87047221 
84133501 52667675 13379685 58979398 
25117240 88946281 35179032 33639583 
7843551 34631440 54825921 84772585 
7855972 78720883 31995783 12710382 
17915597 83861720 73901078 14941054 
48108760 71208613 13412207 93884565 
50507532 82859682 16946244 19772698 
5598210 66856568 5628253 45207493 
71213438 91781308 877238 31935263 
31540362 37700366 58124537 78304097 
59506258 10305198 20544580 5182833 
29743278 52478635 71465601 94179872 
44535645 94228076 5680111 73389198 
72013628 55013383 55875993 42404059 
65456438 65532635 53116542 59000388 
50990531 92710507 33073218 24698876 
82936323 54948075 99212954 99234663 
73029961 4972915 43461308 21008658 
86225783 61996930 32558860 44786049 
81170304 17178873 11381203 70339609 
44787976 95519601 78121256 85247082 
50546310 44624168 69854294 16875811 
82612544 92714004 23907404 81198621 
55813223 1374033 96692470 83511132 
2246878 74746747 43964281 76825341 
40989116 54263849 49655756 23061070 
32213114 60266971 4719284 66612217 
63650460 74385646 15007036 27043804 
65843235 4742747 45974813 74079014 
71173607 34538358 82602130 58443114 
65548497 61871166 33191827 29846802 
1453746 39858676 37775763 84263293 
17754133 20759972 10362059 57859052 
93852042 71280466 13418331 88598209 
62897626 21794029 5791988 37826958 
56726397 13540768 28938169 63606982 
56510715 56764065 4506658 72310961 
38120166 76137792 3899736 57967141 
35086210 78307277 35906757 70754924 
94525707 95826471 56370727 44996805 
69208352 33250180 63880827 83125304 
40582467 31769889 42095638 25312562 
47908371 63664413 84134441 98343446 
24201212 34141964 90575212 79923097 
30819077 43471504 78785192 55478633 
59274747 25589724 33246123 556320 
89698530 94711174 11843093 73096844 
86213083 36033136 39633680 75315164 
88565080 55863458 99020709 25403481 
25778460 89213545 29647232 83793982 
31428541 75102956 17678823 50078109 
9009384 7859314 79376417 28506792 
87102887 12919022 78342086 67314896 
30294651 2262900 81187198 82743069 
80515733 55717534 64441268 93788737 
72122938 84059974 65372306 87293100 
53514329 38287046 63530699 73484275 
15626129 94708140 77407436 7095829 
20898339 17608020 86777239 40779133 
98336577 89143374 57924185 26973269 
70902909 57077853 40262622 17857420 
98591791 25609074 31140111 89474517 
93401700 93069208 32027992 50775966 
41912892 70224660 61723396 81850512 
88103064 18187367 80937434 71896241 
8018258 64263881 40518957 88591256 
79444892 1098017 62099297 56586869 
65662774 89699451 83072576 45036165 
68206560 49423927 18351732 42035285 
89613920 96387006 85804250 46292112 
15721273 37951345 5487214 4237898 
93190486 31982957 80635062 4880667 
34577404 37556843 89570759 61639891 
378823 50127039 85449038 99833811 
69989989 66284980 68121164 3066728 
46395205 3479423 88247949 67429346 
74087840 10664302 47337043 55105435 
14679516 92469854 18626168 78923638 
15111481 18750264 35388488 12621087 
17520616 27646433 65566322 16222876 
73031738 59956714 78732688 37138000 
97472783 84569287 34925881 45345264 
35521715 11353352 88484295 12092493 
88615792 4284245 51504313 21360805 
54489004 44406000 23667936 97810851 
92494804 16577912 14210587 63831926 
68451938 92304201 85380676 37004289 
66243104 97751950 28940401 82116149 
23939080 64165622 395686 87197075 
77274899 45866926 13061701 60827641 
44863547 90242675 21216833 48846741 
93193051 80444830 89084572 52927552 
38332934 73312785 20146829 31438532 
86850116 19507121 11348431 95239653 
11822189 91937627 43101480 64861545 
79741331 82307596 94277812 81119262 
13169854 83649943 99166005 19714485 
12430974 80119147 45199979 98755886 
65228955 8349265 65196987 94748831 
43191825 16655302 99748071 62149845 
7779382 20298697 99410168 8132188 
13535877 65068065 17138252 30860021 
29574817 475516 23149085 96326432 
19371829 10140320 75354591 31749846 
63920837 45755560 28902780 75105953 
92750694 95573931 24102741 47283150 
17912124 92901857 87463907 84837171 
28318485 39803809 2614346 67231326 
70999609 90122416 23679787 18218543 
43872351 76240548 70141339 13036333 
26915322 75901399 53035293 26312127 
75786977 77332643 29072911 35596041 
21670286 98839397 15509812 88076685 
91657389 34622682 32660992 29561980 
71321055 42324391 36246750 46308391 
238330 4290951 19146685 82507038 
22808116 26696322 80069334 57805175 
20548286 56795077 41035734 32981225 
22766527 36758183 64132688 76892650 
13994329 76628108 99271267 67677329 
54039549 51202625 16443610 29830555 
9253787 82878590 78116853 72930980 
82635150 12388026 27300812 75520214 
56044685 75278363 80009782 40131115 
93562440 9937523 50467769 20966392 
66090913 93973736 96357838 80228669 
56223523 27245694 99793095 5641870 
32257938 12096993 4633150 4830178 
24550727 25375062 62418318 43542376 
58842998 57989867 48671518 55120636 
23999437 98312890 96417853 69485810 
13727041 21040973 11472791 61842190 
27343756 62565656 14882413 55147035 
81756707 16694730 69752718 32572714 
95612151 7400174 57829200 91076611 
46680729 96872726 50405713 14638836 
87016582 688199 64543060 8115192 
40252703 14170333 36890071 4002554 
94853084 58183089 12754849 19161132 
22572735 60330013 73531434 4620399 
29050671 56430074 68461615 5811910 
19837447 54449709 46799684 37331765 
73564526 48086607 71687737 22924284 
31454109 37876817 29926017 36100958 
25032984 46588097 59101054 13502755 
90687575 87729250 66544410 49109801 
53534695 37684140 59208817 16222264 
1641477 9545674 81425910 54655589 
4607835 82427341 88881592 38231913 
29755665 19531678 60270461 80303413 
57880879 8325480 55468859 60291666 
14028122 64963939 54301541 94799830 
24120349 71316139 93596183 64116697 
91282831 42628950 71365876 79559449 
14377012 30299466 83463163 58652051 
89053462 57535246 64057459 59692970 
78760715 7830259 32583887 3909895 
95541745 96361421 37564014 96015847 
98673397 58321178 93398330 73142603 
85046121 1681239 85288424 80409631 
25633538 44738765 46804987 45003751 
76342679 39182707 13400342 36730279 
67343764 15824121 6084552 44683405 
47948206 32271165 48813351 5096018 
25362655 23701942 53751506 22076717 
59081936 87032877 92344293 48090579 
77078116 40022837 14372150 30823742 
40978505 19621587 87301768 74479523 
55125037 42528796 96523259 2580370 
17124968 2874111 93924010 25692923 
95859984 81635595 30693701 79666756 
42413461 41463044 70572228 29849619 
56290367 72007520 30590377 90657954 
48926618 32367246 7324927 75100270 
10837564 62749314 87605678 69138134 
53055299 25975023 37974891 4760220 
57173700 74139485 49990047 23794461 
6413935 462926 83697574 39929554 
13948330 97330784 45408298 47325409 
35803532 9311727 85980404 50486512 
84421942 98732114 11829670 60485617 
52136205 79966717 97887992 84892668 
7545276 52791439 48720186 81105178 
58261559 27480012 19680383 10896168 
21666860 77794366 74740166 9562428 
39648152 40554035 55144137 25606415 
77574985 87494439 22695931 39857855 
1636014 36952259 38203307 13883813 
21500675 43321590 78048318 37801185 
85552507 33504540 52051491 60799949 
79209810 15659828 65352712 66473815 
95537050 28317928 34528986 28778055 
74421660 25124860 23369387 73702157 
13462613 76190788 91890235 4159039 
52633066 72285367 99887051 92778062 
12642697 51324164 94318568 47648448 
74967766 3890621 7299660 85866019 
72315290 58829976 91580510 12448667 
76514266 42859735 37026715 77807713 
80330412 46671807 57194917 9209684 
32176304 45547354 63473057 85124605 
1723735 47035605 14865198 9511337 
79539171 40565461 90758260 65404549 
62990804 42601556 77043214 76066936 
68287195 13711171 27567902 43827102 
24443896 91346108 60185264 57158467 
72815953 16331440 59923360 9662682 
46230547 4776895 64569954 82762185 
34586824 11547957 59906084 85230065 
67037602 21411323 80222150 69337611 
15283105 22641483 21384304 27455835 
42631233 97070657 80498948 79938655 
86891428 54113892 1890956 56088016 
39273653 20309645 16933780 58536666 
38723027 35863710 63352441 74070525 
43081856 69063120 96653615 94008013 
16949557 97081744 83681861 28904076 
28312215 5908564 76562885 5560167 
6747476 49700227 17180386 46291736 
15675885 66355673 20373312 89930651 
62723080 81323718 86011149 85834837 
28700859 93613693 82723414 39351165 
55825737 10796537 25190226 13942580 
85449726 95410706 27477560 69321194 
21138174 78240431 12703662 28317566 
50474501 11575073 26174949 48239601 
86170600 94068360 85092893 21113333 
87486347 11416667 51987674 27884236 
77285247 19433044 2013880 80806461 
29230552 41196186 71097308 43504633 
54084643 57440861 10144643 29325345 
69582421 70535418 38105190 45594027 
61326071 73708071 49668406 41416958 
82778193 51752675 52372202 18141239 
89150820 99845163 6017329 20128727 
16775989 73520066 44306449 62846427 
25856418 31881429 91069256 46932444 
9575367 83658730 17053926 23399432 
97919120 58807411 76299082 94983476 
89908697 47672653 59697176 45510326 
19344036 17452273 38720458 66559494 
50373124 89133601 60257843 77036314 
58879250 28827329 90074069 5105267 
75897322 85904724 43197848 77525380 
50211043 48583230 12321677 82486449 
73455154 59697503 67207600 87764824 
15473634 71017692 6647325 31138704 
2358546 67901451 42209823 56310187 
60486698 37359959 67311202 97473531 
7623691 49226964 8420531 10979767 
75951817 29817744 68501012 37091411 
79351362 9218664 26511179 49298311 
82834055 84810260 97131932 67041748 
11136230 73126106 43593948 43252448 
41912876 94938375 93094085 64494131 
7656699 46712918 81781578 44925863 
66621634 30779815 5825452 89817067 
71506391 25306687 31304976 92754766 
23648264 90279831 94265535 82587579 
12568841 1181912 5168642 76754911 
89897320 54420182 88088629 43093984 
27629089 19966479 2354903 68081228 
20393249 85051809 47362319 61236739 
62068754 15653587 73461190 59303583 
58914765 94902377 40747003 90555251 
45707792 84547725 20917899 62899119 
65095245 97227856 11349367 66351746 
46132395 67808984 29802717 15755502 
62470559 22329180 8515832 24055819 
95352013 81717285 63469241 56423377 
62966547 50364630 91057485 12742783 
81194245 68999142 21103143 76249185 
50447887 87346427 62573482 31984429 
49490457 27324701 50094741 51146809 
13966119 89541799 80203035 24923810 
29471464 71119377 11097423 78637329 
79608145 64512092 35183256 32879941 
38643934 6272672 30833421 31236091 
13981241 92894906 84859192 24872919 
60542143 4034430 85687198 49759126 
50780589 92521589 28761343 73213875 
27900962 42061104 64040019 41776541 
70294447 29402828 48082332 85139854 
2281449 3742926 97460318 26512753 
55944395 18406944 29024571 91009465 
71477932 21483616 89536785 47705753 
54002126 40014902 27486580 22631085 
54484421 73084117 7248224 25465403 
39626922 53091791 53039183 8414669 
88810004 52655913 15882738 2510286 
54470175 67109683 72728860 31518751 
59281413 38770552 1363123 48528820 
18942099 39424433 22564630 32619828 
26087614 49992504 67404757 48447252 
8626672 48931059 52947655 71371648 
86889717 27593754 79895318 45158135 
51148753 5392631 28531105 26886234 
34523051 41040849 1888299 6839190 
32627623 53023252 86423471 27722303 
92432108 68223815 13593758 81813980 
28716552 10247126 27922807 37940230 
47165966 5226676 23634698 89215476 
6144420 73423445 99648500 54694206 
58229691 23175230 58389959 81613197 
29780758 76306595 84319632 6477033 
91116989 33945157 9737363 56327724 
29942047 29443712 49678658 47046127 
70831826 81581589 23523097 17559617 
18974135 57328263 1443259 39190459 
61173368 61590138 89307236 58434316 
19857624 27138571 90653047 46490940 
59563533 65724217 19013982 54271469 
14486495 24853821 16962355 11412408 
68605286 80258776 74326700 19477622 
54207142 79429333 97084693 26391315 
38334001 26231592 96100411 50873147 
63037387 70856937 62817407 58445735 
80590251 32783516 20610452 62743969 
78540244 67159279 87677899 41197732 
19561886 1767666 75778372 14533141 
90876207 17074171 61463004 51624466 
97099483 77495447 73112865 61366304 
74769337 49110497 73653548 39587512 
42202694 6144387 39740257 74384637 
27349171 40444985 34251265 50276639 
68767147 52424794 65848513 34532804 
46046951 1708562 43026570 86072678 
35219588 78566256 20489699 73181301 
33572824 50359246 43576709 6511978 
16371620 62634814 89076499 81365447 
87924821 32985984 46119183 30685406 
7964775 9160348 59839423 31779772 
45429672 33651101 32011458 8196632 
80936475 19381133 1953723 59056734 
6442514 3210681 97132131 84589905 
15985225 91490542 64102302 19014934 
24154538 26462776 93421769 47514531 
93218421 85704235 13556463 69558315 
54979955 66364462 19305443 23586740 
30746104 18281254 12106054 85867680 
52657436 60978312 65184049 7961440 
26465575 76465157 55297195 64062062 
45894986 51757388 76742963 1595366 
2006787 91666324 98533450 18084065 
75809345 22932062 56001967 82284058 
72858738 47019274 78711544 42553980 
77843470 82410641 4542164 95289602 
6284624 49403828 92706180 89336070 
3449963 81581001 39674984 7072869 
40134776 89463995 77789924 98332820 
3249796 95037128 22783114 12162503 
97949436 70643932 70568050 36173347 
51125050 68097043 66783487 79521439 
66106785 42533147 75669545 29968836 
53615413 11513613 33502054 33130450 
8956738 59547463 3583167 22042566 
66240902 63642645 97078707 5299178 
84982907 18641989 66181274 67153372 
19441111 56908815 13242111 60796510 
99312010 4571802 61094852 84023612 
90468554 54317323 46734271 48458172 
15014408 19948176 81759944 28678342 
59532402 17482966 88248848 68360681 
56957986 42917067 45068268 93700393 
431418 2389009 50525180 2223005 
37752878 67746262 76718240 23104646 
73376436 61549963 1872491 60827167 
35416700 76420730 31034499 34310795 
92964496 11189177 15882950 52214905 
71037719 37386729 74291833 74635833 
77577852 412005 63148225 69809926 
99287403 93069448 23222614 15503992 
55681748 19243816 7562318 56449536 
58129880 10573372 83231182 16857042 
49243865 20439846 87219049 91361543 
842909 26423460 47740988 80729881 
69318537 25556846 40694145 50971385 
26559469 89739484 87296476 398125 
64212885 99376887 46114549 29286131 
97263492 4873689 20792589 62522834 
25399370 96365498 12313168 16374988 
44525841 39431086 36617199 75466034 
78888858 8588239 84848088 57733648 
97120616 29256060 44555302 62319145 
69145728 43361607 60883528 17296978 
19118694 13347589 80743512 25988444 
92965928 50944277 45989142 39839451 
60610692 87968164 47710345 68666781 
46052049 13947193 27154299 27111821 
2312596 95026584 82971006 65885862 
31001820 17127065 17077962 29242338 
43240654 560896 82817758 53140807 
39294156 83438983 36550442 41153793 
4054942 15052378 63052831 51466162 
26668238 98550156 66297752 85957072 
47502440 51509433 94378234 65533636 
93515711 27769619 92538301 56378649 
96345036 82459135 94484900 22621565 
4808826 55466073 56156164 93479292 
55024904 80940906 76790882 52889025 
66650144 16431889 29827021 5456931 
14831624 44526370 56793066 48500290 
96265654 90695782 70164704 82192147 
23555133 79791110 83519337 75061502 
76163932 79821586 77927452 86447605 
93827678 30002002 35483923 73905379 
20388559 74396727 9345197 77351139 
34503860 49180888 25595706 25053146 
89403575 67797349 49878472 22916030 
10212619 95689236 14184156 63751994 
45200895 15613520 55899097 10875376 
58590656 49975071 20336841 35000993 
32481253 68334830 35022010 66396736 
5940822 65288821 81626913 19678583 
1766659 3819110 96325834 29493298 
87217366 47112358 61943 34140543 
99234493 38562425 63492008 39002324 
63186470 62686034 28454885 95375105 
65539864 97420896 63688133 51393317 
12705625 95795453 68315678 17117948 
60284328 49767026 65044442 81230373 
15131785 51164534 49814627 60391738 
4796994 10701224 19299708 21380413 
94397533 79502351 23201160 56657928 
25530099 55759490 80118073 6672236 
44569200 25075024 75836582 13028995 
17049276 69305167 76996900 29979026 
34383849 37377472 66344368 85845682 
30986235 43076173 33077696 76388871 
73518641 31870125 80034242 94582547 
7291045 62340127 6814550 18239782 
72396457 52405974 27463505 84660532 
34828982 14705748 36000502 15574004 
54122584 22575966 22652151 49930300 
22802463 86792489 35881225 53798432 
46676962 97461629 41338277 20002210 
62664682 9707424 59629322 3142772 
31111852 6227363 42918254 67113596 
36422138 71177148 7852016 15289102 
53671034 66742034 47032433 20888809 
21638218 53802293 36309062 64605410 
7793624 98019214 67134683 89361032 
60945655 43757447 82668653 75034126 
38887393 70872002 66779676 64019543 
13424539 74296152 93611926 94867948 
39004813 66888375 75665548 31891634 
4332367 55112616 26373755 18684987 
12475822 90869105 59808192 91769090 
85701754 34120060 47218509 95923841 
37951667 69938463 2119932 71846106 
19745567 77434402 88269477 48939469 
90490437 15943804 7964179 16744722 
65590225 99528808 1453849 4718333 
8273261 19035934 26655382 68625357 
48579360 55345479 50429874 9510061 
31819729 63543748 30778100 55190320 
11612980 19933641 53843094 72930557 
58033268 99366592 82846809 71904331 
35161029 14409820 80215939 90230751 
15848695 42242236 67168614 28065809 
31997649 71871997 57448551 17297925 
57402706 33279517 93626406 6041252 
60889737 81066641 7647680 21889061 
97597696 89269745 11665925 94026881 
25594720 64853708 79083419 38547883 
1903741 25064156 35563097 34974536 
19792477 66823106 37240495 46234764 
48007147 83372462 33207917 65349511 
64266812 29638275 81757023 6081391 
55131284 61400518 56705938 65380524 
84201340 93673248 98513445 94174363 
38646145 96596174 65541536 64633658 
74895574 77719502 25178555 29040765 
94138617 38119914 17131151 23415342 
52698535 3606609 92586447 59779591 
6914116 56799935 30826208 17179689 
23432243 21003702 46053401 18242310 
14476146 64428428 55743400 62902414 
89630900 56969420 91309310 60525092 
2354290 22117179 17669327 50293954 
33868104 38688830 8646670 84602969 
84991366 50454593 42510524 8083749 
34598913 11418031 29657439 67413374 
82482033 75417172 5695709 62800808 
18014645 49019759 95154803 35051695 
49616666 39845601 76780499 44718135 
53255441 46817523 91428606 84401272 
19331203 54108046 23161956 19648979 
93749903 67470391 39752629 16646752 
64972820 13825586 94674293 57345041 
65462974 99961388 81599611 70514590 
61315036 15349891 57202121 37798875 
76881837 27644515 83830326 44143806 
82437453 20166975 28154928 38557269 
99137748 3797180 9734984 61540757 
58294829 67388085 47861910 56993518 
90760102 90505457 50688260 83077754 
57568285 69512414 51500972 66945171 
4871277 31817409 63188919 71488893 
50367230 84084918 25267430 2355334 
10797199 95189072 68897209 7620897 
86400876 21601054 62706396 75366552 
24106351 32752368 23116600 62410976 
18780935 76332681 67068983 86335239 
64420360 79573713 44731607 39782285 
95072958 55990052 77929947 14381422 
63132188 84903568 18000497 76215578 
30199310 50971146 62758326 78676853 
36853905 76887612 46361636 43986935 
85098482 86557631 53115260 67047978 
4366213 7373785 25446069 344701 
959968 58975092 86760952 41369783 
47796434 85211944 44857898 24629540 
38027687 31296615 58578994 41769349 
37689736 72381874 59354163 59854920 
9114168 11012938 94790398 80301620 
69933069 64561550 84117687 15422147 
52339910 68009265 71821309 69315808 
12900853 40574762 82706174 90112188 
92288388 63901235 79913839 26381361 
40703113 54371107 20605740 21459559 
2638377 29322289 91884069 34980529 
14134390 74649507 21142100 85087283 
46537852 89306262 31593713 56402486 
34571388 11678857 91098885 34195704 
65085061 60138535 68511571 54233444 
56749291 80804229 44206427 14631489 
10310839 57231527 11504974 36439181 
39033831 26843815 12043897 90611218 
59806599 2064011 77007850 76479079 
69970790 81340035 45156062 49645194 
74332344 13886437 89031741 38532658 
48113424 28716813 16320721 85048790 
15716666 67182798 91980096 14964244 
71596283 4337918 87728273 5250322 
21212551 64155872 33428185 68028981 
99952882 74541126 54807016 76423673 
58410325 4010289 5416837 32493154 
64916557 28238594 98158829 73057364 
5280792 19044449 74139032 7479593 
10226267 18027095 16325698 61421710 
5980588 94171653 3618456 96781595 
58392566 99966558 29100937 54858814 
59779582 28017882 48282109 29802306 
25777701 58019183 66442775 92173125 
1411987 71234216 77850588 74646836 
20167653 11518398 45956940 14414333 
22666324 63557982 87176568 84768474 
4180392 76960105 2697650 87661839 
26239426 92311212 21692324 35533639 
4942829 71876934 58100599 31929854 
90727846 49733231 85549576 80016385 
75911656 40425330 12553471 7653091 
8712516 91776958 88269958 55056221 
11489294 33761652 45749902 6472579 
89445370 80439292 70973650 78731283 
53732529 42801395 26144758 93681323 
96165470 19818576 52487906 44683269 
21294020 74612083 31245703 60966603 
32307230 24325065 33650576 62623757 
68801145 39820322 92784548 9024879 
25738309 99072680 84425562 93850807 
24228677 19573109 35230123 37810681 
19388646 33594543 40914561 78460629 
71296624 77408332 40227946 31396077 
62502160 76327227 99739591 29665462 
27082667 8993616 30665480 31018125 
73678040 92670525 72344117 87376092 
20901437 56353715 15503818 90069064 
79372359 77675873 71096744 33676043 
20699744 78951483 613088 10754126 
35196000 42175853 35743126 80740273 
65464248 16477456 39610827 31743670 
18879767 61880584 31772212 86895087 
26235964 70727204 16914906 20133883 
4380985 12136700 79054699 20869569 
9397615 89390730 59496041 31338374 
93264997 25456669 98383835 86189698 
67670297 12417047 94813330 60198075 
23010296 88343018 84277764 48599745 
91119267 16430335 15472252 7923247 
44531678 69770359 52152072 37484994 
4210584 91651767 92775447 34814302 
66664535 4446175 21340508 91264366 
26090036 88369934 68228304 43314853 
77930231 9841157 65552122 60881463 
8063846 66229259 73150488 43890179 
64028097 51017597 88302165 13289016 
31172889 29784284 466582 54156807 
68498354 81355423 24715760 21817429 
33565990 4120245 75305880 20027544 
55086852 21545011 25324481 80414423 
85752807 49155177 89071748 45624943 
66149993 34006822 53003298 95409127 
38500407 63164419 3722034 71430376 
83733480 65766935 76174251 25995171 
43339079 12423037 15911640 16080587 
72303934 33898500 93234723 37551766 
12371097 45937907 14869566 4057028 
74686796 27992976 58080555 21679846 
48986540 30133214 72469394 65295925 
2452736 54029763 87782766 42011304 
73251099 77039500 38252859 2798854 
51820229 10355922 2851403 33713772 
710303 49886956 90881675 14363199 
78553382 35501994 54902801 55105170 
39366120 89553077 84701026 21042894 
98259487 13050020 20881386 54743011 
47378958 87467920 999745 38353201 
68342525 76862384 20916092 12997847 
64015668 87003710 25432316 6312931 
65797909 70688253 9511773 99588097 
94873019 94262769 27304239 23498351 
15918166 73205354 10031625 8782498 
25903762 40001637 66790732 14346941 
99977941 30758057 21992700 67203195 
99329421 20143081 88477197 9335048 
50004819 28531748 82052128 67301453 
41565386 44777833 85528104 19590263 
61161047 64384594 64879829 22904139 
19849465 48737426 78797939 40078328 
33757406 43249971 13433114 29881693 
48529833 38818373 73229881 44565755 
81326065 56164422 23363431 85645775 
36793656 33061098 66782316 52199021 
30467774 51931233 50802745 88838799 
59144622 4938595 99235611 62728238 
55500609 26741658 23105404 64792646 
78456650 44789369 85401995 38309599 
30106126 64128236 22720580 12508091 
82371921 26261762 58334061 43427509 
24304974 32786257 82414968 35623713 
25646005 93009722 60557720 56104092 
10316547 45895097 39352511 631858 
87900924 78802719 42402312 64603015 
48671098 14870419 73992828 50299052 
91173980 77553410 2952682 42386711 
50235784 87678015 10378134 43484901 
96489729 32234931 13738981 56157209 
32811096 30793820 26194520 91629814 
88158205 96239920 74873623 87897103 
60004403 22328202 72058372 43533826 
8991752 8306548 86436042 32413143 
78543074 61611418 87012126 23003278 
5022838 11961658 56383229 5957778 
15588435 90838408 77181466 67026545 
43188223 12498208 36088379 55133075 
62607017 22073453 11841920 26838818 
65878017 78995046 97220307 25249602 
79250480 85708541 3848982 32164912 
53540375 18154666 17650807 35887579 
76813353 41952590 82600448 61657590 
72912655 81455757 15226150 19477216 
50768877 85289772 65220632 98234048 
58759611 99787255 87991218 14406538 
96517097 59950474 72522659 10304857 
28817079 67993751 90923302 53388857 
60943242 49313732 69631402 671066 
44421556 9938392 32083551 41195590 
26743062 4221023 83616613 98430355 
39649064 50054177 35880268 64540445 
38518621 19260654 83780275 42224711 
3227972 55580119 6697025 66796171 
88589426 7249328 63779441 57358678 
85579582 35379090 61865954 10960098 
26536604 64951265 64997084 18148366 
84902647 91675774 56071074 36132477 
54150401 52213390 94686006 71898767 
76147937 89106899 77868131 28048252 
19011560 59353553 31678947 80206462 
28530238 91274305 92323984 18352086 
12719898 26194435 20199071 71101213 
92349718 84165091 69281585 64056191 
1261925 15464840 13320533 50728609 
43815927 85491205 51016429 29697237 
18572483 45297641 95437441 30637497 
91298129 27118760 34542516 16965171 
30420109 30406694 37191536 81920331 
86983754 8754011 9800392 87569458 
60396001 10365705 65821473 43696804 
1582513 52823661 79553135 18194631 
7370720 55989540 32309458 3223443 
61746268 20098300 29047167 14664690 
74600625 48894158 12660731 6000364 
49746838 70407466 9240403 18396857 
71622594 33576782 59386984 98956663 
11140318 73052681 83077546 94921570 
70099410 15403119 87523038 12660749 
84899984 94650918 55125674 2078209 
21285681 83596452 73557173 64461758 
3763688 85234336 80639994 34328638 
11754035 91735551 11935658 90784530 
18136351 64931160 68167429 73492204 
58848746 11747092 40453470 99799481 
48490725 14464581 44279850 6245578 
51567366 89248397 11785624 64070710 
4666070 17626422 99827181 91612311 
37991610 16043630 93254053 25329349 
54696890 62944557 47399199 12859725 
7218116 32041727 98341699 35592164 
31746021 18984716 33927007 65182408 
7758276 29550445 9943538 42684639 
12882273 34227218 30740615 80157624 
69531527 14633641 24205343 79766132 
77471891 21539506 20339419 69116340 
13940528 30551428 61358915 76032099 
7882248 44604630 36170488 54058396 
45851985 5168539 55277586 26763021 
37632336 93221667 14200146 65438871 
16310381 57987276 89323085 76741276 
