10 15
7972 27485
16053 16386
21470 31100
5724 16122
23849 29050
3229 9207
2338 3456
20137 22488
22445 32617
2028 3307
6958 3541 656 2879 
6624 7382 3843 2875 
9435 2879 4883 7802 
4720 9003 727 4900 
1166 1438 4925 1722 
2814 671 534 3033 
553 7981 1266 6037 
2984 2680 3618 8089 
455 366 4145 8248 
7747 7976 9993 588 
4079 5335 3916 4892 
5821 3581 55 3548 
6228 5740 4852 5311 
1318 9964 2420 953 
191 1312 5955 1543 
7516 6363 367 6372 
5751 7547 2525 8140 
1738 8070 8458 6023 
3953 4987 3180 4243 
3259 5349 2501 557 
3401 9904 190 5978 
5642 5852 2661 5309 
7891 2160 9321 170 
1510 2227 945 6367 
2491 9489 5686 2103 
8619 6290 4353 8005 
178 6786 2259 1335 
2199 926 6436 6027 
7465 7964 3740 3173 
8589 5310 6371 5888 
6817 5500 4886 4215 
8116 7778 819 1465 
6409 1058 6280 2805 
8365 6180 9107 8086 
7960 7283 1477 6481 
3106 6268 4970 6680 
680 8368 2635 8059 
4458 6784 1275 227 
7571 6884 8079 2518 
2775 383 1299 1596 
4366 5108 337 3479 
6474 7818 3844 9123 
4607 6095 1817 4785 
3913 5108 289 2285 
2094 3243 9221 2524 
5712 3250 4629 729 
1211 3059 903 2125 
7263 5489 9451 5457 
3554 9321 5420 2356 
6743 6138 5374 6467 
4164 8160 7594 2311 
223 2018 236 5495 
7744 7907 6356 6567 
9664 1281 8927 4423 
1010 6077 3765 3599 
2033 3336 8430 581 
3945 7854 6053 4786 
7101 7675 5610 5891 
9591 6050 8846 8641 
6522 7284 2368 3774 
7858 5180 9229 8070 
7759 7295 1406 1314 
9450 1024 2782 1739 
7286 1618 8099 6863 
4445 463 6402 2916 
3173 2598 7279 9943 
9039 7986 3294 4432 
9355 2173 6387 5539 
4302 4610 1814 6023 
3802 1229 501 5509 
8263 6685 7144 6653 
3914 7919 9291 9071 
121 3742 6315 9356 
4721 7558 8624 1721 
5880 1086 3901 6910 
2476 6713 7635 3696 
860 8523 7034 3228 
573 7766 4961 4002 
5262 3298 2275 8581 
8811 2483 1335 510 
5956 3697 6367 8447 
9827 4844 1272 4662 
7187 7160 6684 3105 
584 3182 1707 198 
2578 9529 2644 1240 
1082 2463 2364 6254 
310 9523 4804 9373 
4414 7338 1158 8953 
3521 1125 8999 2384 
4447 206 3877 7526 
5592 5699 79 6970 
7851 4638 2771 7179 
4880 9761 7855 5383 
3299 5965 4792 1370 
4850 6898 9131 5804 
7826 2804 7018 6175 
3272 7266 5971 9502 
8038 126 2413 7330 
3955 1974 4341 2364 
6786 6744 6883 81 
9259 5602 7108 4094 
8443 6647 5871 6909 
5102 1546 3388 7591 
5094 6947 6327 4629 
7550 9299 4595 5443 
6952 5792 7659 9787 
8161 3763 133 4815 
9134 8336 1089 9868 
547 1265 8264 112 
9381 1090 7522 8595 
4071 2885 6683 6389 
7337 6465 3133 9675 
3710 8158 1832 5024 
3923 1533 4757 780 
7873 6309 2475 3785 
5118 1379 3935 8884 
8669 5419 1812 3209 
1359 9308 2237 7872 
5250 5491 2037 4998 
6658 5126 8076 8620 
5107 5174 1359 7172 
5257 7262 3803 2956 
7441 3137 1808 2071 
867 7281 2047 2228 
3454 8490 8792 5816 
4092 4476 9211 4540 
554 2365 4810 4250 
9597 7915 3045 462 
5052 1736 968 7648 
1765 3744 5305 1211 
5992 6532 7385 4261 
8476 688 2878 4168 
3145 2177 4967 200 
5038 434 6525 4538 
9080 3723 3859 9126 
