7 5
50 50 6
11000101001110001100011010011110011100010111000111
10110010011011011110100011111111101111110000011010
00001110000101011101110111000101001110010001000110
10111101010000011110110011111000101111000101011011
01010100100111011101001001010111010110001011010000
10101000110001011111011101110110100010111010111101
01100011111111010010011101010010000011001011001111
01010111000111000100111100101011111100101101001011
00001001101001111001101110010000111111111101101111
11111111000010100010001101010111100111100000000011
00000100001100001101100011111110000001011000010001
11001000101100010111010111100110000010010010001011
00111000111101111001100111100000100110011000001110
01110101100001010101101100111100111001011011001100
00100110000011011110110001000000110001011101010010
00101111010000011011001110110011111001000100100100
00011000011111101011100001010100011101001011111100
00101101110011000100000100000000110010110011010001
11101011110110011010110011000110001011010010110100
11000100001011100011001011100010101001000101011111
01110100011100100010100000111010101100111001111001
01100001111110111100100101000011110001101000011110
11001000000110111110001000001101011110100001101011
00110010001010001110110011001000001111001001100110
00111001111100010011111000011011100011101000000001
01110100110111110111011100000110101101000001011111
11101000110101100100100010110001001000100110001000
11000110000011111100000100010111011000011100111010
11100001100001011000001110011100010110010100000001
01010111010001101111011010100000010101001101111011
10111101011010010000001011111011100011110111001100
10111100001111100100001100011111100001001100011101
10010110101100101100000010100110011110000010010100
10100000000011001100100100011100010011101000010011
00011101001010101111101110100110100100110010010110
10000000001010110001110110110000000001100000000001
01010001001101000101001011101011111000001110000010
00100110000001110110001110111011110010010001111100
11101010110111010110001101000011000101001000110011
11001000011010110111010001101101101001100111111101
00111011001010001110111100110101010100110110010011
01101101010011000110000111111111001110100010111100
00000110010011110110000101111010010001101010010010
11101111010001110110000001010010111111101011011101
11010100110011001101111001000001000110111001011000
10100101101000010011010001101011010010100110011101
00111000000110110001111000011000001110101100101101
01001011001110001010100101111110101100111001000011
00101000100101011010100011111000110101111111100111
11100000000100101000111010101001101001101100010110
1 8 -3
2 3
1 5 -2
1 6 -5
1 8 7
1 7 -5
50 50 6
00101101101101000010001110011110101101000101100000
10001001111001100101000101001111000100110111111010
11110001110001100101010000111001100100011000110001
10111100000001000011000011000100000000111110001100
00000100111000011101111110100111011110100100011100
01110110010100100001001011110110100110010110010001
01001000101000000001100011100010101100001111011001
10101101110011001110001100110011111101110000111110
01100011010010101000001111010101000111110100000001
00000001001111100101111101100001001101010001011101
01111000000101011000111101011111011110101110100111
01001010111100011110100110101100111000001010111011
01100000111101011101011011100011000011010111111111
00111000101100111111000010011001111100001101011110
11001101010010000011100111111110000101001001111011
00111111001100001101100011111000000000010010001100
11111101010110001011010001011101000101100101010111
11010000101111010001110010101101010110001001000011
11010111000010101111100111001110010111000000000001
11111000101100110100101001011101101110100010000011
00111101100110110001011110111110011111100001000111
10110100100100111111111111010101110011010101000001
00110101100001110011101000011001111001100101100010
11101100010100001001001001010001110110100011101100
01000110001101000001111000010111100101110010100010
11011010101110111010010011011010010100110010001011
11101001001000110000110100111111110101000010010000
00000110011101001011100001001100100100010100011000
00111010101011011101111111110000000110100000010100
00100011011000000001111100100011111011101111001101
11101101011111101001111101100001110100110111110011
10001011100101001000100111011110101110100111011001
10111001001010101100011110000100110010010011110111
00110010110000011000000110011111010101110111011110
11101101001000001000100011010000111100111111100000
00011101100010000111100101001111000110110010110001
00111111000000001000001100111100011010000011011111
11110110000101101010100001000110011111111001000001
11011100000111111111110001010101110011101101010001
00011101011111100010001110000100101110000110001100
10110110101101101000110010001101001000000101100110
10000100000111101001111010111101111111101111011110
11001111001101101100110001100001100010011001101011
10111010101100011101001111001111100000001110010010
00001101111011110000110101111010110101101101111111
11101000101000111110100111001110100000011100000111
11001011011101001110101000111001001101011111110001
00000001101110101010100100011000101010011010111110
10011011011000010110001001001111101010100010100111
01000110100111101101100000011000011111010100001100
2 3
2 2
1 4 7
2 1
1 2 -5
1 8 -3
50 50 6
00001101110011110111010010100001110001001001011101
00000000110101110110111001010110000110111001111001
10000011000110110101100100011000111101110110100010
11001111000110011000111101100000000000110001100100
01101100010000100110101100100001111001101100011000
01101111011111011111000000100000110011000101111010
11001100101010100111010101001111001101111100110010
01011110101110011001111100101010001100001000011000
01110011011110101010101010110101010101111111110010
00011010000001001001111101100001011111101100110010
10001011001101001100111010010010001100010111110100
11110111100110010101001011011111110010100111101010
01111011001011010111110000101010100110010100011111
11000100010101100000000000001001011001110011011011
10001000001110111101100011100101110111000100011000
10111011011010110000000011111110111010011010100111
01100001110011011010001001000011101110100100011000
10101010011100000111111100100110110111100000101010
00100110101111000011001010011010101110010010001010
01011001110101011111101101110100110000101110101000
11001101010111101000011000100111100110011100110110
10100110000100001110100000001011010001111111101110
01110011001101001010101001111001111100001100000001
01011010000111110111100100011111100011101111100100
10010100010010001010100010010001100100000111011111
00001001101010101101101001000101011101010100010101
11100110110001100010101111111000110100001001011110
00100000011000100000000010010010001100110011000010
11001010100000110101001111101001000000100110110010
01110111111000011001010000100001101101010111011000
10011110111111001011100001001101111011001101110000
01000011000000011010001011000001101111110101110111
11010110010111111110111110011100110101000110000001
00011001000111110100011111001011101000100011100000
01010111111011010010101001001011011001001010000010
10101011000100010100111001111111001011011000000010
11100110110111010000011111001011101001000000011101
10110110010101111101101101110111000011001011101111
11101011111010111111001010001001111100000110000001
01101000011110111001101111110100111100011101110010
11111001011011111001011000100110111100110001100111
10101111100100110001100100111111011011000111100001
01110011100100010100001101000000001101101010111001
10101010111001111110010101011001100010010001010101
01100110011000111001000100110111110010000101010100
10111001000111100000000110110000010101101101101101
01111011101110000111010011110000111010011011010011
01111101010001110000110101111101000110111110000100
01010011100100000011011000000101111000011110110111
00110101100100001110000110111010110000111111010010
1 9 8
1 5 -8
2 2
1 5 8
1 9 -7
1 9 -5
50 50 5
10001100111010110101110100011011001110010111000011
00000110001111110100110011100001010110101100001111
01000001011101110100000011101001010010011111001010
10001000010010010101000101110110011101011010101111
01000111100000001111011001011100000001111001011011
00110000001000110011010111000101000100001001110001
11010110011010110111010100110001101011100110000001
01010001000000101110110000010010010011011000010100
00101111011011011100111101111101011100101111101010
00110011110110100101100001110101110011111011001010
01011001000100100011101011011100011010110110001101
10110110011100000001111011001010100001010111011111
11111000001001101111101100001111111000010100101010
01001010100111100111010101010101111110110010011000
11010110100011111100101011101110110001101110001011
01011001000100110010110100000100011111010010101111
01010101101101100001000110101110010101101010001011
01010110101111000111011011100111100000011110011101
01100100100010000100000100000111110000001110001111
11001111101001111011111000010101011110110110011101
00011010111000011100010111110011001000000101001100
10011010100000100010100000111110001111010110001101
11101110011001100010110100101000001011010001011110
00001111110101011011010000100001101001100010010100
10100111100100000100011010101110011101000101110111
00010111100011001110110110011101101010100001011010
10000010110011101111000110100010101101110111110010
00000100000111011011000001110110011110100110110111
10111110011100001110101100001110101010110000010111
10000100001011001001100101111111000000110111110010
11000001000111110000011110010111110101000111100000
01111110000001010101100111111111001111011111011100
01110100101101010111010011011000000011111001011001
01011101000111001011011111101001110000011101001110
10101010100100010111010101011011111111000111001001
11110001110001101110000000011001110001101111110100
10010011010000011010000000000101011111110100011001
11100010100001101000111010101011011000011011011011
11001000100110101010111010010000111011101100000101
01101111001001001010100010101100010001001001111110
11101110101000100011100101001000100000101111101101
00001010100000100101000110010000101110001001111110
11001001011101111010000000111010111000111101110010
00000011111001101011110111010111001000001110100010
11111111010001101001001101010010000010101011111011
00010001110110011100101011111011001000100011011110
10010100001011110001010110001100000111101000011001
01011110010001011001111011010000001000000111110000
00001000100010000110010110011101101001011011111110
01111101111110100001000101110100111010111001111110
2 1
1 7 -6
2 3
1 1 -11
1 13 -2
50 50 4
11011111011110101101110100011100001101011011000101
01011100100111000111111110100001110100100111101010
01100000110001111101000111010011100001010011110000
11100011100011001101101000110010110110010111010111
00001101011110010000111000110010101000010000010111
01101110011111001000011011111001011101010011101100
00101010110011110111000001001001111001010100101011
11001110011101001000111110011101000110001011100000
01001110010110011011101111110011110110110010101101
00111001101000001010110001111101100101101000101110
11110000000100001010011001000011111111100100010010
10011001101111011000001011000011100001110111101111
11101010001111011001101001101000110011110010111101
11001111010011001001111000010101111110001011100011
01000111100111110110010001010110010110100000111100
11111011011100010110010101110000001110101011011100
11110000010011000011111100100011010101100111001010
01011011111100010011101001101100100011001001100101
11001110110110001101010110000101000111110010111101
11011101100111101111111110011100111111111111111001
01110100000010001001110001100100101001010110111100
10011011011100100111110100010000110100110011001101
00101010110111001000010100101001101100010000110011
10111000001110010001001110001101010100101101000101
10100101101100010000110100001100101011011001001001
11100100100110010010001010110110000101110001001101
00010100000100011010110011001011101000111000110110
00001111100001111011110001110001011110010101010010
00111110011011110000110000110000110001001010001101
00101111100001101111001101100010101111011000001000
00100011001100101100110100101010010010101001111101
11010001110100000011111100010100100101001011000101
01001010100110011111011001011000101000000010110000
10111101101111101010000111001010111111111011111010
10010101110101010100010010001001101011100000111111
10011011101110011011001100111000001000011111001001
01111101011111001001101110000100101011110111000001
00001101000011101011111011000110000111100111101111
00001101110010100001111001001101001111111010101110
01000001111101010111100000010011000100011011101001
10111011000000110101101100101111001011110110101111
01100100010001000110111100100001111100010111001111
11101100100001000100111101001000011110110011100000
10010110010111000111101110001100010010000000101010
00011100011110111111110010101110111100101111011100
00110010110101011001010010000001010100110111001011
10111000111011000111000010011000101110011101000011
00001100111001101010111100111110101101011000100111
11100010101111100110011101010110110001110001110111
00100111011111001111010101111010000101110101001010
2 2
1 1 -14
1 11 4
2 1
