257 444 271
185 86 220 158 74 114 32 82 62 5 26 176 250 115 35 151 34 109 73 61 167 55 198 216 169 200 104 143 195 233 231 158 138 151 238 157 225 133 119 26 250 89 230 222 17 117 146 71 193 127 31 57 64 60 54 24 65 74 172 18 56 2 4 20 166 217 152 187 195 162 74 91 152 62 115 40 161 17 44 175 5 251 146 250 15 190 167 18 85 7 45 144 59 165 109 137 230 107 195 31 84 49 94 213 67 188 190 87 66 146 128 176 182 2 32 197 153 238 5 234 158 87 196 195 125 250 145 115 116 71 148 205 76 64 29 50 52 177 224 86 212 243 175 185 87 226 20 246 160 24 120 117 244 219 131 184 69 45 40 131 132 197 49 256 236 36 46 103 23 37 129 224 42 210 125 228 224 221 194 256 59 218 186 26 218 65 240 72 143 168 42 103 93 185 68 56 185 94 159 186 182 109 197 184 135 109 119 120 80 65 153 74 76 67 137 190 235 183 254 235 75 225 105 80 174 125 212 60 200 50 165 29 27 213 152 11 216 246 111 201 177 19 16 238 255 240 100 180 40 33 22 32 238 206 107 197 215 246 59 253 46 175 224 144 182 106 222 103 227 117 165 136 225 12 3 67 217 158 101 36 24 103 50 224 244 23 165 158 256 133 67 58 158 43 199 4 225 116 26 53 89 210 54 251 227 170 106 197 179 44 251 204 190 243 3 223 221 59 41 1 86 19 9 159 15 54 211 25 71 183 37 98 19 245 192 199 213 54 242 212 134 57 190 196 90 97 143 81 255 141 200 97 59 12 120 203 42 142 126 175 83 150 44 154 69 231 22 132 4 121 175 50 184 202 204 63 184 165 230 155 73 134 174 115 84 177 140 250 233 6 121 90 151 12 99 62 143 256 51 219 174 29 63 30 178 47 147 48 49 148 190 137 195 168 253 83 198 12 121 184 98 11 87 69 64 251 94 1 136 217 109 64 229 82 223 53 226 131 163 109 150 178 118 125
63 3
84 4
25 6
166 8
106 9
55 12
256 13
157 15
132 17
177 19
215 21
63 23
10 24
195 26
45 28
40 29
221 31
154 33
228 35
54 36
93 39
52 45
54 51
126 52
138 53
89 54
62 55
131 57
32 58
186 32
237 61
111 66
169 67
216 70
120 72
75 74
165 77
38 80
245 81
207 85
73 86
226 73
76 87
134 76
232 91
243 92
158 94
155 98
50 99
254 50
188 101
34 102
65 34
134 65
63 103
109 63
10 108
109 10
238 113
255 115
256 116
190 118
158 119
171 120
243 121
126 123
232 125
251 126
202 127
106 128
170 106
222 129
249 131
68 133
132 68
236 132
149 134
231 135
205 140
139 141
217 139
229 145
89 149
154 89
217 150
238 151
22 152
111 154
90 111
41 155
27 157
46 27
82 46
180 82
255 158
16 159
1 160
243 161
69 165
156 69
201 166
213 170
43 171
220 43
95 174
79 175
199 79
30 178
257 30
109 179
59 109
176 59
190 181
84 182
56 84
206 183
257 185
97 188
16 97
232 16
42 190
41 42
221 191
220 192
255 196
247 197
229 198
153 201
122 202
221 122
163 205
251 163
37 206
199 37
239 207
40 208
22 209
143 22
156 143
204 156
5 204
49 5
142 49
136 142
186 210
136 186
100 211
104 100
40 212
2 40
93 214
38 93
253 216
193 217
11 193
227 11
104 219
14 104
250 14
25 221
71 25
176 222
255 176
48 223
75 225
124 75
148 228
162 148
237 162
173 230
144 173
200 144
110 200
90 110
167 90
248 231
233 234
47 233
184 47
153 184
203 153
195 203
137 195
249 236
220 238
138 220
147 240
167 241
7 167
114 7
194 114
64 194
224 242
117 224
215 117
252 215
44 243
251 244
232 246
44 232
245 247
78 248
2 78
96 2
250 96
88 250
124 88
64 251
71 64
130 71
147 252
218 147
226 218
138 226
62 138
199 62
169 199
41 253
245 41
146 245
130 146
180 130
56 180
95 56
164 95
20 164
172 20
38 172
254 38
177 256
213 177
136 213
255 136
235 255
83 235
137 83
168 137
187 168
124 187
254 124
229 254
249 229
189 249
237 189
18 237
105 18
169 105
1 169
60 1
227 60
48 227
239 48
107 239
44 107
112 44
112 257
