1000 1000
1 2
2 3
2 4
1 5
2 6
6 7
6 8
3 9
4 10
4 11
6 12
10 13
7 14
10 15
10 16
14 17
2 18
2 19
6 20
6 21
11 22
2 23
16 24
19 25
2 26
4 27
13 28
2 29
24 30
23 31
6 32
15 33
5 34
4 35
16 36
19 37
14 38
29 39
10 40
35 41
24 42
26 43
27 44
43 45
10 46
30 47
27 48
16 49
2 50
37 51
11 52
14 53
31 54
40 55
38 56
14 57
13 58
23 59
25 60
55 61
17 62
61 63
3 64
11 65
22 66
49 67
22 68
5 69
18 70
21 71
6 72
56 73
72 74
53 75
20 76
44 77
7 78
77 79
62 80
68 81
30 82
69 83
72 84
20 85
58 86
49 87
85 88
50 89
86 90
13 91
11 92
80 93
73 94
9 95
59 96
78 97
81 98
77 99
41 100
89 101
72 102
56 103
15 104
14 105
51 106
66 107
40 108
98 109
2 110
75 111
13 112
14 113
96 114
76 115
98 116
28 117
106 118
20 119
54 120
58 121
102 122
113 123
115 124
115 125
12 126
50 127
99 128
107 129
11 130
93 131
87 132
59 133
46 134
15 135
68 136
39 137
133 138
109 139
8 140
97 141
140 142
134 143
125 144
139 145
108 146
42 147
119 148
131 149
21 150
31 151
60 152
85 153
146 154
121 155
125 156
153 157
13 158
141 159
78 160
57 161
116 162
120 163
90 164
64 165
1 166
105 167
133 168
94 169
137 170
162 171
155 172
65 173
60 174
168 175
11 176
133 177
103 178
8 179
171 180
76 181
79 182
62 183
41 184
163 185
131 186
77 187
83 188
187 189
88 190
92 191
123 192
98 193
86 194
25 195
20 196
70 197
26 198
125 199
85 200
178 201
22 202
125 203
128 204
38 205
62 206
10 207
49 208
202 209
74 210
6 211
75 212
125 213
195 214
109 215
16 216
9 217
27 218
217 219
15 220
199 221
175 222
90 223
55 224
126 225
176 226
82 227
92 228
24 229
138 230
19 231
165 232
150 233
100 234
169 235
29 236
16 237
219 238
106 239
43 240
172 241
235 242
229 243
25 244
122 245
220 246
85 247
128 248
129 249
129 250
51 251
225 252
87 253
75 254
126 255
131 256
256 257
221 258
151 259
18 260
170 261
120 262
40 263
231 264
137 265
60 266
105 267
22 268
185 269
160 270
51 271
149 272
208 273
107 274
32 275
199 276
209 277
184 278
255 279
124 280
258 281
48 282
144 283
111 284
97 285
71 286
214 287
257 288
59 289
222 290
257 291
149 292
199 293
217 294
36 295
99 296
41 297
291 298
298 299
244 300
269 301
268 302
8 303
278 304
170 305
206 306
63 307
111 308
210 309
5 310
254 311
267 312
2 313
88 314
142 315
245 316
266 317
15 318
41 319
205 320
78 321
256 322
1 323
320 324
145 325
294 326
254 327
326 328
205 329
145 330
2 331
176 332
194 333
73 334
159 335
234 336
182 337
122 338
337 339
239 340
203 341
341 342
192 343
169 344
4 345
224 346
202 347
174 348
222 349
279 350
261 351
55 352
37 353
71 354
274 355
275 356
59 357
232 358
231 359
231 360
359 361
353 362
103 363
220 364
149 365
144 366
141 367
174 368
251 369
22 370
244 371
330 372
60 373
78 374
356 375
74 376
115 377
279 378
337 379
64 380
164 381
183 382
75 383
332 384
109 385
377 386
46 387
83 388
289 389
341 390
280 391
280 392
177 393
285 394
26 395
153 396
104 397
30 398
390 399
102 400
278 401
392 402
315 403
183 404
356 405
269 406
62 407
87 408
324 409
155 410
194 411
75 412
367 413
234 414
118 415
400 416
107 417
27 418
262 419
353 420
39 421
317 422
336 423
343 424
12 425
373 426
417 427
6 428
219 429
119 430
215 431
23 432
6 433
425 434
333 435
228 436
312 437
319 438
294 439
168 440
394 441
106 442
311 443
171 444
355 445
179 446
117 447
357 448
92 449
204 450
318 451
107 452
438 453
236 454
93 455
61 456
289 457
292 458
325 459
93 460
383 461
37 462
49 463
400 464
393 465
176 466
359 467
373 468
240 469
197 470
89 471
326 472
177 473
221 474
358 475
160 476
336 477
39 478
278 479
362 480
341 481
251 482
458 483
163 484
415 485
449 486
439 487
48 488
456 489
348 490
430 491
299 492
314 493
476 494
10 495
163 496
163 497
173 498
138 499
398 500
312 501
473 502
333 503
15 504
468 505
247 506
330 507
276 508
432 509
482 510
225 511
205 512
31 513
305 514
506 515
332 516
19 517
161 518
58 519
208 520
371 521
359 522
398 523
91 524
97 525
144 526
40 527
410 528
284 529
392 530
100 531
201 532
457 533
254 534
360 535
387 536
43 537
440 538
246 539
530 540
492 541
414 542
481 543
463 544
209 545
435 546
423 547
509 548
460 549
422 550
220 551
330 552
97 553
132 554
529 555
219 556
238 557
337 558
91 559
172 560
497 561
248 562
421 563
113 564
301 565
166 566
161 567
194 568
295 569
230 570
145 571
407 572
522 573
441 574
41 575
411 576
516 577
266 578
513 579
326 580
429 581
134 582
388 583
127 584
453 585
215 586
424 587
328 588
174 589
455 590
475 591
557 592
207 593
562 594
538 595
565 596
256 597
224 598
255 599
551 600
432 601
14 602
324 603
508 604
45 605
330 606
358 607
159 608
93 609
254 610
316 611
268 612
82 613
238 614
156 615
486 616
322 617
32 618
393 619
274 620
190 621
325 622
551 623
434 624
237 625
149 626
120 627
590 628
175 629
430 630
290 631
105 632
126 633
549 634
147 635
227 636
232 637
343 638
607 639
48 640
224 641
271 642
57 643
290 644
354 645
478 646
533 647
246 648
231 649
197 650
650 651
292 652
533 653
491 654
372 655
473 656
197 657
472 658
431 659
173 660
220 661
312 662
126 663
288 664
254 665
259 666
171 667
436 668
301 669
211 670
459 671
243 672
167 673
338 674
271 675
58 676
268 677
362 678
317 679
670 680
87 681
648 682
174 683
121 684
67 685
6 686
573 687
6 688
286 689
179 690
52 691
86 692
54 693
97 694
448 695
114 696
552 697
388 698
222 699
585 700
49 701
631 702
285 703
270 704
496 705
52 706
126 707
39 708
303 709
101 710
311 711
614 712
18 713
46 714
604 715
207 716
657 717
452 718
123 719
30 720
195 721
90 722
330 723
410 724
457 725
354 726
420 727
598 728
474 729
17 730
434 731
332 732
276 733
328 734
22 735
216 736
307 737
157 738
132 739
256 740
81 741
356 742
484 743
211 744
658 745
4 746
411 747
674 748
80 749
739 750
122 751
304 752
280 753
84 754
317 755
679 756
461 757
399 758
520 759
6 760
614 761
673 762
135 763
269 764
12 765
55 766
363 767
740 768
665 769
476 770
139 771
36 772
671 773
230 774
478 775
565 776
471 777
594 778
182 779
264 780
355 781
335 782
184 783
470 784
451 785
436 786
112 787
610 788
495 789
604 790
33 791
767 792
410 793
582 794
133 795
91 796
75 797
222 798
428 799
590 800
233 801
146 802
43 803
306 804
456 805
748 806
308 807
773 808
69 809
530 810
24 811
445 812
623 813
43 814
126 815
337 816
478 817
483 818
547 819
817 820
156 821
168 822
247 823
262 824
522 825
616 826
199 827
712 828
347 829
200 830
461 831
432 832
571 833
250 834
338 835
467 836
252 837
605 838
176 839
27 840
320 841
775 842
284 843
642 844
782 845
817 846
21 847
302 848
580 849
467 850
758 851
242 852
454 853
428 854
611 855
702 856
8 857
392 858
449 859
838 860
125 861
215 862
463 863
157 864
3 865
705 866
566 867
721 868
5 869
80 870
414 871
542 872
415 873
344 874
434 875
327 876
135 877
379 878
475 879
74 880
160 881
708 882
448 883
611 884
214 885
347 886
333 887
332 888
285 889
384 890
2 891
53 892
286 893
149 894
808 895
282 896
438 897
854 898
618 899
465 900
737 901
838 902
724 903
288 904
218 905
545 906
853 907
670 908
195 909
878 910
663 911
820 912
311 913
584 914
654 915
725 916
832 917
549 918
892 919
659 920
754 921
239 922
435 923
873 924
330 925
816 926
456 927
286 928
582 929
824 930
54 931
611 932
325 933
85 934
811 935
891 936
907 937
256 938
168 939
141 940
808 941
888 942
789 943
423 944
606 945
631 946
270 947
846 948
716 949
793 950
106 951
635 952
494 953
904 954
225 955
721 956
424 957
873 958
243 959
608 960
776 961
713 962
101 963
452 964
749 965
490 966
372 967
339 968
827 969
597 970
170 971
369 972
342 973
920 974
707 975
159 976
350 977
85 978
880 979
321 980
62 981
816 982
596 983
121 984
200 985
816 986
942 987
424 988
291 989
579 990
261 991
508 992
863 993
435 994
976 995
297 996
5 997
333 998
443 999
847 1000
811
613
212
846
247
23
550
505
921
290
769
332
357
864
247
988
351
585
174
218
393
286
202
282
281
233
948
170
202
678
77
913
83
309
422
512
626
233
473
871
111
541
978
146
556
53
429
963
677
343
490
202
64
82
875
299
14
829
443
583
195
174
401
292
97
281
329
616
203
556
412
725
782
805
660
403
974
559
581
787
139
699
637
942
749
885
396
76
974
914
925
830
19
627
381
95
310
551
255
847
865
798
707
62
525
458
262
500
668
820
152
175
921
376
301
36
684
546
268
945
652
385
580
528
647
364
551
234
632
577
854
211
37
630
748
767
987
164
997
763
688
283
591
142
145
500
513
521
348
286
549
727
229
392
513
418
789
584
298
976
419
647
358
75
940
546
568
878
772
260
612
862
865
348
290
509
447
721
665
486
576
224
996
724
741
268
308
763
863
311
526
455
586
404
117
844
183
506
978
761
956
967
69
316
228
610
262
633
893
809
702
468
860
316
152
977
305
158
92
633
105
381
989
806
497
69
20
269
714
35
141
236
601
92
567
232
765
404
57
270
275
488
655
962
565
876
573
560
690
579
328
15
306
886
627
845
237
201
416
123
412
930
522
410
911
398
35
219
15
43
890
951
599
7
493
742
475
568
257
34
239
228
863
488
774
375
226
839
478
422
230
830
847
637
479
804
42
628
255
970
384
881
161
527
826
624
424
795
177
126
705
157
457
458
727
738
179
233
781
538
637
388
769
430
453
898
886
82
713
979
314
493
467
620
622
90
407
727
195
468
729
127
931
533
47
693
347
983
893
445
805
929
81
25
615
300
908
37
609
516
19
543
668
832
869
703
883
974
730
487
9
510
791
419
464
955
315
687
952
692
236
963
530
714
20
100
158
686
93
74
727
362
377
192
626
720
57
97
737
407
527
600
52
551
834
900
683
469
675
540
874
203
311
210
147
17
297
164
262
287
851
597
667
130
682
531
532
840
566
921
436
321
334
182
519
110
25
58
554
791
770
220
149
275
253
748
639
236
593
351
695
49
98
141
924
631
586
478
93
759
828
207
768
786
827
519
417
714
767
137
888
661
527
636
743
278
65
693
963
890
324
280
821
1
868
891
476
343
172
369
477
461
594
199
577
342
138
353
816
284
520
957
312
576
577
426
947
186
801
579
744
460
79
86
2
610
967
363
736
491
61
161
773
547
57
487
953
100
396
533
615
603
778
171
926
360
456
556
234
705
337
639
781
426
440
148
550
967
171
119
691
697
821
465
567
368
853
117
511
989
336
299
677
823
315
747
681
670
398
122
350
645
441
573
756
299
612
959
701
564
467
119
692
438
344
472
814
544
397
514
511
634
311
436
879
253
100
876
713
488
763
42
530
12
786
324
552
238
186
214
906
18
980
46
178
777
539
543
570
232
912
807
181
108
860
832
887
79
302
428
262
530
7
591
138
46
612
408
422
344
421
389
6
988
590
300
153
674
92
495
583
67
355
796
605
945
846
858
228
535
561
919
590
517
564
248
462
113
240
778
689
332
122
517
834
261
318
185
475
96
995
827
39
725
596
321
393
793
943
302
747
729
893
580
900
856
741
145
568
860
738
323
877
561
650
521
990
167
622
607
165
234
139
279
124
63
851
530
780
685
941
747
599
887
210
225
538
138
312
956
844
902
378
222
700
968
599
370
139
880
845
677
531
30
856
981
42
934
328
609
643
773
785
722
21
691
428
363
639
162
228
281
886
487
118
531
390
363
706
167
198
644
699
822
442
187
467
143
497
852
480
526
943
32
504
905
291
604
510
220
736
478
590
616
36
218
396
784
129
577
951
383
8
438
558
101
906
677
505
632
669
974
151
368
502
676
411
241
625
544
808
298
414
724
506
992
812
887
590
979
678
50
462
949
265
636
800
238
349
269
381
285
467
299
448
818
504
773
409
385
470
555
153
31
447
310
968
580
881
258
770
192
727
572
883
64
946
216
115
119
249
863
176
964
469
309
544
546
521
752
461
266
70
776
308
806
33
921
197
750
804
364
933
381
128
171
623
618
330
698
243
206
952
273
504
773
366
888
766
225
770
70
836
538
15
76
90
71
899
299
105
205
607
157
314
941
379
458
276
946
36
918
767
713
852
360
964
655
320
764
708
788
273
649
669
997
321
626
211
371
621
355
233
298
830
970
138
359
583
86
702
797
567
816
249
611
978
708
811
904
758
847
954
982
839
775
658
353
319
364
429
658
780
937
597
301
101
451
234
923
521
813
148
400
628
728
797
180
977
352
