100 5000
5 12
50 50
20 21
62 84
21 121
23 120
16 22
24 82
10 107
42 115
14 88
7 8
87 127
50 50
55 91
6 51
50 50
76 94
50 50
40 114
25 116
30 125
72 78
31 65
62 92
50 50
46 116
46 68
27 99
39 40
40 53
42 108
10 108
8 19
46 51
15 42
61 66
50 50
25 101
22 68
3 23
12 91
22 130
24 35
8 16
13 99
4 116
40 94
45 118
60 76
11 93
16 121
10 64
24 84
60 97
49 56
27 130
5 93
39 39
10 82
84 91
7 33
10 71
50 50
50 50
8 129
50 69
4 128
24 110
14 63
42 78
50 101
42 100
24 69
18 66
38 112
12 112
50 50
27 121
50 50
60 91
11 21
89 115
77 107
37 98
36 110
32 97
15 41
13 66
16 64
17 87
89 98
24 109
10 42
42 130
12 60
84 95
48 100
10 126
28 77
