1000 1000000000
989768 16852116
958768 1063970
931623 1044930
926618 1007863
936411 1045028
972165 1041163
652145 930125
978250 1096018
1051610 1119737
926991 1071746
958347 1033137
998121 1081321
902479 1027971
517411 742045
927135 1027312
923502 1082927
945378 1078728
941875 1014829
931641 1028467
132495 693055
20131 165918
929894 1056988
918318 1027930
966103 1028104
905821 1043849
905049 1060527
777374 964975
913167 1014425
1005761 1020265
149854 296930
901232 1056189
926947 1057995
974222 1097829
971412 1007732
132486 795965
963688 1058644
624897 968598
1000450 1007181
144157 226136
940260 1002791
978140 1087707
298411 314483
906223 1073061
989446 1041319
957996 1039411
920028 1099102
946447 1008229
932857 1009605
969188 1089714
996171 1023236
553337 960847
969439 1080792
916209 1034028
927455 1007143
989650 1045418
1019255 1019752
979691 1050016
995261 1021542
4353 12840
996207 1082335
930300 1008726
999136 1018141
989167 1057244
918747 1071871
984255 1086697
962109 1057989
933888 1066258
909866 1079558
140297 617305
988584 1088123
955541 1034484
1047006 1111602
81241 106656
941953 1072345
944247 1025269
945785 1082937
966753 1052073
946452 1066103
906301 1013750
391958 927946
954423 1024712
951179 1016005
977567 1078976
974782 1007808
926394 1026088
941573 1073250
365732 367008
980154 1080331
983007 1037496
986266 1074994
958933 1098333
992005 1047360
978923 1074340
917988 1084322
978708 1029705
1004728 1044552
923320 1001325
976972 1008271
985829 1082274
999494 1098220
959271 1004451
942585 1018005
10239 434985
114053 175885
994166 1086290
1042559 1094557
916559 1090804
997093 1046552
993033 1090585
940071 1091577
929601 1025681
946405 1087993
150279 832238
923637 1055352
928847 1055680
917003 1071138
10553 13583
916761 1088822
196190 302458
999296 1072426
988866 1070340
1095368 1106599
382686 547182
340451 350762
1037573 1126671
967612 1066404
959278 1074081
1035814 1081718
917351 1005214
903974 1053376
901606 1046466
308427 497190
976142 1042850
483335 526175
991231 1078451
901690 1082900
947627 1060175
3209 52628
1017724 1026117
932616 1074785
1041608 1117788
935324 1075183
989028 1079426
981068 1096079
987742 1064712
240325 247639
942642 1041072
920001 1035633
917812 1087898
935337 1079381
909818 1065738
977823 1015157
143497 389401
1042016 1060499
944034 1070875
968467 1002934
912204 1076311
970097 1008331
931109 1075408
958722 1088115
929906 1048278
1025046 1114377
961773 1065560
906895 1056783
933354 1061594
950593 1075346
924713 940383
942574 1055837
924317 1087958
267459 665859
953015 1078376
944070 1043133
925664 1027992
976698 1092166
952732 1005768
978596 1087511
985658 1023595
992130 1087810
125181 191667
992671 1070483
238056 968410
442584 528094
954457 1090765
935583 1009331
986897 1007034
986809 1005235
970931 1008792
1077870 1136296
987597 1064435
941059 1054223
1046905 1131239
977330 1050929
1036141 1119646
976720 1012872
1084853 1120973
908058 1052361
906519 1029305
955822 1033932
747753 851389
280012 446630
1040429 1094889
913474 1011302
923301 1028157
914229 1008907
982507 1013874
973211 1025433
69610 107364
981198 1061142
910516 1005524
1014865 1019300
947207 1055271
1089132 1161679
905864 1013766
965343 1007508
520597 715385
943336 1015018
1017136 1080915
1053780 1062696
964342 1091613
973461 1078174
876884 934256
957401 1043388
969662 1049563
993466 1051761
969939 1074676
901557 1075855
983591 1057864
952805 1071144
992309 1039717
924772 1058922
999823 1069000
939603 1038338
912929 1032272
922671 1062853
938918 1062488
974578 1058975
1029271 1074745
977097 1029328
989968 1020787
975383 1036669
950533 1064222
990571 1017000
922779 1080456
1010987 1081744
903292 1056603
918456 1010857
963572 1003721
915114 1084495
956328 1087190
971170 1050517
1053162 1056541
990787 1006055
924124 1022946
425721 450873
951059 1001631
940999 1096285
993049 1073034
967118 1031759
12605 401312
956647 1066097
931 882112
996753 1050525
947301 1062304
47926 344145
962943 1017278
977914 1012479
950006 1013625
937208 1096770
906973 1039729
947007 1018251
374262 418619
988335 1002540
984766 1088322
946461 1076268
340839 528019
1078207 1177550
910601 1026299
968122 1002509
981663 1059170
906444 1048078
956160 1075740
953822 1082240
938239 1084463
931190 1017751
927149 1027445
984929 1063757
901569 1055637
931678 1009952
991438 1073091
920237 1021082
935115 1037313
904647 1003351
952998 1072123
912314 1073752
419542 472148
1055581 1103052
999703 1047106
806595 928522
938851 1031477
1063722 1071601
954386 1042548
942839 1049279
1041903 1135227
992182 1053585
978547 1083072
968461 1082701
950279 1055975
977506 1020182
945183 1077158
1062065 1138041
168935 565223
906469 1037838
76623 324190
945711 1009827
909821 1070640
968360 1002683
916686 1039814
1026400 1060103
964197 1095955
988983 1051941
1012044 1057523
940310 1000320
943280 1080573
915864 1008066
705405 737061
959262 1037869
938572 1071519
948975 1014829
934994 1043693
965485 1073059
917889 1040285
1049968 1085470
908817 1006732
910027 1090636
946808 1049728
987251 1090217
987770 1014291
919611 1076304
3991 107593
986420 1013873
951485 1009062
943555 1033435
961040 1044446
951717 1094483
958608 1025961
968132 1083654
971008 1022672
981490 1022291
913344 1069971
930538 1081657
972399 1087028
3877 34161
1026809 1084885
955184 1085622
46497 413635
940200 1019998
181501 224347
1035921 1106348
790950 938844
252962 977959
1041202 1127402
1018659 1110290
208520 397505
987812 1079848
1044887 1133253
934602 1066779
910963 1078597
991144 1085074
978669 1030045
917534 1033413
972206 1061798
997566 1070788
912610 1093181
969624 1029736
931001 1096218
976239 1035213
178385 721768
935696 1078930
948704 1001577
980166 1087061
973969 1020082
663044 769352
952977 1009354
918632 1098651
901911 1042114
942300 1020707
909682 1022094
959272 1075093
965198 1039116
924115 1042238
940809 1092760
1077454 1136267
926579 1034792
997885 1082803
926297 1055815
997610 1008521
245503 261475
902694 1023778
968718 1021209
992314 1004196
35068 666655
914077 1003160
983884 1075056
991179 1005820
997353 1097538
992128 1044969
949567 1022283
944716 1007950
913828 1040211
963028 1082692
960479 1060171
968647 1036375
938499 1059595
1080030 1144550
404733 928369
1064429 1148983
933052 1056027
968785 1098364
930346 1069522
932413 1027256
903485 1006166
1018649 1105111
102793 194508
942447 1099331
943187 1020091
1096266 1120984
955436 1080147
215405 636107
970745 1056586
133903 166776
150562 782389
167680 227675
911097 1054458
967945 1054214
961236 1051575
914444 1013901
988421 1047441
46690 84058
967865 1022148
87194 115781
1075828 1108162
940803 1000297
993435 1091341
1013466 1023453
1016755 1066119
11329 77941
923963 934978
907541 1035330
964504 1026849
969194 1085980
1064043 1130819
983121 1098311
963436 1041811
906343 1012172
903049 1033891
960238 1089717
1026520 1046526
901360 1063120
976157 1043504
990672 1023737
903671 1060673
958999 1074932
930003 1083957
526063 733779
993997 1027947
6374 22336
641366 815197
912679 1066321
960465 1077902
274155 500041
977764 1027104
938244 1007352
1032717 1075447
1094090 1163999
933867 1067876
971569 1022710
983295 1047615
300484 846595
910216 1042763
1007372 1083228
938791 1094613
921180 1025313
1043547 1135154
982051 1008263
960102 1004514
114776 742121
904033 1057637
941237 1069259
1019755 1041469
208032 723082
1079035 1170885
981167 1072879
988214 1026349
926783 1070488
328317 419045
1070375 1126381
935255 1047400
930808 1099706
976538 1065844
941714 1047896
1018078 1066411
1019348 1047740
913175 1068093
992592 1080638
917977 1025206
927195 1070627
992688 1099332
997141 1030534
1011986 1018473
36125 46601
1000285 1045339
915269 1049023
1091466 1132039
976816 1052140
1041642 1043367
951695 1095354
941109 1087582
958989 1012028
952316 1080076
906243 1083167
926810 1031621
993959 1080232
1082706 1171467
964364 1073677
921292 1048691
1037357 1111453
208826 407049
908985 1042365
916634 1076157
975353 1090022
906496 1099855
935890 1042982
993149 1007400
953059 1094807
961649 1030253
989834 1078468
981457 1040183
966270 1066423
1080110 1148765
944783 1057332
952203 1014214
1057068 1146181
1026314 1098157
997970 1040134
918366 1027599
242192 538909
930535 1068049
997049 1054137
976984 1079145
925731 1089260
914682 1012671
939274 1008120
986284 1008450
1088322 1128578
946852 1031217
916545 1018134
983597 1031461
920037 1053298
987268 1064502
993548 1018429
1048058 1067640
1062578 1087847
595238 937653
996146 1089971
957522 1039510
960146 1057686
918224 1013791
925723 1005249
941737 1018738
1083088 1166015
926593 1042991
1059384 1074023
955518 1052836
1099150 1179570
1092974 1164152
960188 1077061
904741 1006401
151815 712871
408950 573956
965798 1050923
955094 1097961
67843 101254
31903 262242
917425 1095481
1001538 1001729
932184 1048162
925279 1084651
1061234 1133034
349944 621939
903029 1094807
926697 1016875
976212 1061429
942134 1051124
913898 1055780
627292 698255
1021006 1113416
916390 1074209
928191 1090888
959519 1039581
987249 1032035
1090990 1104273
1091548 1162466
911074 1091694
249283 557275
921715 1066197
964857 1037043
66065 75565
999793 1077540
771464 814307
988686 1014299
952415 1013733
961078 1094962
183897 190983
952792 1031372
56445 557845
977851 1039337
948199 1037476
988636 1040098
922212 1095031
945576 1073452
1087773 1108796
1032103 1125482
961055 1046776
36312 223004
965543 1077243
1088613 1101074
952673 1030453
950728 1041597
905590 1058778
991810 1043682
304283 402497
989200 1066312
1030278 1101826
1015139 1110506
924460 1017528
1062378 1133842
978470 1017938
946647 1038363
1059308 1069106
1057046 1087765
969795 1063814
97911 146345
951127 1014288
932995 1068019
902811 1029016
957607 1058468
1019274 1070192
969517 1080309
1050920 1132992
909212 1054673
952948 1055195
970506 1016038
922831 1074758
1084213 1101950
915200 1085595
924152 1014585
152716 342225
945576 1067882
922639 1066253
956383 1040805
976735 1057611
1020398 1034165
1093450 1146372
960679 1029564
967263 1019829
909076 1069031
1004923 1062366
978954 1012999
698214 902862
1083948 1113188
988343 1082680
1058801 1119469
994479 1056717
1049467 1060478
152334 374993
1093758 1189660
983051 1064945
948512 1003085
1082039 1168234
971578 1015034
106336 631187
943733 1061832
967132 1022539
44309 188589
956355 1069106
926751 1035362
929491 1085251
977427 1099654
977425 1017837
545344 656793
940206 1022046
937988 1080449
1075521 1159862
947790 1018044
1076663 1099061
949504 1013127
989181 1033674
902507 1080755
907827 1011417
1034267 1086301
1094136 1182370
445305 454121
903167 1068764
1053637 1108482
932235 1022342
909651 1077002
940046 1054750
924424 1065917
978268 1048066
969748 1035550
936077 1005080
934898 1055320
923406 1091836
1064899 1140071
967463 1031848
931007 1068574
965957 1074543
933827 1028324
38872 332089
988237 1080097
59761 146016
996290 1002309
1010686 1086247
986000 1078549
915833 1066847
906491 1026684
364123 870305
948278 1076374
921573 1007477
1057281 1058803
37370 63528
983500 1075331
909341 1060719
924756 1079532
916371 1083812
928023 1061983
81724 538448
933870 1067132
1036296 1109736
927497 1094962
944802 1018068
1053200 1087250
1087076 1118860
985904 1044147
931458 1034508
979829 1097586
955092 1028575
902583 1090671
995138 1010648
915861 1059126
939249 1097248
984816 1059989
950487 1052338
955211 1007560
902349 1096075
936319 1053796
925896 1055415
943831 1042951
955333 1046754
914558 1072408
906129 1010697
992370 1069775
983568 1020468
943884 1027523
1024119 1056691
981348 1075988
946394 1016827
314913 434184
133692 524831
914484 1079326
952799 1005346
944233 1091114
71611 945916
922145 1090930
986678 1072326
1026763 1063996
910553 1015381
1053526 1120397
925536 1065969
949844 1015054
910047 1097851
592144 874938
78167 557969
982254 1015717
935732 1019800
990589 1066615
946535 1012923
1031203 1061261
1042565 1068420
987581 1007701
935084 1084837
999428 1077046
588574 732141
912709 1085356
1019825 1036826
984494 1062286
984876 1011166
982691 1086322
904187 1040433
931570 1082006
908749 1039932
986587 1087483
948179 1014546
955920 1014269
1097922 1193454
952775 1092280
1038004 1039290
502161 712099
906864 1065875
901024 1047273
1080059 1123270
1014546 1050404
1046858 1115325
1083850 1124279
143942 288059
988496 1014047
935716 1050395
167041 244464
114599 269676
994771 1050479
1012006 1089283
840951 879414
968839 1065009
1038393 1043135
982838 1055831
948548 1042495
988041 1084260
921639 1071820
274897 708904
1056297 1115639
909832 1079077
956479 1096715
969065 1029628
1039860 1082917
972418 1065537
385394 394016
914699 1022908
993135 1054510
963674 1075115
921419 1094576
952705 1066217
1071882 1127174
974215 1028972
960997 1096884
993295 1086245
971562 1072987
990359 1036475
965591 1069727
987332 1084103
957039 1070189
1005601 1088613
954261 1026439
987004 1087623
920011 1045931
992612 1013207
944464 1089364
984244 1000432
935651 1022023
284796 339625
1039893 1074238
990520 1017894
903467 1019361
903718 1094629
1092633 1125438
70549 101837
904190 1062428
261787 392537
965350 1079965
181933 786580
925391 1000803
981344 1021468
1030275 1085571
324204 763287
1003981 1013634
916740 1005637
934110 1069136
929983 1046928
1064004 1146548
943891 1022824
932962 1096981
1059618 1133720
954729 1067136
983438 1053287
943061 1083519
962113 1060357
1066315 1123190
914682 1031199
990517 1082943
575987 814376
598881 913607
1013867 1092363
978730 1043933
916653 1007763
904338 1069550
995386 1032552
922367 1081419
1004526 1051223
952292 1002438
195891 506222
922152 1087974
963283 1058164
988707 1069544
924103 1031315
961639 1093693
980755 1037117
984739 1000459
1073590 1129347
911300 1084743
947508 1066562
992354 1046359
988602 1054357
965416 1076345
952318 1028954
911600 1012268
908347 1073615
595116 787130
18568 33015
917340 1081598
981113 1061106
946592 1031459
989645 1041155
939611 1002295
921606 1051612
42062 837750
991524 1098037
950103 1015228
902495 1008524
965319 1072576
971699 1042772
933855 1043140
995436 1064598
973765 1043807
907824 1050025
1046092 1131183
968169 1035586
1061338 1144471
1004106 1020354
948772 1053242
166073 325118
910903 1026471
959990 1054596
1097026 1172927
907670 1055858
947178 1076612
973108 1056446
911748 1012126
969800 1087318
912854 1073880
1002004 1078089
955544 1069108
987568 1051856
932804 1033751
976724 1024425
986694 1098896
939856 1092555
975179 1006360
975878 1008553
1071706 1117263
139754 845180
978146 1046216
911166 1010810
940085 1089491
982535 1076702
984152 1021167
967673 1073565
991772 1091706
993686 1039143
928847 1060987
387071 604985
959051 1019070
972215 1045490
979551 1092681
94363 240539
964070 1062530
938897 1065086
986382 1041373
986467 1057403
959535 1074427
946242 1083415
960730 1064107
1005175 1040233
907076 1006332
990855 1014560
979925 1097708
918434 1017715
903512 1074914
945700 1051668
1040733 1126736
1005069 1096584
964692 1040255
968177 1091759
1016503 1025035
966369 1095729
908399 1018755
300072 563502
821635 843371
997893 1072856
916824 1014519
964581 1022121
920401 1053016
