12
8 8
1 0 0 1 0 1 0 0 
1 2 596749
1 3 69640
3 4 266642
1 5 146186
4 6 265605
5 7 283458
4 8 71954
7 3 2 5 8 6 1 4 
9 9
0 1 1 0 0 1 1 1 1 
1 2 704736
2 3 186476
3 4 5823
4 5 942143
2 6 401153
2 7 35532
4 8 826159
2 9 392381
4 9 8 2 7 3 5 6 1 
1 1
1 
1 
3 3
0 1 1 
1 2 920173
1 3 349495
1 3 2 
3 3
1 1 0 
1 2 843114
1 3 164971
3 1 2 
9 9
0 0 0 1 0 1 1 1 0 
1 2 937014
2 3 170859
3 4 250811
2 5 19505
5 6 451814
2 7 830232
7 8 11153
2 9 972929
9 2 8 6 3 4 1 7 5 
19 19
1 1 1 1 0 1 1 0 1 1 1 0 1 0 1 0 0 1 0 
16 5 319488
15 6 810452
13 8 486111
3 9 458664
3 11 769210
15 3 254665
7 12 791401
19 7 283562
10 14 358329
18 16 469605
10 18 687284
1 10 341881
4 1 966310
2 4 953482
13 2 349473
17 13 436538
15 17 714214
19 15 946564
12 10 14 17 19 8 15 1 7 18 5 6 13 4 16 11 3 9 2 
3 3
0 1 1 
3 1 40201
3 2 434369
2 1 3 
36 36
0 0 1 0 1 1 1 0 0 0 1 0 1 1 0 0 0 1 1 1 1 0 0 1 1 0 0 1 1 1 1 0 1 1 0 0 
27 5 859956
23 6 812212
36 7 472137
20 9 250246
24 12 556853
4 13 773268
30 4 991851
16 15 170966
3 16 412852
19 18 169353
26 19 46800
8 21 49502
34 23 682962
10 26 381046
24 10 293933
14 24 826877
11 28 250396
17 30 575972
14 31 95225
3 32 279335
1 3 503207
22 1 470789
2 22 651415
8 33 456104
20 8 261027
27 34 214216
14 35 751323
11 14 817310
20 11 732919
27 20 528813
17 27 704877
2 17 823936
29 2 209829
25 29 950403
36 25 305137
34 4 8 33 31 11 3 27 21 2 15 7 35 6 9 17 24 36 26 25 30 5 23 1 19 14 18 10 29 16 20 22 13 12 32 28 
89 89
1 0 0 1 0 1 0 1 1 0 0 0 1 0 1 1 0 0 1 1 0 0 1 0 0 1 1 0 0 0 0 1 1 1 0 0 1 1 1 0 0 0 0 1 1 0 0 1 1 1 0 0 1 1 1 1 1 1 0 1 0 1 1 1 0 1 1 0 1 0 0 1 0 1 0 1 0 0 0 1 0 1 0 1 1 0 0 1 1 
62 4 711705
42 6 356089
83 11 427815
46 13 653722
75 14 36300
5 15 485899
20 5 841735
72 16 355687
80 20 351463
34 22 423200
28 27 385744
49 30 793388
46 31 356801
19 32 979080
71 33 842473
23 35 361403
67 36 596810
44 37 730168
77 40 477322
81 41 68914
24 42 894818
48 43 635879
63 44 185591
59 45 719287
68 46 551983
60 51 114270
61 52 554463
3 55 316408
28 56 927971
38 28 119962
1 57 612749
39 61 65969
83 39 295976
38 62 454697
17 64 294214
2 17 424500
2 66 920912
21 68 124669
9 72 417575
69 9 842351
71 69 489511
25 71 985081
26 25 915447
86 26 265132
21 73 162896
2 74 470990
47 2 560724
18 47 284745
48 18 905559
54 80 509600
1 54 942577
29 1 784506
82 29 691275
86 81 301329
77 82 453463
53 77 320119
34 53 332071
8 34 845188
70 8 93080
23 70 846703
50 23 880432
63 50 565512
58 86 415123
12 58 396690
10 87 718122
78 10 53891
83 78 970583
63 83 707360
63 88 39485
7 63 229745
60 7 651586
19 60 924979
21 19 857199
65 21 66620
84 65 705885
75 84 851476
85 75 361549
3 85 303646
76 3 796339
48 76 823732
12 48 239990
67 12 467320
49 67 912223
59 49 34669
24 59 981560
79 24 255980
38 79 865765
89 38 180989
27 49 58 63 64 10 16 23 32 31 82 7 67 75 73 29 26 30 88 47 84 78 33 81 2 12 53 35 87 21 38 8 37 5 86 69 41 48 66 76 80 28 22 70 52 71 79 65 54 36 61 57 14 24 18 17 85 59 83 13 3 11 50 34 19 15 60 44 4 55 45 72 74 46 89 62 1 42 77 43 6 9 25 39 68 51 56 40 20 
64 64
0 1 0 0 0 0 1 0 1 0 0 0 1 0 1 0 1 0 1 1 0 1 0 1 0 0 1 0 0 0 0 0 0 1 1 1 0 0 0 0 1 0 1 1 1 1 0 0 0 1 1 1 1 0 0 1 1 1 0 0 1 0 1 1 
1 2 371565
2 3 725834
2 4 108135
1 5 786499
2 6 947424
4 7 160416
2 8 269416
7 9 583335
4 10 643936
6 11 524323
7 12 341998
4 13 221705
12 14 69994
4 15 517011
1 16 807967
8 17 993952
7 18 804739
2 19 627712
19 20 53899
8 21 840478
11 22 109298
3 23 627571
10 24 151044
19 25 710701
25 26 618110
20 27 837768
25 28 456384
23 29 883285
8 30 385512
18 31 480619
17 32 427497
14 33 867715
32 34 842089
16 35 369669
20 36 850249
5 37 595772
5 38 640157
18 39 175764
26 40 989844
28 41 849320
39 42 340213
35 43 708830
10 44 63599
16 45 536500
4 46 821939
35 47 499641
33 48 255016
27 49 142956
20 50 985755
25 51 637093
7 52 621657
18 53 304342
18 54 275213
16 55 968865
48 56 532197
12 57 95412
19 58 96251
43 59 859238
32 60 76417
7 61 378028
32 62 902369
49 63 825915
24 64 451103
15 31 17 1 53 43 35 12 33 8 10 63 3 25 59 40 55 13 29 54 45 27 38 64 26 47 5 41 51 57 6 2 52 44 34 62 30 7 50 61 39 49 16 19 56 58 37 32 20 46 4 42 21 14 60 22 24 36 11 23 28 48 9 18 
3750 3750
1 1 0 0 1 0 1 0 0 1 0 1 0 1 1 1 1 1 1 1 0 0 0 0 0 0 1 1 1 1 1 0 1 1 0 0 0 0 0 1 0 1 0 0 1 1 0 0 0 1 0 1 0 0 0 1 0 0 0 0 0 0 0 0 1 0 0 0 1 1 1 1 1 1 1 1 0 0 1 1 1 0 1 1 0 0 0 0 1 1 0 0 1 0 1 1 1 0 1 1 0 1 0 0 0 1 1 0 0 1 1 0 0 0 1 0 0 1 0 1 0 0 0 0 0 1 0 1 0 1 1 0 1 1 1 0 0 1 1 1 1 1 0 0 1 1 0 1 0 0 1 0 0 1 1 0 0 1 1 0 0 0 1 1 0 1 0 1 0 1 1 1 0 0 1 0 1 1 1 0 1 0 0 1 1 1 0 0 0 0 1 0 1 0 1 0 1 1 1 1 0 0 0 0 1 1 0 0 1 1 0 1 1 0 0 1 0 0 0 1 0 1 1 1 0 1 0 0 1 1 1 0 1 0 0 1 1 0 1 1 0 0 1 1 1 0 0 1 1 0 0 1 0 1 0 1 0 1 1 0 1 0 1 1 0 0 1 1 1 1 0 0 0 1 0 1 1 0 1 1 0 1 0 0 1 0 0 0 0 1 1 0 0 1 1 1 1 1 0 1 0 1 1 0 0 1 1 0 1 0 1 0 0 0 1 0 0 1 0 1 1 1 1 1 1 1 1 1 1 0 0 1 1 0 0 0 0 1 0 1 0 0 0 0 0 1 1 0 1 0 0 0 0 1 1 0 1 1 0 0 1 1 0 1 1 1 0 0 1 1 1 1 1 1 1 1 1 1 1 0 0 1 1 1 1 1 1 1 1 1 1 1 1 0 1 1 0 1 1 0 0 1 0 1 0 1 0 1 1 1 0 1 0 0 1 1 1 1 1 1 1 0 1 0 0 1 0 0 0 1 1 0 0 1 0 0 1 1 1 0 1 0 0 0 0 1 1 0 1 1 0 1 1 1 1 0 0 0 0 0 1 0 0 0 0 1 1 0 0 0 0 0 1 1 1 1 0 0 1 1 1 1 1 1 0 1 1 0 1 1 0 0 1 1 0 1 1 0 1 0 0 1 0 0 1 1 1 0 0 1 0 1 0 0 1 0 1 0 0 0 1 1 1 0 0 1 0 0 0 1 1 0 1 1 0 0 0 1 1 1 1 0 1 0 0 0 1 0 1 0 1 1 0 1 1 1 1 1 0 0 1 1 0 1 0 0 0 0 0 1 0 1 1 1 1 0 1 1 1 0 0 1 1 1 1 1 0 0 0 1 1 1 1 1 0 1 0 1 1 1 1 0 0 1 0 0 1 1 0 1 1 1 1 0 1 1 1 1 0 0 1 0 1 1 1 0 0 1 1 1 0 1 0 1 1 0 1 0 1 0 0 0 1 1 1 0 0 0 1 1 0 0 0 1 1 0 1 0 0 1 1 1 0 0 0 1 1 1 0 0 0 0 1 1 0 0 1 1 1 1 0 0 0 1 1 0 1 1 1 0 1 0 0 1 0 1 1 0 0 0 0 1 1 0 1 0 0 1 0 0 0 0 0 0 1 1 1 0 1 0 1 1 1 1 1 1 1 0 0 0 1 1 1 1 1 1 0 0 0 0 0 1 1 1 1 0 1 0 1 0 0 0 1 1 1 0 0 1 0 1 1 0 0 0 0 1 1 1 0 1 1 1 0 1 0 0 1 0 0 1 1 0 0 0 0 0 0 1 0 0 1 0 1 1 0 1 0 0 1 1 0 1 0 0 0 1 0 0 0 0 0 1 1 1 1 0 0 1 1 1 1 1 0 0 1 1 1 0 0 0 0 1 1 1 1 0 0 1 1 0 0 1 0 0 1 1 1 1 1 1 0 1 0 0 1 1 0 1 1 1 1 1 1 1 1 0 0 1 1 0 0 1 1 0 0 0 0 1 1 1 0 1 0 1 1 1 1 0 1 1 0 0 1 0 0 1 1 1 0 1 1 0 0 1 1 0 0 0 0 0 1 0 0 1 0 0 0 0 1 0 1 1 0 0 1 0 1 1 1 1 1 1 1 1 1 1 0 0 0 1 0 0 0 1 1 1 0 1 1 0 1 1 1 0 0 0 1 0 0 1 1 1 1 1 0 0 0 1 0 1 0 0 0 1 1 0 1 0 1 1 0 1 1 1 0 1 0 0 0 0 0 1 0 1 0 1 1 0 0 1 0 0 1 0 0 1 0 0 0 0 1 0 1 0 1 0 1 1 0 0 1 0 1 0 0 0 0 1 1 0 0 1 0 1 1 0 0 0 1 0 0 0 1 1 1 0 0 1 0 1 1 1 0 1 1 0 1 0 1 1 0 1 1 1 1 0 0 0 0 0 0 0 0 1 0 0 1 1 1 1 1 0 0 0 1 1 0 0 0 1 1 0 1 1 0 1 1 1 0 0 0 1 1 0 0 1 1 0 1 0 1 1 0 1 0 1 0 1 1 1 1 0 1 0 0 0 0 1 1 1 0 1 0 1 1 0 0 1 0 0 1 1 0 1 1 1 1 0 0 0 1 0 1 0 1 1 1 1 0 1 0 1 0 0 1 0 1 1 1 0 0 1 1 0 0 1 1 0 0 1 1 1 0 1 1 0 0 0 0 0 0 1 0 1 0 1 0 0 1 1 1 1 0 0 1 0 0 0 0 0 1 1 1 0 0 1 0 1 0 0 0 1 0 0 0 1 1 0 0 0 1 0 0 1 0 1 0 1 1 1 0 0 0 0 0 1 1 1 1 1 1 1 1 0 0 1 0 0 1 0 0 1 1 1 0 1 0 1 0 0 1 0 0 1 1 0 1 1 1 0 0 0 1 1 1 0 0 0 1 0 0 0 0 0 1 1 1 1 1 0 0 1 1 1 1 0 0 1 1 1 0 0 1 0 0 0 0 0 1 1 0 0 0 1 1 0 1 1 1 1 1 1 0 1 0 0 1 1 1 0 0 1 0 1 1 1 0 1 0 0 1 0 1 0 1 1 1 0 0 1 0 1 1 1 1 1 1 0 1 0 0 0 1 1 0 1 1 0 1 1 0 0 1 1 1 1 1 0 1 1 1 1 1 1 1 0 0 1 0 0 0 1 1 0 0 1 0 0 1 0 1 1 1 0 0 0 0 1 1 0 1 0 1 0 1 1 1 0 0 0 1 1 0 1 1 1 1 1 1 0 0 1 1 1 1 0 0 0 1 0 0 1 0 1 1 1 1 1 1 1 1 1 0 1 0 0 1 1 0 0 0 1 0 0 0 0 0 0 0 1 0 1 0 1 0 0 1 1 0 1 1 0 1 0 0 0 1 1 1 0 1 1 1 1 1 0 0 0 0 0 1 0 0 0 1 0 1 0 1 0 0 1 1 1 0 1 1 0 1 0 0 1 1 0 0 0 0 0 0 1 1 1 0 1 0 0 1 0 1 0 1 1 0 0 0 1 1 1 0 1 1 1 1 1 0 0 0 0 0 1 1 1 0 1 1 1 0 0 1 0 1 0 1 0 0 1 1 1 0 1 0 0 1 1 0 0 0 0 1 0 1 1 0 1 0 1 0 0 1 0 1 0 0 0 1 0 0 1 1 1 1 0 0 1 1 1 0 1 1 0 0 0 0 1 1 1 1 0 1 1 0 0 1 1 0 0 1 0 1 1 1 1 1 0 1 1 0 1 0 1 0 0 1 0 0 0 1 1 0 0 1 0 0 1 0 0 0 0 0 1 1 1 0 0 1 1 1 1 1 0 0 0 0 0 1 0 0 1 1 1 0 0 1 0 1 1 1 1 0 0 1 0 1 1 0 0 1 0 1 1 0 1 1 0 1 0 0 1 0 0 0 0 1 1 0 0 1 1 0 1 1 1 1 1 0 1 0 1 1 1 1 0 0 1 0 1 1 0 1 0 1 0 0 0 1 1 0 1 0 0 0 0 1 1 0 0 1 1 1 1 1 0 1 1 1 0 1 0 0 1 1 0 0 0 0 0 1 0 0 0 0 0 1 0 0 1 0 1 1 1 1 1 0 1 1 1 1 0 0 1 1 1 0 1 0 0 1 1 1 1 1 0 0 0 0 1 1 1 1 0 1 1 1 0 1 0 0 1 0 1 0 0 0 1 0 0 0 1 0 1 1 1 0 0 0 1 1 1 1 1 1 0 0 0 0 0 1 0 1 1 1 1 0 0 1 1 1 0 0 0 0 0 1 0 0 0 0 0 1 0 1 0 1 0 0 0 1 1 0 0 1 0 0 1 0 0 1 0 0 0 0 0 1 0 1 1 1 1 1 0 0 1 1 1 0 0 0 1 0 1 1 1 1 0 0 0 0 0 1 1 1 0 0 0 0 0 1 1 0 0 0 1 0 0 0 1 1 0 0 1 1 1 0 0 1 0 0 0 0 1 0 1 0 1 0 1 1 1 0 1 1 0 1 0 0 1 0 1 1 0 1 1 1 0 1 0 0 0 1 1 0 0 1 1 1 0 1 0 1 1 1 1 1 1 0 1 1 0 0 0 0 1 1 0 0 1 0 1 0 1 0 1 1 1 0 1 0 0 0 1 1 0 1 1 1 0 1 0 0 0 0 0 1 1 0 1 0 0 1 1 0 1 0 1 1 0 1 0 1 1 1 1 1 0 0 1 0 1 1 0 1 1 1 1 1 1 1 1 1 1 0 1 1 0 0 0 0 1 0 1 1 1 0 0 1 0 0 1 0 0 0 0 0 1 1 0 0 1 1 1 0 1 1 1 1 0 0 0 1 0 1 0 1 0 0 1 0 1 0 0 1 1 0 0 0 0 1 0 0 1 0 1 0 1 0 0 0 0 0 1 1 1 1 1 0 1 1 1 1 1 1 1 1 0 1 0 1 1 0 0 0 1 0 1 0 0 0 0 1 0 0 1 1 1 0 1 0 1 0 0 1 1 1 0 1 0 1 0 0 0 1 1 1 1 0 1 1 0 0 0 1 0 0 1 1 0 1 1 1 0 1 1 0 1 1 0 0 0 0 0 0 1 1 0 1 1 0 1 1 0 0 1 1 1 0 0 1 0 0 0 0 1 1 1 1 0 1 1 1 0 1 0 0 1 0 0 0 0 1 1 0 1 0 1 1 1 0 0 0 0 1 1 0 1 0 0 0 1 1 0 1 1 1 0 1 1 0 1 1 0 0 0 1 0 0 1 0 1 1 0 1 1 1 0 1 0 1 1 1 0 1 1 0 1 1 0 1 1 1 1 0 0 1 1 0 1 0 0 1 1 1 1 0 0 1 1 1 0 1 0 0 1 0 0 1 0 1 0 0 0 0 0 1 1 1 1 1 0 1 0 0 0 1 1 0 0 1 0 1 0 0 0 1 0 0 1 0 0 0 0 1 1 1 0 0 1 1 0 1 1 0 1 1 1 0 0 1 1 1 1 1 1 0 0 1 1 0 0 1 1 1 1 0 0 1 0 0 1 0 0 0 1 0 1 0 1 1 0 1 0 0 0 1 1 0 0 1 1 1 0 1 1 0 0 0 1 1 1 0 0 1 0 1 1 1 1 0 0 1 1 0 0 1 0 0 0 1 1 1 0 1 1 1 1 0 0 1 1 1 0 1 0 0 0 1 0 1 0 0 1 1 0 1 0 1 0 0 0 1 0 1 1 0 1 1 1 1 1 0 0 0 1 0 1 1 1 1 0 0 1 1 1 1 1 1 0 0 0 1 1 0 0 0 0 1 1 0 1 1 0 1 0 1 0 0 0 0 0 1 1 0 1 0 0 1 0 0 0 1 0 0 0 0 1 1 0 0 1 1 1 1 0 1 0 0 0 1 1 0 0 0 1 0 0 1 0 0 1 1 1 0 0 1 1 0 1 1 0 1 0 1 1 0 0 1 0 0 0 0 1 0 0 1 0 0 0 1 0 0 0 0 0 0 0 1 1 0 0 1 0 0 0 1 1 0 0 0 1 0 0 0 1 1 1 0 1 1 0 1 0 1 0 1 1 0 0 0 0 1 1 1 1 1 1 1 1 1 0 0 0 1 0 1 1 1 0 0 0 0 0 0 0 1 0 1 1 1 0 0 1 0 1 1 1 0 0 1 0 0 0 0 1 0 1 1 0 1 1 1 0 0 1 1 1 0 0 1 0 1 1 0 1 0 0 1 0 0 0 0 1 1 0 1 1 1 1 0 1 1 1 0 1 1 0 1 1 0 1 0 0 0 0 1 1 1 0 0 1 1 1 1 0 1 0 0 0 1 1 0 1 0 0 0 0 0 0 0 0 0 0 0 0 1 0 1 0 1 1 1 1 0 1 0 1 0 1 1 0 1 0 0 0 1 1 0 1 1 1 0 0 1 0 1 0 1 0 1 0 1 1 1 0 0 0 0 0 1 0 1 1 0 1 0 0 0 0 1 1 1 0 0 1 1 0 1 1 1 0 1 0 0 0 0 1 0 1 1 0 1 0 1 0 0 1 0 1 1 1 0 1 1 0 0 0 1 0 0 1 1 1 0 1 0 1 1 0 0 0 0 1 0 0 0 0 0 0 0 0 1 0 0 1 1 1 1 1 0 0 0 0 1 0 0 1 1 1 0 1 1 0 1 1 0 1 0 0 1 0 0 1 1 0 1 0 1 1 0 0 1 1 1 0 0 1 1 0 0 1 0 0 0 0 0 1 0 0 1 0 0 0 0 1 0 1 0 0 1 1 0 0 1 0 0 1 0 0 0 0 0 1 1 0 1 1 1 1 1 0 0 1 0 1 1 1 0 1 0 1 0 1 0 1 0 1 0 0 1 1 1 1 1 1 1 0 0 1 1 0 1 0 0 1 1 1 1 1 0 1 1 1 1 0 0 1 1 0 1 1 1 1 1 0 0 1 1 0 0 0 0 0 0 0 0 1 1 1 1 1 0 0 1 0 1 1 1 1 0 0 1 1 0 0 1 1 1 0 0 0 0 0 0 0 1 0 0 0 0 0 0 1 1 1 0 0 1 0 0 1 0 1 0 1 1 0 0 1 0 0 1 1 1 0 1 1 1 1 1 1 1 0 1 1 1 0 1 0 0 0 1 0 0 1 0 1 0 0 1 0 1 1 0 1 0 1 1 1 1 1 1 1 0 1 1 1 1 1 1 1 1 1 1 0 0 0 0 1 1 1 0 0 0 0 0 0 1 1 0 1 1 1 1 1 1 0 0 1 0 1 1 0 1 0 1 1 0 1 1 1 1 1 1 0 0 1 1 1 1 1 0 1 0 1 1 0 1 0 1 0 0 1 1 1 0 0 1 0 0 1 1 1 0 1 0 1 0 1 0 0 0 0 1 1 0 1 0 0 0 0 0 0 0 1 0 1 0 1 1 1 0 0 1 0 0 0 1 0 0 0 0 0 0 1 1 0 1 0 1 0 0 1 0 1 1 0 1 0 0 1 1 0 0 0 1 0 0 1 1 0 1 0 0 1 0 0 0 1 0 1 1 1 0 1 1 1 0 1 1 1 1 0 0 1 1 0 0 1 1 1 1 1 0 1 0 0 0 0 0 0 0 1 0 1 1 0 0 0 0 0 1 0 1 0 1 1 1 0 1 0 0 0 0 0 1 1 1 0 1 1 0 0 1 1 0 0 0 0 1 1 0 1 0 1 1 1 1 1 0 0 0 1 0 0 1 1 1 1 0 0 0 1 1 1 0 0 0 0 1 0 1 1 0 0 1 1 0 0 0 0 0 0 1 0 0 1 0 1 1 0 1 1 0 1 0 0 1 0 1 0 1 1 0 1 1 1 1 0 0 1 0 1 0 0 1 0 1 0 1 1 1 1 0 1 1 1 1 1 1 1 1 1 0 1 1 1 1 0 1 1 0 0 1 0 1 0 0 0 0 0 1 1 0 1 0 0 0 0 0 0 1 0 0 1 0 0 0 0 1 0 1 1 1 1 0 0 0 0 0 0 0 0 1 0 1 0 1 1 0 1 1 1 1 1 0 0 1 1 0 1 1 0 1 0 1 1 1 1 1 1 1 1 0 1 0 0 1 0 1 0 1 0 1 0 1 0 1 0 1 1 0 1 0 1 0 0 0 1 1 1 1 0 1 0 0 0 0 1 0 0 0 1 0 0 0 0 0 0 0 0 1 0 0 0 1 0 0 1 1 1 1 0 0 0 1 0 1 1 1 1 0 0 0 1 0 0 0 1 0 0 1 1 0 1 1 1 1 1 1 0 1 1 0 1 1 0 1 0 1 0 1 0 1 1 0 1 0 1 0 1 1 0 1 1 1 1 1 0 0 0 0 0 0 1 0 0 0 0 0 0 0 0 0 0 0 1 0 0 0 0 0 0 1 1 0 1 1 1 0 1 1 1 1 1 1 1 0 1 0 0 1 0 0 0 0 0 1 1 0 1 0 1 
3006 6 703152
3688 8 68066
816 11 738049
3314 12 172796
2267 13 3900
1174 15 170547
939 17 635373
1212 23 94990
2215 26 897685
1301 28 372444
1776 31 137823
1264 33 677399
357 34 293655
3125 35 5195
625 38 361954
1857 39 628990
637 40 356332
2156 41 789082
163 42 413489
794 44 415333
2163 46 424511
956 51 195612
1677 52 35201
486 55 545449
1372 56 659506
1073 57 310072
3005 60 174992
1096 63 207247
174 66 538484
3671 67 827059
2202 68 923809
2579 69 811335
393 73 125595
2808 76 221955
3180 78 568040
1031 80 46797
2460 81 637655
1559 84 109550
1521 85 219014
202 88 511394
878 89 37243
386 96 105212
850 97 454573
2429 100 383532
2891 107 480517
1153 113 779239
2328 114 531138
491 117 439785
3448 118 946554
1694 120 821094
172 127 756372
2314 135 250993
851 138 315309
566 143 255571
873 144 424222
2901 145 105436
2477 146 191002
372 148 459596
2464 149 806896
1386 155 903940
1955 156 353814
1362 157 356560
1090 158 928403
1492 159 614125
2803 160 638452
2510 162 676672
2946 163 354352
2446 164 25631
520 165 875971
123 166 258252
2837 167 192245
3229 168 38417
3440 173 65258
3211 174 401649
821 176 305125
3387 180 151625
3218 181 283720
1428 185 475268
307 186 358283
261 187 973146
2104 188 158420
524 191 474841
2156 194 150159
1109 196 855363
3107 202 874589
2770 203 223322
2090 204 329673
217 205 310897
2559 208 18250
2215 211 915601
2765 214 387758
3339 216 281310
1388 217 62004
215 218 506199
1806 220 342905
1520 222 33055
1559 225 428089
2331 226 187041
1577 227 970391
440 228 795905
432 230 653163
1237 236 573416
2350 237 160256
386 244 249681
3355 245 623136
1170 246 660949
1926 247 75267
3070 248 294372
403 249 893676
1823 252 559043
1443 253 333010
3278 254 744957
991 261 845522
1127 263 846247
891 266 505534
2307 268 94452
1377 269 467243
3029 272 868443
751 273 341342
733 274 845383
775 277 463875
2287 284 236078
3083 287 941931
1394 292 24256
2652 295 490010
2793 297 632187
495 301 628729
3313 302 657608
773 305 467145
2186 307 953739
3410 310 976349
1186 311 188082
1532 312 34464
1422 315 952127
3727 316 5901
3041 320 271868
3164 323 702422
1614 325 347215
2727 331 53847
3284 332 927351
184 333 817164
1729 335 297543
658 336 214974
1448 338 802878
3252 339 13468
3640 341 931471
2690 342 10175
2863 345 654546
30 346 499309
2164 30 402921
834 349 653993
1133 353 128817
1835 355 294262
1162 356 807272
2152 360 980776
1983 361 807504
632 363 415475
2327 368 416835
2813 372 1684
278 375 928372
3625 379 709934
558 380 246745
2101 383 981139
1634 384 416958
2250 387 712175
405 391 120912
3023 394 861971
2488 396 134036
3328 401 977156
790 402 121526
623 403 859781
838 404 517659
1571 406 850827
317 408 640341
2279 317 53573
2779 410 507829
2343 411 911586
1724 415 495168
601 418 176103
3635 424 192967
2846 425 657227
3629 426 262736
1364 429 812544
2797 433 374323
2412 437 715635
1582 439 401066
842 440 278733
3694 441 894477
21 442 86895
582 445 143749
2679 447 781867
419 453 681631
1097 457 386289
1212 459 949204
1954 460 936656
3237 461 494845
638 464 695869
1167 467 464781
634 470 498955
2123 476 122103
2782 478 11326
2143 482 426659
2663 484 299084
232 488 907190
340 232 131993
3721 340 493158
3117 491 325139
2334 493 761053
480 494 394464
432 480 915302
1791 432 49152
559 495 390569
1554 496 79432
3574 498 637417
558 499 499602
3266 500 517800
3346 502 926581
2915 505 551865
209 513 935773
2105 209 209207
2688 519 394516
3114 525 31857
3218 531 453297
2392 532 158402
1540 539 156416
1099 540 923442
1589 547 469791
3098 549 747000
2580 557 413221
566 562 819281
3421 563 707754
3602 564 58733
1547 566 852008
555 568 904558
1592 569 658035
2686 571 553762
3701 573 823716
3434 582 994189
3489 584 642442
2675 588 624674
3338 593 826260
3215 596 313437
1614 600 526880
2591 602 955837
306 603 305543
933 306 423611
2983 617 923046
2664 618 662551
206 620 12550
2587 206 35494
2625 625 175454
522 631 778286
1865 633 226490
2602 635 621673
2959 638 424554
1811 639 530171
3547 641 78578
2123 643 448717
1233 645 918165
229 651 269708
516 652 769339
2990 516 872126
1827 659 184345
1612 662 686811
880 666 670260
1893 670 682997
3700 671 336292
3722 676 282271
3456 678 449188
3058 681 944296
2334 684 371887
1537 691 292372
1960 695 526748
2717 697 633349
1973 700 773532
2323 701 570426
776 703 462012
2184 706 747259
1619 711 776053
764 712 13480
62 713 253344
737 62 27071
1380 719 483732
862 720 842830
3710 721 68169
1596 722 152715
2837 723 71253
1841 724 941712
946 725 555724
2061 727 806077
3030 729 459265
5 733 360432
449 736 725289
1012 739 572494
3042 741 149552
3593 742 561897
27 748 290911
449 756 217442
3694 449 735774
3325 759 391751
3677 762 730814
2774 763 660843
576 764 56477
1348 767 593129
419 768 669411
1933 419 106139
3272 769 134961
329 770 97184
2941 329 722108
1850 775 188321
2454 779 473380
1645 784 703452
2405 785 52330
2547 787 155181
2199 788 826086
3001 789 176026
2003 791 863504
2563 798 321293
2555 799 510819
2818 802 680033
2527 806 776047
3057 807 942915
2055 808 68336
3624 810 477659
2103 811 204062
2932 813 731961
2647 814 928520
2551 817 114131
3564 821 160178
1408 824 564759
37 829 543414
296 37 728469
450 830 83614
2295 450 476534
1236 834 255296
3713 837 703865
2112 839 418465
183 845 686909
2613 847 25245
649 851 143559
3719 649 526496
1205 855 928872
1523 856 720680
1954 862 942769
2877 863 884170
1008 867 835096
1671 877 288965
1392 884 495079
3644 887 149654
581 888 62873
1099 891 288985
1101 892 430954
1626 894 492043
3107 900 415285
3645 903 507853
860 904 470767
3269 860 82259
1231 910 647373
776 913 388064
2288 776 99644
3285 916 651798
599 917 298658
2069 599 443444
2063 918 971777
905 921 379968
1879 926 700189
1117 927 965592
486 929 834683
3130 935 960363
1957 937 756724
743 938 59752
2391 743 498164
2964 939 396956
3085 942 642419
1175 951 349062
2080 952 250767
2745 953 895926
2066 957 868379
2679 960 942531
2311 965 399310
578 966 435608
915 968 245220
2257 915 49896
3120 969 791535
930 974 387920
3291 979 616603
29 981 78302
2768 984 593784
327 985 815629
2548 327 652581
2510 986 197760
198 989 153948
134 993 189024
3648 998 273344
3592 1000 227729
2216 1003 400755
2171 1004 238960
2997 1007 852473
1649 1009 426184
752 1011 813300
2121 1014 739721
1002 1016 50463
1888 1017 893471
3143 1018 447661
2080 1020 554369
2481 1024 245323
215 1028 85148
1181 215 945409
3739 1029 575273
3656 1032 785148
1129 1034 898129
2976 1035 42290
825 1036 273596
366 1039 680277
575 366 276995
2346 575 163718
2066 1043 792699
1316 1044 648824
3628 1048 576412
2850 1050 756562
514 1053 82273
2594 514 14021
318 1056 141069
314 318 181095
2085 1057 111941
2805 1064 669127
2188 1070 951276
3713 1072 385073
1112 1073 382420
1264 1074 199235
1205 1077 529462
1698 1078 533366
667 1079 544542
2867 1080 947782
1771 1081 672813
973 1082 56333
1370 1087 264369
3393 1088 465508
1453 1091 84562
1180 1092 196229
235 1095 219339
1917 235 508766
825 1096 960818
581 825 159018
592 1097 809278
477 1098 497527
2245 1099 833645
2172 1100 370078
489 1101 25846
636 1103 170573
3194 1107 115783
1770 1108 130581
2107 1110 191773
1076 1112 413175
1893 1076 470595
1804 1116 21987
2379 1117 931263
2372 1123 934725
1068 1124 151557
3486 1127 793406
132 1128 403892
3632 1132 840152
842 1136 519235
1012 1137 925621
1800 1140 939266
3183 1141 800453
3229 1146 266945
65 1147 714891
2940 1148 655819
1285 1149 543503
3133 1150 902346
1753 1152 750065
1759 1153 955778
1181 1157 498963
1768 1161 795615
1630 1164 729673
1378 1165 647115
604 1167 624372
1628 1171 549096
2282 1174 283546
3156 1176 632211
3652 1178 769386
2471 1181 370810
2551 1183 138136
782 1185 906488
1590 782 448227
3091 1186 673849
2594 1187 269545
374 1188 534449
715 374 619718
2089 715 505436
2414 1189 273248
1699 1191 263086
919 1192 61451
520 919 398851
1030 520 903465
2338 1030 390848
3517 1193 797947
3749 1194 516701
2184 1200 450653
91 1203 50504
2570 1206 975806
485 1209 683898
3436 485 184386
1173 1212 324098
2918 1213 22102
3270 1214 430046
83 1215 561752
388 83 111434
3160 1217 382260
3269 1218 444516
1288 1220 776677
3636 1222 965016
2369 1227 420389
2326 1228 914883
3025 1232 607261
3349 1239 39706
1719 1240 953428
2023 1242 598758
3566 1247 648375
1384 1250 387082
304 1251 694454
833 304 328086
1347 833 146397
828 1253 320927
16 1255 571452
61 1261 852758
574 1263 883276
2151 574 807196
198 1268 246595
2634 198 286644
2349 1270 927198
961 1273 141676
2569 961 16568
747 1274 119047
1648 747 465328
1593 1278 611016
1243 1280 844577
2778 1281 112185
1703 1282 507548
760 1286 933174
936 1287 260557
822 936 383380
3240 1289 527423
170 1290 313210
303 1291 377163
1498 1292 523259
3217 1293 166016
1638 1294 350991
896 1296 416032
1548 896 867759
619 1297 898420
690 619 578020
587 690 508516
2491 1299 361331
2204 1301 265872
1517 1302 999352
668 1304 713356
882 1308 280954
1276 882 314397
48 1309 294585
2809 1310 758999
1134 1312 655528
1658 1313 362465
3105 1315 660850
1139 1318 10019
2459 1139 90018
2691 1319 940270
780 1322 281433
3490 780 696972
54 1323 597968
1356 1324 932273
740 1337 238369
1503 1338 964824
3415 1340 313750
1026 1342 783671
2773 1348 93962
3567 1352 766879
664 1354 989675
1173 664 721430
455 1355 805223
751 1357 878857
438 1359 784953
865 1365 800832
3512 865 1458
1196 1367 797946
2437 1369 731276
2769 1373 589743
2155 1375 857429
3158 1376 347232
3015 1377 465330
2696 1378 930417
1714 1379 601263
529 1381 834126
3627 1383 635804
1210 1384 844046
1782 1388 60277
392 1393 624228
2757 1394 203151
2316 1397 716324
3295 1401 380022
3712 1403 508304
1069 1405 790469
2212 1406 90847
2626 1407 179499
3109 1409 678322
2916 1413 646327
2537 1416 533880
2208 1418 137709
2185 1420 270963
3024 1425 804040
2274 1426 717987
1868 1427 820428
1810 1429 29681
717 1430 599663
2230 717 95885
1386 1431 843918
3121 1386 791145
1713 1432 800024
1142 1435 81029
2931 1142 86584
1742 1439 372996
1911 1441 137211
1422 1442 980646
672 1422 150245
3577 1443 374108
3531 1446 339504
1166 1448 51389
933 1166 645292
1777 933 874497
2750 1450 510876
1122 1457 181816
2517 1122 572139
1660 1459 890680
2224 1460 941755
1745 1461 743727
3176 1466 34788
944 1475 733819
1041 1477 249170
2248 1041 985066
3415 1478 61531
1628 1479 797258
182 1482 633606
1086 182 42264
2195 1086 226250
1170 1484 707425
3529 1170 324156
243 1485 766260
3576 1491 505580
627 1493 792096
634 627 596131
2053 634 828733
647 1495 347221
1802 1498 761366
1518 1501 587001
3592 1503 211786
750 1504 28682
1049 1507 76813
990 1049 934360
3620 1510 468396
2630 1514 945447
2114 1517 300971
3208 1518 352160
3352 1522 616128
2929 1523 515529
2862 1525 581671
124 1530 80937
3061 1532 845025
3116 1533 258208
1712 1535 686931
3329 1538 190998
2043 1540 266601
2013 1542 304275
1844 1543 367998
899 1547 409342
1837 899 68156
1516 1551 581611
1037 1516 335984
524 1553 218069
1789 1555 51319
1204 1558 341241
2064 1563 700788
2632 1567 73823
140 1569 958636
728 1572 799429
3333 728 385197
2923 1574 373751
282 1575 597952
689 1577 815017
347 689 412627
751 1578 44056
973 751 319690
2820 1581 393331
2528 1582 152669
92 1584 735553
1711 1585 245883
836 1586 183895
2678 1589 235074
624 1592 378641
427 1595 416537
976 427 372422
517 1601 419828
1262 517 881566
1008 1603 565117
1618 1608 979739
3376 1609 721727
2463 1610 685711
1234 1612 719187
1257 1234 482776
1940 1613 250822
3629 1615 925443
1557 1616 258731
3109 1617 565247
3688 1622 852500
1066 1623 910109
3131 1626 164847
1158 1627 397432
2087 1158 228678
3344 1628 972310
1548 1630 907331
2563 1632 133390
108 1633 843804
1145 1634 783730
2987 1638 420355
3662 1639 280474
2387 1643 962912
3627 1644 12857
2076 1645 874609
2700 1646 590510
2629 1649 119336
2862 1655 983385
3578 1660 157628
2212 1664 68989
3429 1666 427613
3393 1670 825199
2161 1671 439568
755 1672 740244
3284 1673 758482
1614 1674 989465
2560 1614 449760
1476 1676 126780
288 1678 211028
233 288 592634
608 1679 602005
2034 1681 920914
3319 1682 886604
444 1683 353299
2078 1684 176984
1696 1685 46046
1635 1691 346009
2615 1635 70653
1069 1693 781882
518 1694 541212
914 518 222556
2677 1695 894608
1761 1699 159612
828 1700 423942
1125 1706 24683
3076 1707 619573
1659 1708 912110
973 1713 217682
201 1715 391120
1248 201 878767
3674 1248 212598
1513 1718 192057
2728 1721 229029
3269 1722 745479
3706 1723 24467
1111 1724 806428
1500 1111 23071
1182 1726 402793
783 1728 362079
2529 783 797911
1929 1729 998701
1258 1734 435132
2550 1258 849263
828 1736 360679
1184 1739 705898
393 1184 181999
1661 1740 375385
526 1661 226892
296 1741 610360
2145 1742 339151
2044 1743 357255
1923 1744 59361
804 1745 546006
3177 1746 793231
2582 1748 368570
2297 1751 973459
879 1752 412617
3450 1754 589203
2363 1756 493168
472 1757 790101
2190 472 126896
955 1758 18453
1912 955 578155
2654 1761 674165
864 1762 457806
2770 1763 437256
241 1764 293402
1159 241 190648
2801 1159 789685
544 1768 727729
2541 1772 80650
3162 1773 65718
3225 1776 365664
1960 1777 438858
2868 1780 494972
189 1783 291253
2014 1784 869302
680 1785 428618
1899 680 462013
2702 1786 126197
707 1787 581365
271 707 318568
2735 271 499442
192 1789 780757
1196 1790 224693
1861 1793 842727
308 1794 955780
3450 308 21422
3607 1796 490913
1511 1798 669820
1840 1511 300251
2186 1801 738582
1022 1802 131067
668 1803 442700
3322 668 419898
1259 1805 834367
3088 1806 612313
774 1807 65342
466 1809 68216
2545 1810 643424
2763 1812 773366
2425 1814 856314
1327 1817 131941
922 1327 845741
3708 1821 456395
1487 1824 487077
861 1826 472605
543 1828 298876
87 1829 315291
1428 1831 414285
1769 1832 564539
537 1769 284078
800 537 515945
2100 1833 200749
1962 1834 775909
3548 1835 875904
534 1836 687342
694 1839 751911
106 1841 119477
2942 106 552754
2853 1842 506413
77 1843 727521
2211 1844 445033
87 1846 54887
1344 1847 543229
290 1853 997293
1169 1855 117617
2627 1169 837065
2327 1856 371905
1135 1858 6612
2938 1862 849907
1333 1864 594937
365 1865 599378
210 365 117758
1849 1867 696594
1976 1870 444695
3205 1871 364053
3377 1872 404002
1650 1873 221749
140 1650 655917
1138 140 404808
3540 1875 451547
1058 1876 538156
1052 1880 898174
1711 1052 306979
59 1711 779502
223 1881 965890
1307 223 820128
2408 1882 543775
1060 1884 395901
1877 1885 272294
324 1877 966310
184 324 142987
1851 184 834059
3681 1851 402706
3707 1886 293112
688 1889 144543
3736 688 323837
3479 1890 423886
409 1891 612286
3462 1894 503848
578 1896 199527
3671 578 878561
737 1897 655381
2803 1898 295387
154 1899 146106
2511 1900 51197
871 1903 613551
3287 1904 451200
895 1906 533411
3173 895 59747
822 1908 950159
792 1910 371728
2208 1911 308886
1512 1914 832101
765 1915 97541
2993 765 813719
3738 1919 970231
2550 1921 61325
3140 1922 661040
3657 1927 476090
200 1928 146461
3584 200 357316
2175 1929 206403
1825 1930 810365
3660 1931 176619
3605 1933 190975
1648 1934 894152
3434 1648 252438
3038 1937 930519
2800 1938 228788
3440 1939 520260
231 1942 908587
629 1947 886891
1182 1948 137214
996 1949 457358
2960 1950 335434
3614 1960 781329
3119 1961 517684
1236 1964 695468
604 1236 235123
3402 604 648145
876 1966 324659
760 1967 860076
840 1969 499035
3037 1972 525837
1404 1980 863121
1624 1404 679095
1652 1624 935552
1083 1652 628515
2257 1083 157255
1730 1981 471830
95 1984 803952
3110 95 757985
192 1988 892345
3001 1991 948008
2438 1992 589601
3329 1994 123741
2673 1995 816924
291 1996 241491
3270 291 13059
3050 1997 168424
535 1998 58051
2393 1999 633671
1276 2005 263120
3100 2006 54261
2792 2009 121233
3644 2010 888518
3036 2013 380340
803 2014 561409
1512 2020 568609
2492 2021 740471
1314 2022 58090
1061 2024 914668
2537 2026 912663
234 2027 140790
1631 234 978792
2368 1631 39243
102 2030 630805
2616 2031 530936
740 2032 841874
928 740 160677
3394 928 508772
629 2048 897542
565 629 266690
1590 2050 494481
685 1590 170416
1472 2059 695267
1219 1472 503425
1085 1219 214304
86 2060 679615
737 2063 265896
2725 737 541922
2348 2066 678922
1593 2067 521816
2434 2068 285631
3194 2069 41340
2492 2070 885433
2017 2071 400721
1579 2073 488805
462 2074 600427
2797 462 497568
2736 2076 707725
2400 2077 381561
259 2079 462332
61 2080 721123
221 2083 902185
1854 2085 623831
3614 1854 18089
3718 2087 504005
2043 2089 356792
1231 2043 131322
1001 1231 556025
2285 2092 22990
1733 2093 9245
2526 1733 487553
14 2094 184417
1473 14 871100
2895 1473 774647
1421 2096 470414
1959 2098 847949
3554 2099 382200
3515 2105 417327
1848 2106 765582
3324 2110 682170
2883 2112 59076
299 2113 237986
1962 299 399752
1130 2116 586808
1958 1130 473415
583 2120 580963
1175 583 720405
21 2126 970432
842 21 773440
1559 2127 763709
2558 2131 29833
2239 2134 66781
3522 2136 851646
3503 2137 974797
3570 2139 702180
2980 2142 182948
1031 2148 291047
2901 2149 162154
2931 2153 516354
2373 2154 390621
3547 2155 459975
1508 2158 923280
545 2159 716518
2117 545 87630
1874 2117 477243
2626 2161 505072
3167 2166 351449
2016 2167 686894
1945 2168 39829
876 2169 191228
3666 2170 552896
2325 2171 586385
1314 2172 179914
906 1314 518040
1172 2176 124378
3290 2177 582171
1607 2178 708165
2461 1607 52681
2365 2179 91254
1747 2181 214098
1804 2182 915859
199 1804 996260
126 2188 920798
1599 2189 272755
2056 1599 391276
2 2193 936529
3380 2195 905394
3565 2196 540487
2629 2199 784206
3476 2203 420811
1976 2207 392842
275 2208 220386
3261 2210 300764
1604 2211 987998
941 2212 219264
667 2213 637323
1556 2214 78341
760 2215 897585
679 760 603631
2526 679 555524
2802 2219 314090
801 2220 667979
538 2221 224861
242 2222 605758
980 242 829542
238 2223 1337
3070 2228 385631
640 2229 361597
2354 2232 230668
3176 2235 45114
2202 2240 26380
2830 2242 579432
1463 2243 197118
3403 2248 531355
3117 2251 208961
2562 2253 844441
1781 2254 488670
2740 1781 490948
1054 2255 46236
889 2256 436101
3735 2257 479839
2121 2259 241872
3241 2121 953418
844 2260 460638
2887 844 650790
1106 2262 43409
931 1106 993414
1703 2263 985451
3583 2264 487349
1527 2267 88102
3064 1527 199160
672 2268 222444
1026 672 357295
128 2269 952317
1704 128 364399
1982 1704 339409
1902 1982 41714
1509 2270 83648
1852 2273 84964
193 2274 378173
2787 193 666754
655 2275 450318
3627 2276 680688
3547 2277 73232
3129 2278 79096
977 2280 47296
2045 2281 725816
82 2045 905880
1285 2282 715626
1753 2286 63787
479 1753 2987
2462 479 881253
3282 2287 582639
2401 2288 885603
2521 2290 988086
20 2292 815745
169 20 15663
264 2294 358040
2738 264 433209
2432 2295 444701
544 2297 529644
753 2298 456996
435 2299 608131
550 435 834587
3190 550 505737
883 2300 489499
687 883 242334
1825 687 733362
1175 1825 870710
558 1175 726087
613 2301 90077
2770 2306 190828
2293 2308 518817
2095 2293 82988
2902 2095 734234
3637 2309 401895
1951 2310 676502
1226 2311 628003
219 2314 624983
1775 2315 496734
2566 2317 558520
2523 2320 343508
3194 2321 218081
2206 2322 441039
1061 2323 144416
999 2324 75306
93 999 146821
438 2325 128278
103 2326 38883
1351 2327 432122
1905 1351 844308
2163 1905 429558
3063 2163 542614
3596 2328 450623
2746 2329 907102
371 2334 404850
3235 2336 558479
2122 2339 361950
1667 2342 537355
1534 2343 753308
2977 2344 695230
1750 2346 13016
1332 1750 933985
630 2347 250851
334 2348 25248
2894 334 864845
2261 2350 371910
3083 2261 2440
1481 2351 145807
3401 2352 518794
632 2354 865465
2805 2355 408186
370 2357 939693
2616 2358 694913
1544 2359 621178
843 1544 666937
2586 2360 187117
1476 2361 351864
2992 2362 376230
3423 2366 269146
1246 2368 134300
3038 1246 314821
2246 2371 928659
1604 2246 8437
2478 2372 881232
2545 2375 485068
997 2378 286389
3039 2379 33485
794 2380 382960
1195 2381 734147
1121 2382 857586
1224 2385 637500
3386 1224 21992
358 2386 114628
497 2387 196971
2895 2390 517520
1774 2391 806551
1819 2392 16866
2912 2393 696058
702 2396 34100
2411 2397 432745
946 2398 900016
431 2401 340570
726 2403 476716
1168 2405 854149
1333 2406 625913
2547 1333 120613
3706 2408 530632
1953 2411 265874
371 2413 309880
1611 371 232621
1925 1611 22782
1336 1925 274436
2340 1336 867237
2631 2415 650337
3216 2416 298862
1620 2420 357205
1952 2423 110161
1902 2424 741008
2869 2429 986715
1536 2430 791477
3434 2432 337559
3323 2433 687060
1490 2434 382851
1195 2435 401768
3393 1195 345873
786 2437 428576
828 2438 377166
2726 2441 702832
93 2444 932223
1513 93 978221
3366 1513 408417
1330 2446 819437
2684 2448 840311
3221 2451 470140
1243 2453 59794
1591 1243 6166
1180 1591 467128
1765 2455 523039
1120 1765 617111
870 1120 800907
1978 870 672033
2500 1978 448045
1307 2460 661517
2964 2461 204013
696 2462 69085
3027 696 478202
809 2463 85420
2844 809 295844
2859 2469 668966
3513 2470 15409
2621 2473 8257
3375 2477 342170
914 2478 826042
3705 914 296199
3552 2480 120326
3401 2481 156496
1105 2482 838339
3350 2484 288639
115 2485 689252
256 115 971139
1121 256 39785
2949 2486 83463
3154 2487 968744
2285 2488 664400
3042 2285 652941
1819 2490 177676
2678 1819 408886
3745 2491 5567
357 2492 412866
1363 357 93973
3060 2493 30682
3732 2495 767416
3320 2496 758304
2937 2497 346274
2367 2500 238303
1923 2367 421611
1546 1923 997403
792 2502 56067
420 792 669117
3137 420 999585
653 2503 336437
392 2505 596597
1653 2508 102227
1303 2509 537233
1545 2512 655477
1719 2514 651991
3265 1719 10660
3154 2515 491561
321 2517 223641
1272 2518 102348
709 2520 38635
538 709 270934
423 2522 98445
2143 423 200805
632 2524 320573
790 632 542769
2100 790 472064
483 2528 427895
3695 483 527839
2835 2530 476512
2140 2535 300822
3303 2536 159714
2614 2542 941172
2860 2544 28624
2648 2545 699865
1737 2548 28758
2000 2551 736906
59 2557 933394
1668 59 658702
473 2563 850329
2586 473 136514
614 2564 871517
1619 614 263619
3745 2568 215352
579 2569 88411
2676 579 633349
224 2570 160732
1058 224 351256
1593 2572 29874
1725 1593 647726
233 2574 684603
866 233 756430
3231 866 214628
2132 2576 153839
431 2132 125330
2335 2578 875081
2603 2335 73066
3233 2579 196613
1735 2581 863829
2616 1735 386153
3585 2583 239882
1606 2585 920643
3408 2587 470779
183 2589 292475
1557 2593 84289
2198 2596 696333
2151 2198 278652
3492 2151 242583
477 2598 238576
1399 477 581346
1838 2600 464021
183 1838 936875
90 183 387506
1075 90 791490
2150 2601 302320
75 2603 608795
843 75 621392
3312 843 848592
3698 2605 888152
1090 2606 217126
3385 1090 30663
3245 2607 881487
3155 2614 68502
1811 2615 160786
3734 1811 53012
2860 2616 722694
2904 2617 552163
1391 2618 448183
831 1391 285619
1536 831 395694
3212 2620 826660
3106 2622 816884
2743 2623 384765
3324 2624 420310
3066 2626 956260
2838 2627 810725
2853 2630 766539
3320 2632 753105
3449 2633 691886
3586 2637 917636
1924 2638 481145
777 1924 773174
2636 777 715964
153 2641 94099
3273 153 662419
591 2643 636822
1977 2644 178415
79 2645 877888
1259 2646 478929
827 1259 832345
752 827 239703
1364 2647 659635
675 2648 456808
1311 675 532019
1155 1311 295005
3002 2650 387181
9 2655 984454
3476 9 408835
2959 2656 949166
321 2657 336144
2150 2658 11946
2241 2150 388979
1959 2659 992762
2533 1959 843736
2039 2660 524053
2331 2039 130841
2725 2331 704679
973 2661 834349
2526 2662 801307
501 2526 162320
1502 501 867777
1554 1502 728151
859 2663 102334
1454 859 712461
1492 1454 460489
2454 1492 520888
3749 2454 48765
1737 2665 777824
2965 2667 561197
3494 2668 366384
2760 2672 676910
1986 2675 448710
970 2676 784707
2745 2680 223671
3508 2683 519924
622 2684 848075
3107 2685 853963
2773 2686 878633
1823 2687 829781
1771 2690 594236
376 1771 181304
1820 376 949769
122 2692 363849
1094 122 908330
3270 1094 19303
2595 2693 455934
591 2595 656450
2761 2694 451028
1144 2696 637702
731 1144 547450
2609 2697 881321
2939 2609 31543
1437 2699 242116
3587 2701 320776
3661 2704 152886
2590 2708 612255
3012 2716 414143
3494 2719 920221
2669 2722 779664
1604 2669 768184
1788 1604 203407
648 2726 999278
2338 648 982203
2489 2338 161196
397 2489 708590
1331 397 967290
414 2727 866246
3561 414 82980
124 2730 300054
3378 124 241109
2003 2731 271188
1956 2003 561815
1012 2732 786307
2822 2733 566186
1022 2734 37205
2798 1022 956975
270 2737 250546
139 2738 249502
2365 139 672117
1118 2365 499011
169 1118 676112
1001 169 743702
1548 1001 251075
314 1548 951978
3568 2742 898923
885 2743 596795
262 885 134919
1727 2746 657968
2724 1727 113971
797 2748 614173
2472 2749 485043
826 2472 164958
1198 826 451749
3094 2752 922137
1399 2754 804183
1696 1399 318621
1926 1696 28094
178 2756 759881
925 2759 219904
1151 925 466105
1410 2762 989538
3357 2763 259284
210 2765 161490
2842 210 841360
685 2766 542141
2534 685 387924
795 2767 601038
1975 2770 892901
3243 1975 593611
1979 2773 652441
343 2774 743197
864 343 429214
3029 2776 144659
1621 2778 17311
422 2780 747221
3120 422 426248
2571 2783 760227
2619 2571 653138
2230 2619 163221
977 2230 955635
1568 2784 96377
3750 2785 90433
1597 2787 784771
3247 1597 528841
1536 2788 738512
1541 1536 313033
2691 2791 360626
1216 2691 839312
2652 1216 884949
804 2652 490637
2947 804 183323
705 2793 352526
377 2794 1403
2804 2797 95813
565 2798 295315
2312 565 654451
239 2800 614117
3137 239 85018
2044 2802 20234
1792 2804 779093
1508 1792 301720
328 1508 27498
428 2806 304558
2792 428 714788
3049 2792 728896
3385 2807 368535
2976 2808 750679
1411 2810 771723
2356 1411 504430
2814 2811 578676
2138 2815 691236
2442 2138 685059
2018 2442 403286
738 2816 123991
650 738 377637
2426 650 427106
1307 2817 870744
611 1307 441419
2611 611 832311
1339 2818 453179
125 2820 395447
2130 125 908356
2584 2130 70655
1025 2584 128397
358 1025 542035
2040 2826 316551
2363 2040 615555
1349 2363 289525
2777 1349 886862
1957 2827 89960
1731 2829 696074
1916 2831 144817
1531 1916 701824
2519 1531 718665
2764 2519 533985
3654 2764 329225
2237 2832 943060
1738 2237 789746
2008 1738 588200
280 2833 203702
3486 2834 314706
3511 2835 287482
869 2837 264808
2128 2838 930355
350 2842 260194
2954 2843 589911
673 2844 179107
901 2845 663647
2541 901 761944
74 2541 78840
1887 74 169927
3209 2847 21888
289 2851 911109
880 289 187148
1358 880 431807
3709 2852 82618
104 2853 207668
3255 104 720706
1481 2855 602871
644 2857 453492
471 2858 183002
1815 471 280678
871 2859 54411
1008 871 694802
1179 2860 812565
1328 1179 754886
2538 1328 797133
1692 2538 865678
171 1692 362384
2202 2861 894279
872 2862 415306
2370 872 487457
101 2370 660769
2651 101 699351
3370 2863 361737
1434 2867 407789
43 1434 33736
3593 43 553983
2670 2868 577717
1060 2869 946487
2599 2870 590198
3494 2599 85413
2498 2875 308445
1223 2498 76645
1033 2878 368031
3471 1033 951043
1163 2879 696520
1062 1163 662584
1657 1062 874434
1303 2884 911607
94 2886 417352
3348 94 725062
958 2888 687685
1180 958 488847
3313 2889 849215
1075 2891 555821
474 1075 912094
2414 474 199588
1489 2414 821316
189 1489 109363
133 189 756158
1143 133 721249
1012 1143 538333
2400 2892 165824
1483 2400 646741
1360 1483 436341
3268 1360 122430
3695 2894 317355
846 2899 430271
2284 846 981753
3179 2900 387599
1071 2902 996335
1973 1071 610805
1863 2903 941288
3303 1863 89523
1971 2905 525862
905 2909 135372
1285 905 320582
1654 1285 423595
1625 2910 726126
1554 2912 616626
431 2917 717112
1565 431 912158
2602 1565 935419
2291 2602 173527
750 2291 29701
567 750 839585
3356 567 56162
2531 2918 230953
920 2925 604503
3285 2926 247395
1520 2929 80615
2533 2932 361619
3711 2934 397680
3356 2935 33612
229 2938 530500
3623 229 695301
1716 2939 254731
3347 1716 946782
1688 2940 702742
1205 1688 902520
2428 1205 126036
3209 2428 946609
395 2941 868680
1321 395 384680
1455 1321 50116
2700 1455 817858
954 2700 583019
2709 954 652601
2789 2943 271330
3138 2947 401804
2389 2951 474590
1325 2954 631589
2016 2955 555222
749 2016 329462
956 2956 279314
1690 956 221180
3206 1690 428167
907 2957 137520
3114 907 224258
1677 2958 409016
2674 2959 948711
836 2960 227514
1552 836 642700
2053 1552 430156
2610 2961 841586
2577 2610 781366
3680 2964 945118
1453 2965 763139
3101 2967 209810
2942 2968 886036
2349 2969 390538
1414 2349 345815
2103 1414 359846
1006 2103 857683
1269 1006 645863
1210 1269 354595
367 2970 632200
2670 367 653315
1 2670 964197
2333 1 575661
2963 2333 600743
3748 2963 848179
1468 2971 929634
2119 2972 424763
1408 2974 897253
3485 1408 264984
2025 2975 895373
3367 2025 840502
2191 2976 548184
1229 2191 127940
1505 1229 36038
3023 2978 601031
1060 2980 478436
1252 1060 100434
7 1252 164738
1554 7 166838
3678 1554 736336
2642 2981 550318
606 2983 968173
755 606 725328
2566 755 667348
1002 2985 30639
456 1002 469169
2850 2986 622194
3297 2987 942674
1512 2988 22340
2769 2989 836544
2047 2991 695183
1190 2992 13741
2725 1190 479470
1330 2725 107891
290 1330 448351
50 290 837427
522 2994 784761
3 522 278857
3536 3 419777
1199 2995 404164
2119 2996 279337
2904 2119 632679
286 2904 451562
546 286 677220
2881 2999 257605
3450 2881 450437
1054 3002 556048
2192 3003 220772
1372 2192 366416
3676 1372 416107
2272 3004 241648
2565 3005 164315
1168 3007 227190
1879 3008 541410
3170 1879 571149
1345 3010 185666
61 1345 874965
3079 61 842961
512 3012 817221
2573 3013 811814
699 2573 571316
131 3014 542589
2621 131 938982
1537 3016 328347
982 1537 132462
1559 982 73490
601 1559 827406
2873 601 175830
2023 2873 856097
972 2023 45712
3114 972 287751
1755 3017 438610
529 3019 477560
283 529 984480
3038 283 384454
657 3025 75447
1800 3027 904142
150 3028 697626
50 150 475928
3457 50 740498
692 3029 608636
412 692 985760
1451 3033 478421
2914 1451 55516
3068 2914 992108
3192 3034 555636
2747 3036 82896
848 2747 579172
2459 848 363813
2812 3038 901232
1486 3042 295548
983 3043 834905
524 3044 655633
1539 524 851521
487 1539 882088
2874 3045 828233
490 2874 137818
1303 490 546596
1827 1303 789929
812 1827 107347
2417 3046 239003
3039 2417 370296
3269 3047 290723
2058 3048 718260
2468 2058 572982
1619 2468 578294
2828 1619 16017
1300 2828 575525
3063 1300 138065
2962 3049 810745
2922 2962 778003
2631 2922 849234
1957 2631 320709
1918 3050 680352
2174 1918 864152
991 2174 717448
1467 3051 790928
1935 1467 393404
1335 1935 316040
3192 1335 973134
2880 3053 273927
1799 3055 176026
3320 3056 238079
2937 3057 330870
2452 3060 782480
1392 3061 391370
1211 1392 152885
2146 3063 834588
657 3064 815807
1198 657 674994
2966 3065 458898
2703 2966 159376
3166 2703 829398
3018 3068 910434
572 3069 354563
2822 572 28386
77 2822 644499
1860 3070 784641
3320 1860 343533
932 3072 985362
2249 3073 251738
3595 2249 102539
303 3074 1173
2795 303 794997
1952 2795 807629
3079 1952 380330
3218 3075 787846
3558 3076 638437
758 3080 451070
2907 758 993450
3507 2907 52644
2566 3081 891236
2913 2566 737638
1390 3082 943629
2436 3083 906727
2856 3084 970378
2017 2856 71421
1265 2017 582513
796 3085 738896
1594 796 146787
1160 3086 666645
1596 1160 567136
3316 3089 183733
2998 3090 114188
1037 3092 111282
1737 1037 349584
3703 1737 718304
2513 3095 166729
1499 2513 874553
1797 1499 127214
3091 1797 418329
178 3098 894312
1105 178 654311
2197 3099 718759
1541 2197 171876
2115 1541 608142
2156 2115 164946
3667 2156 603661
1368 3100 222192
970 1368 84319
2705 3101 937907
761 2705 36596
5 761 260998
2582 3105 726139
1986 2582 507723
2840 3107 200396
1047 2840 971306
2516 1047 886054
636 2516 439583
1936 636 922319
906 3108 918428
2608 906 837818
2919 3109 912990
1944 3110 77052
177 1944 596963
2265 177 119304
3569 2265 803563
1389 3111 971764
1976 3112 394470
3571 1976 10644
710 3114 13819
828 710 658078
1438 828 919616
3625 1438 244260
1207 3115 857674
293 3116 442364
577 293 783108
849 577 723307
2953 849 827730
1677 2953 682266
2034 1677 370174
3414 3118 979139
2758 3119 380203
2729 2758 734933
3251 2729 818087
2289 3120 495068
1453 2289 617304
718 1453 764716
2231 3122 559838
2906 2231 457116
1680 3123 256275
1065 1680 305959
1276 1065 191716
2201 3124 762025
2165 3125 637631
2688 3127 483371
626 2688 840823
1256 626 627026
2000 3129 733932
3024 2000 982798
2850 3024 85114
3591 3130 570636
443 3131 438329
970 443 322235
987 970 768229
1892 987 727616
195 3132 982342
2710 195 152854
1979 3133 914603
1162 1979 620885
2565 1162 790964
240 2565 545039
1325 240 907767
2140 1325 65721
3414 3134 809254
2234 3135 477953
1596 2234 928536
1208 3137 98185
2053 1208 393878
444 3138 907483
2341 444 990597
1849 3139 337358
653 1849 876814
2611 653 261158
1820 3141 641650
1986 1820 738509
1471 3145 736058
322 1471 725110
300 322 17309
3181 300 106924
2560 3147 331452
134 3148 556095
2789 134 26814
995 2789 320796
2250 3152 610482
2604 2250 19434
2436 2604 983316
102 2436 41215
3649 102 291779
1329 3153 164315
3078 3154 501251
1954 3078 545191
352 3157 21668
3041 3159 918788
2982 3161 65291
515 2982 885480
2812 515 332092
1054 2812 898386
580 1054 553627
1668 580 641676
3260 1668 956893
2549 3162 425987
197 3163 677889
3403 197 907878
3640 3165 37823
637 3167 387892
597 3173 303262
861 3175 870396
3117 3176 198703
2086 3177 150535
2425 2086 916780
2550 2425 759586
2575 3178 998810
864 3182 800201
3164 3183 486569
53 3164 903899
554 53 511438
3433 554 263503
1221 3184 678625
2227 3185 175706
19 2227 750360
2712 19 125480
1940 2712 644484
448 1940 185394
438 448 136671
3351 438 908537
3530 3188 105859
3349 3190 811060
259 3191 419464
2772 3192 391043
726 2772 439823
2190 3193 419399
616 2190 46837
141 3199 470557
3624 3200 840666
350 3201 734687
704 3202 140724
990 704 762995
2937 990 837956
1686 3204 588263
594 3205 782699
523 594 471229
3507 3206 774302
257 3207 915237
1888 3208 642826
126 1888 10288
1207 126 701895
1598 3209 518780
72 1598 918363
171 72 275912
119 171 115856
1353 119 245921
1519 1353 312714
3395 3210 973382
1588 3211 221280
2427 3212 266568
98 2427 293815
3196 98 901099
1058 3196 552755
3166 3214 8564
682 3215 110858
1465 3221 669889
2546 1465 676792
1456 2546 542552
2654 1456 303366
3704 3222 994278
3565 3223 737892
275 3224 167563
1005 275 286915
1138 1005 406642
1226 3228 377353
2977 3229 444959
2558 3231 796507
2319 2558 888369
199 2319 12555
1720 199 941198
909 1720 861733
864 909 108678
2440 864 296511
793 2440 42244
3533 793 171245
3413 3232 472557
3216 3234 963984
1316 3216 519894
481 1316 546502
3015 481 494263
1893 3015 450120
2635 3237 405729
2927 2635 195310
587 3238 795119
2145 587 326577
3672 2145 147024
2394 3239 833211
3571 3240 609666
2560 3242 742556
2896 3244 561384
2036 3246 774778
3230 3247 324984
2316 3230 26973
1288 3249 887218
1125 3250 569989
2061 3251 763177
612 2061 863933
2129 612 636230
497 2129 203431
3702 497 866659
2205 3252 662326
436 2205 946306
1667 3253 887348
3126 1667 972856
1051 3126 490055
1398 1051 799144
1965 3255 549701
326 3256 932311
2374 3257 231880
523 3264 840427
2201 3265 31717
2928 3267 455481
3398 2928 963633
321 3268 950663
538 3271 210657
3278 538 699097
2948 3272 805550
1305 2948 823235
359 3273 903380
630 359 754122
2865 630 334189
931 3277 732369
3505 3278 443494
2739 3279 374118
3330 2739 463771
3041 3281 451904
2407 3041 455801
2781 3282 43958
1658 3283 314608
795 3284 4916
2109 795 425975
58 3285 990006
319 3287 735113
994 319 983818
1177 994 677770
1732 3289 533972
3674 3292 764756
3736 3293 127480
3685 3294 294277
2316 3295 800856
111 2316 907557
893 111 478282
3402 893 561356
370 3296 890509
1198 370 810079
260 1198 271396
816 260 110655
108 816 550685
2337 108 444105
2930 2337 191225
2674 2930 474052
2977 2674 804221
665 2977 293324
1515 3297 348189
945 3298 333054
250 945 12538
2109 250 202004
1990 3301 38620
2082 3303 62695
1561 3304 440138
298 1561 869650
2901 298 618466
2755 2901 41266
2143 3305 205831
2471 2143 10199
2741 2471 121719
1463 2741 497620
1749 1463 865914
3220 1749 264089
2671 3307 627221
2887 2671 277201
3317 2887 344108
734 3308 332520
2456 3309 311202
3686 2456 818487
265 3310 930559
1823 265 479660
2284 1823 672588
1974 2284 408454
1452 1974 1988
2664 1452 722639
3662 3311 454023
1654 3313 400119
281 1654 108491
2081 281 228832
1519 2081 822101
3449 1519 325623
1594 3317 454348
3225 1594 502057
610 3225 315619
1993 3319 983917
1766 1993 252223
3035 1766 522122
2052 3035 265936
1237 3320 443438
99 3322 664380
2803 3324 946379
1580 2803 302342
2109 3326 121137
3299 3328 52345
2923 3329 853946
2750 2923 940690
2100 2750 591768
757 2100 697172
3623 757 537738
1549 3330 34283
1545 1549 116711
544 1545 686682
1010 544 208640
1295 1010 534443
1779 1295 654347
1520 1779 942687
3739 1520 248024
116 3331 334901
890 116 392397
3556 890 472879
190 3332 91313
1852 190 685257
3218 1852 157666
3233 3218 218144
1515 3233 865563
1445 1515 812424
1583 3333 318404
2872 3334 957567
3156 3335 105553
3113 3336 181287
2850 3113 613966
3477 3339 4550
3438 3340 39253
2649 3341 161931
175 2649 546145
555 3342 833332
3030 555 143948
1913 3343 318616
2501 3344 36264
1815 3345 498804
1659 1815 645234
2008 1659 336274
430 2008 39583
2846 430 8599
1445 3346 491928
1244 3347 257722
1556 1244 78502
875 3349 705042
3168 3351 818251
744 3352 872669
2664 3354 555454
2547 2664 327090
3695 2547 406463
2090 3356 487666
1770 2090 394339
726 1770 82991
2924 3358 700492
3052 3360 154254
902 3052 766660
2841 902 541236
3541 2841 770419
1362 3361 734031
2407 3364 620960
1221 2407 632206
766 3365 132424
3647 766 315332
1089 3366 153787
1264 1089 697603
1874 1264 933630
2723 1874 340705
773 2723 411382
1602 773 704571
2634 3367 586896
1440 2634 635108
1093 3371 634660
2628 1093 326252
3142 3372 493135
136 3142 52669
3140 136 105496
944 3140 241574
3370 944 400532
29 3374 118244
597 29 836372
2718 597 6589
2450 3375 736781
2056 2450 242094
1669 2056 72299
1138 1669 23211
3471 1138 121101
2876 3376 862371
949 2876 788836
1134 949 779518
794 1134 889825
656 794 593651
2768 656 82018
2439 2768 751453
1534 2439 650046
803 1534 466479
2510 803 277419
1085 2510 965459
1629 3377 100761
2711 1629 406323
328 2711 429489
3241 328 798153
786 3241 17656
820 3379 773102
1845 3380 814403
1040 3381 593874
382 3384 717250
553 3385 398879
2252 553 888146
3487 2252 398077
3363 3386 148870
3609 3387 783055
558 3388 930347
2872 558 9828
285 3389 269263
2527 285 339201
1946 2527 599841
669 3390 373216
2613 669 6990
912 2613 464075
854 912 694263
2653 3391 738229
3401 2653 515449
2814 3392 125146
1237 2814 726494
175 3393 467521
219 3394 444986
392 3395 430755
3314 392 603675
1126 3396 854046
2706 1126 525449
886 2706 645596
2550 886 290999
3179 2550 661434
378 3179 96360
1808 378 277670
646 1808 111815
642 646 671032
2654 642 999152
1791 2654 270231
1926 1791 625029
932 1926 825935
2128 932 712095
3434 3397 675340
354 3398 969394
1172 354 163466
589 3399 555918
3062 3400 768237
1557 3062 67824
2591 1557 851980
1901 3401 520906
3071 1901 348367
1524 3071 771512
1675 3402 651098
2560 1675 995775
2501 2560 514688
1895 2501 204347
971 3404 630438
1113 971 547523
822 1113 237435
2304 822 980249
861 3405 35822
87 861 661234
705 87 853354
3262 705 398183
2531 3262 638785
940 2531 561041
980 940 811869
1444 980 159210
2479 1444 679283
1848 2479 265003
674 1848 462434
1698 674 983763
996 1698 118245
1490 996 89980
2102 3406 287103
801 3407 44816
1449 801 852770
1423 3408 121879
2781 3409 855915
878 2781 301977
1254 878 992127
1133 3410 893288
1822 1133 836881
1965 3411 749449
3195 3412 242763
3079 3195 18638
3654 3414 684044
492 3415 60440
3530 492 726450
3548 3416 737458
3639 3417 821515
647 3418 222864
2836 647 743176
2998 2836 526440
458 2998 175787
1702 458 583359
2678 1702 836614
2475 2678 919326
3553 3419 966859
3299 3420 749874
644 3299 482237
546 644 147851
852 546 874465
3266 3421 991909
2890 3266 23698
1709 2890 314124
1125 1709 132639
3348 1125 223763
820 3348 103794
1066 3422 630718
3676 3424 969979
745 3425 253502
3066 745 109049
595 3066 803464
344 595 165380
132 344 865970
850 3426 114459
405 850 827059
734 405 833169
2122 734 204608
1114 3428 5805
1339 3429 741765
489 3430 811494
581 489 508684
1145 3431 858281
381 1145 138115
2165 3432 102949
243 3434 265495
702 243 86695
1371 3435 944410
1105 3437 715223
2373 1105 159847
2443 2373 591345
978 2443 872180
800 3438 80597
2846 3439 53570
1606 3442 714262
2052 1606 808393
2880 2052 795246
2745 2880 856568
622 3444 317333
2467 622 788231
3355 2467 691303
3194 3446 347705
3321 3194 933641
3302 3447 905029
3571 3302 508829
1201 3448 920379
2218 1201 232434
3443 2218 626287
468 3443 401388
1199 3450 530327
1068 3451 300291
1402 3452 947450
48 3453 145008
2135 48 803023
121 3454 887103
22 121 557443
2244 3458 800403
1238 3459 171837
941 3460 165303
2307 941 11229
2376 3461 457505
70 3462 471665
280 70 570820
3599 280 945958
3471 3463 866218
1275 3464 109257
2054 1275 539197
2055 2054 523858
417 2055 774172
3473 417 52546
1012 3465 119556
3323 1012 433269
3021 3323 637051
486 3021 786860
1230 486 742610
2216 1230 376401
922 2216 496005
992 922 675933
3631 3466 236972
2447 3467 83503
3509 2447 990862
1320 3468 568515
3603 3469 921198
744 3470 425273
219 744 185432
3513 3471 446204
3128 3472 189430
385 3128 865389
2133 385 5292
2064 3473 304804
1226 3474 739724
1276 1226 269417
2049 3476 166318
2848 3477 43842
3657 2848 566621
2801 3478 699873
1362 2801 226461
1987 1362 673423
1347 3479 310277
3626 1347 468943
2266 3480 680424
1524 2266 222057
2715 1524 854310
1861 2715 655258
3009 3481 432946
1971 3009 876511
3243 1971 569799
511 3243 677872
3227 3482 971341
1288 3227 16660
3642 1288 602987
86 3484 277414
109 86 29672
1568 109 707656
1329 1568 469981
2258 1329 646782
2384 2258 530748
24 3485 179147
2997 24 307625
2236 2997 133273
2209 3486 182358
1317 2209 582298
2364 1317 702688
2279 2364 684014
2037 2279 359189
1625 2037 460616
950 3487 580872
1481 3488 29475
508 1481 553183
694 508 440462
3037 694 637040
3236 3037 621838
1245 3489 703184
2805 1245 701883
3040 3490 573220
262 3040 41803
3659 262 184512
924 3491 68194
151 924 188185
2507 151 239157
523 2507 450433
1977 3495 237857
1600 3496 704798
369 3497 199182
660 369 909172
1013 3499 952851
551 1013 392442
1986 551 240315
1233 1986 916462
1486 3500 209007
3636 1486 924920
2135 3504 984503
99 2135 338947
3501 99 976326
2949 3505 628652
3520 3506 91700
2924 3507 260712
2078 2924 567597
377 2078 617864
3104 377 984798
2075 3508 955562
2769 2075 57635
2272 2769 309906
3280 2272 630271
1067 3280 185374
436 1067 811312
364 436 332991
1237 3509 611049
22 3510 487167
337 3511 285180
2744 337 95686
815 3512 690607
541 815 747095
347 541 710016
1687 347 671655
1509 3513 417123
608 3514 905581
1602 608 348177
1837 1602 237288
2552 1837 979705
3455 2552 158504
1587 3455 331376
2474 1587 862528
2777 3515 322314
1920 2777 22760
2409 1920 12029
455 2409 478553
1788 455 395154
1400 1788 266144
2388 1400 390214
3680 2388 120426
1642 3516 39585
2042 1642 532394
1445 3517 672975
1509 1445 555917
454 3518 53227
3318 454 9224
3735 3519 286521
1529 3521 192561
1019 1529 943867
1104 1019 642172
943 1104 88230
1902 3522 750626
3731 3524 605800
2782 3525 162883
3612 2782 241167
753 3526 503951
2709 3527 51137
1705 2709 749567
2529 3528 734993
175 2529 604329
3067 3529 910424
2305 3067 213086
1913 3531 44537
1237 3532 111601
1334 1237 224375
267 1334 200041
1868 267 73467
528 1868 282061
3475 528 156732
2206 3475 532600
2594 2206 924970
1437 3533 409260
682 1437 175332
2313 682 665451
352 2313 534396
876 352 431011
2340 876 967941
1417 3535 294437
3690 1417 44398
2864 3538 959654
466 2864 339300
3220 466 165550
1331 3220 425647
364 1331 19540
1412 3540 95541
2931 1412 525346
2625 2931 634369
3585 2625 324275
3433 3543 857033
2458 3546 627432
841 2458 709264
3226 841 548021
2419 3226 28721
2681 2419 781259
3549 2681 393840
2534 3547 132444
388 2534 87798
2854 3548 850396
988 2854 386797
2304 988 951816
2097 2304 563310
533 2097 116700
2109 533 214234
1651 3550 889059
2735 1651 461937
1260 2735 843908
2761 1260 762114
3669 2761 536007
3427 3551 61103
3136 3427 651416
2707 3136 751578
2184 2707 472247
1154 2184 714343
348 1154 542478
1968 348 78410
658 1968 277642
1566 658 716954
1266 1566 520981
1059 1266 831241
1332 3554 36791
373 1332 314308
321 3555 410040
3088 321 95255
683 3088 445560
3536 3557 928628
1859 3536 943466
1339 1859 204724
1945 1339 861048
1546 1945 604989
2033 3558 881744
1618 2033 385326
1361 1618 314565
3501 1361 275268
946 3501 953599
3039 946 519061
388 3039 859458
1560 3559 371546
2846 1560 284580
3160 2846 813824
1305 3560 579837
2945 1305 706612
1474 2945 473164
3318 1474 825236
105 3318 137574
511 3562 781197
832 511 473459
3553 832 240041
534 3553 648314
2830 534 576945
2897 2830 877947
655 3563 745564
1272 655 510433
2377 3564 135330
2384 2377 401175
2539 3566 922217
451 2539 58135
3144 451 787374
753 3144 51053
1031 753 567755
1358 1031 374353
1866 1358 36063
1850 3567 197942
1040 3568 762564
3449 1040 163254
2679 3449 651401
2893 2679 394928
3087 2893 641424
992 3087 229526
1129 3569 131354
409 1129 58779
1046 3571 310560
3369 1046 789228
2374 3369 354800
1605 2374 606328
819 3572 68012
1958 819 798624
3705 1958 826086
2046 3574 750024
1382 3575 799686
3096 1382 453045
3104 3096 54631
1389 3104 91809
559 1389 330160
598 559 274566
487 3576 744074
2511 3577 156803
509 3579 486685
2051 3580 819122
667 2051 946349
1398 667 20651
1272 1398 5237
1496 1272 977994
3181 1496 937256
963 3581 190913
2921 963 432413
364 2921 858816
858 364 994874
1647 858 34836
854 1647 52078
2036 854 448355
386 3584 165290
3097 386 534994
973 3097 553537
1026 973 792046
2850 1026 150732
1686 3585 984778
823 1686 223499
1364 823 755899
3291 3586 914790
2042 3291 98681
1350 2042 201728
1021 1350 749394
1055 1021 459546
1238 1055 717198
1656 1238 573577
2225 1656 350361
873 2225 552099
103 873 436653
1121 3587 881145
45 3588 357668
2651 45 948236
2345 2651 232407
1596 2345 14490
1902 1596 596469
1341 3589 144516
3370 3592 359546
875 3370 604556
1909 875 791300
105 1909 525858
898 3594 281175
2628 898 222080
207 3595 308593
1505 207 207348
2621 3596 703973
3026 2621 707727
621 3026 951392
3738 621 225226
1583 3597 808719
2973 1583 725558
2525 2973 28371
2790 2525 678657
2713 2790 128544
1521 2713 878255
818 3598 117508
3001 818 603782
3350 3001 612902
175 3350 876600
995 3600 391272
2217 3604 754928
947 2217 883339
1069 947 896320
2629 3605 640286
3327 3606 928706
857 3327 467075
950 857 279738
2597 950 802399
2628 2597 509009
1913 2628 321006
2896 1913 80271
746 2896 731963
1989 3607 584016
1725 1989 109306
2038 1725 988037
2714 3608 838023
1254 2714 394822
1069 3609 772534
2695 3610 572668
800 2695 52776
3537 800 969680
3483 3537 454267
3235 3611 610741
2586 3235 851473
879 2586 993896
2760 879 525889
3542 2760 785408
400 3542 300601
1468 400 600099
2118 3612 847231
1202 3615 718779
161 1202 817545
3565 161 644270
2118 3565 837803
1640 2118 916199
3106 1640 352480
309 3106 503281
82 309 453661
660 82 955329
2389 660 119782
2018 2389 227695
2152 2018 387897
1500 2152 242056
869 1500 737028
735 869 70115
589 735 97690
3534 589 536526
3456 3534 7838
3170 3456 167095
468 3170 470145
3403 3616 243113
977 3403 21330
2302 3617 563796
3549 2302 954915
468 3549 605150
560 468 270895
754 560 935254
2053 3618 959611
1912 3619 238862
1476 1912 82840
1759 3621 106485
172 1759 798655
129 172 418194
141 129 600608
475 141 490540
3373 475 725617
2908 3373 227103
1857 3623 693201
2204 1857 104929
238 2204 550681
1850 238 54523
434 1850 152487
2356 434 646342
2779 2356 6162
1346 2779 896773
22 1346 445434
279 22 408905
2682 279 733934
110 2682 672126
2883 110 485656
1235 2883 881860
2307 3624 563941
931 2307 233977
1131 931 8777
65 3625 676741
1731 65 582679
1468 3626 474849
1370 3627 293775
3187 1370 72777
1755 3629 951445
18 1755 982251
1907 3631 630326
3603 1907 769239
874 3632 922704
2122 874 674463
2927 2122 653242
2494 3633 744659
2124 2494 410366
3440 2124 659686
3502 3440 182381
1045 3502 169386
2303 1045 455937
1813 2303 279930
3436 1813 213991
1653 3436 807927
278 1653 554777
2946 278 705561
3315 2946 767861
1564 3315 945145
2580 1564 610176
3353 3634 370996
192 3353 256391
1730 192 807832
3022 1730 85728
25 3022 713518
716 3635 561837
2457 716 325824
409 2457 514583
3321 3637 916001
774 3321 71776
542 774 732552
702 542 321203
1902 3640 311320
3270 1902 138887
3703 3270 167164
2642 3644 675187
3337 2642 161280
36 3645 743645
609 36 986294
2312 609 738735
2186 2312 834703
3363 2186 690167
2559 3363 686120
1799 2559 830371
2824 1799 168880
2556 2824 685560
598 2556 841334
536 598 291786
1223 536 617206
3658 1223 72719
2872 3646 461046
1957 2872 659653
1712 3647 210541
1845 3648 905285
991 1845 594396
1326 991 980107
2590 1326 69902
3172 2590 913985
3413 3649 368201
1710 3413 746009
1341 1710 621447
805 1341 829322
3245 805 438890
2916 3650 544311
1380 2916 876716
698 1380 883237
1869 698 759432
2805 1869 894932
2147 2805 494680
351 2147 75339
2885 351 647662
2173 2885 156504
1954 3651 561502
2821 1954 866760
47 2821 341065
1306 3652 605061
2475 3654 880342
2164 2475 665599
2422 2164 561886
1436 2422 939136
3709 1436 725801
3031 3655 934378
2575 3656 749341
2418 2575 360950
3006 2418 625151
590 3006 84990
1235 590 451559
1662 1235 314491
527 1662 534509
1701 527 732118
1421 3658 934713
3168 1421 48856
3530 3168 565425
868 3659 709092
2445 868 584708
3539 2445 322208
3523 3539 964351
746 3523 194799
2452 746 756517
977 2452 722822
1320 977 328574
231 3660 854174
1687 231 998882
1254 1687 901578
3306 3661 152092
3591 3306 180555
2553 3591 724608
58 2553 741974
2825 58 364132
1114 3662 53315
3011 1114 873169
3288 3011 914360
409 3288 558675
967 409 976464
1932 967 51511
3094 1932 405308
77 3094 463023
91 77 245980
358 91 905684
2740 358 596283
3059 2740 500143
393 3059 545070
1883 393 676250
3359 1883 253861
1775 3359 626369
3740 1775 144794
2175 3664 189028
2044 2175 929824
1042 2044 571450
673 1042 599844
581 673 517075
259 581 232552
1468 259 795169
3691 3665 670494
628 3666 151990
2091 628 403902
2412 2091 242572
2047 2412 671623
213 3667 760792
718 213 373760
1271 718 356470
3155 1271 244854
976 3155 799294
2395 976 748269
852 2395 677421
3498 852 790855
3290 3668 202139
142 3290 426655
1778 142 499279
1512 1778 36729
3103 1512 529180
1102 3103 665687
456 1102 668331
1965 456 600327
548 1965 938931
2984 548 810422
251 2984 40350
3260 251 674281
2162 3260 749362
1697 2162 340730
3213 1697 874139
2369 3213 248638
2636 3670 429242
3054 2636 998136
326 3054 88699
1277 3671 733193
1887 3673 785265
16 1887 725154
3219 16 726758
665 3219 591515
2088 665 771170
1419 2088 284382
2049 1419 987579
1204 2049 667352
3079 1204 516960
5 3675 975610
975 3676 366465
3091 975 966391
2410 3091 878709
3150 2410 297117
71 3150 624372
2244 71 336071
730 2244 753652
2318 730 145681
1878 2318 729086
1374 1878 815273
962 1374 876572
3642 962 586471
3620 3642 699265
2108 3620 181352
3630 2108 923906
1605 3630 25352
1893 1605 428121
1509 1893 150004
1990 1509 70130
934 3677 224458
3149 934 179809
2038 3149 932577
992 2038 952375
1963 992 394073
2200 1963 423627
2588 2200 843532
3245 2588 923613
3362 3245 536160
3602 3362 33671
1233 3602 60566
3263 1233 89573
752 3263 767017
2753 752 994804
1866 2753 593468
2238 3678 130792
2394 2238 94181
714 2394 190869
3498 714 681461
2813 3498 11111
2141 2813 974635
1023 2141 711814
1760 3679 589895
2796 1760 492957
1946 3680 284405
2720 1946 766149
92 2720 815575
2123 92 162887
1625 2123 358931
5 1625 291405
154 5 38314
2744 3681 745812
1717 2744 544856
1433 3682 498523
2717 1433 551636
1955 2717 648429
1121 1955 513620
1782 1121 951438
3000 1782 13088
1277 3000 44760
3314 1277 855706
607 3314 924085
1027 607 674955
2608 1027 461007
1490 2608 277101
2736 1490 405520
1620 2736 777831
1657 1620 200572
610 1657 885174
699 610 995597
3672 699 917205
637 3672 716169
3613 637 660361
2111 3613 752710
1440 2111 547310
3079 1440 445881
2224 3079 287221
25 2224 955711
3636 3684 234018
613 3636 904181
3578 613 52433
1941 3578 989009
2399 1941 820487
1241 2399 607976
1470 1241 112424
1917 1470 497450
2034 1917 88352
3653 2034 540635
3158 3653 899689
132 3685 861738
2698 132 300027
3745 2698 953997
2944 3686 783739
2499 2944 700097
1701 2499 992809
2555 1701 926321
3102 3687 644833
2745 3102 551266
686 2745 911112
526 686 899113
1320 526 936050
3058 3688 458471
2567 3058 708244
2823 2567 772303
3186 2823 431877
381 3186 624139
2474 381 931981
18 2474 289497
1573 18 265378
2591 3689 883214
3259 2591 500106
1084 3259 236988
1363 1084 55473
2245 1363 278876
1579 2245 346419
1210 1579 493208
1732 1210 228212
2194 1732 229475
1395 2194 876212
1494 1395 825692
506 1494 237129
2771 506 23259
512 2771 974593
1066 3690 454936
130 1066 244064
1390 3691 901805
561 1390 909307
3603 561 212504
732 3603 696182
1951 3692 247493
350 1951 571722
654 350 965924
3492 3693 360303
3031 3492 499056
2990 3695 909720
1528 2990 212990
3357 1528 848689
3338 3357 428662
388 3338 927383
842 3696 268054
2504 842 938999
2580 3697 238990
3174 2580 846581
3570 3174 42503
2521 3698 149227
3325 2521 481427
3030 3325 106094
1712 3030 59058
1366 1712 90868
1428 1366 853067
1410 3699 481012
838 1410 719518
2384 838 484001
2114 3700 302632
2084 3701 645027
2064 2084 602630
591 2064 523517
530 591 645411
786 530 290857
2062 786 389051
2233 2062 863091
556 2233 274609
2404 556 126712
1177 2404 772487
2140 1177 764738
1115 3702 304851
881 1115 692717
2283 881 651282
3337 2283 905309
1197 3337 995229
3166 1197 944015
1364 3166 931717
1497 1364 975006
2511 1497 816256
2913 2511 175747
2506 2913 537698
1038 2506 94809
416 1038 824733
778 416 60721
1371 778 978042
112 1371 864968
2993 3703 989166
1985 2993 274032
1262 1985 715777
576 3704 950630
2611 576 216283
2882 2611 591273
3433 3705 672283
2187 3433 999451
1424 2187 568073
2332 3706 786735
3203 2332 358119
469 3203 354341
1816 469 808586
3197 1816 995697
1254 3197 787030
3503 1254 488395
2523 3503 810565
2979 2523 57335
212 2979 406082
2046 212 775792
1600 2046 206682
1423 1600 561694
2426 1423 647084
326 2426 550829
2666 326 43653
3248 2666 917859
3300 3248 553654
219 3300 980412
2029 219 537648
270 2029 497479
585 270 499428
487 585 596056
1895 487 382423
2353 1895 786931
3441 2353 146799
1058 3441 901582
1526 1058 410500
3151 1526 902518
3258 3151 139806
702 3258 356974
463 702 568064
3093 463 802961
2942 3093 14882
2236 2942 18860
1249 2236 818823
1818 1249 78401
2612 1818 356502
3729 3708 779442
2592 3709 744558
605 2592 340142
754 605 317108
3590 754 374775
2882 3590 456457
3254 2882 572441
2594 3254 245571
130 2594 35811
4 130 254495
398 3710 312930
1276 398 592172
3593 1276 173393
1962 3593 504620
2554 1962 742156
1180 2554 945947
1173 1180 774676
2296 1173 513571
1155 3711 621666
296 1155 601578
1023 296 920155
943 1023 131401
1830 943 962486
1556 1830 797874
1385 1556 959237
2012 1385 856638
2911 3712 412769
1703 3713 70355
2160 1703 196762
964 2160 532044
412 964 477845
2072 412 236749
1689 2072 974314
313 1689 989569
3316 3714 416792
3741 3715 502163
1447 3716 821695
3160 1447 374413
373 3160 203438
2004 373 357505
1663 2004 667701
2919 1663 547
2376 2919 38043
3638 2376 989687
2007 3638 681613
1861 2007 58917
959 1861 8583
3020 959 548498
995 3020 233106
330 995 569411
2920 330 258016
683 2920 883083
923 683 915553
255 923 11821
2146 255 883479
1458 2146 377623
3727 1458 675494
1256 3717 935189
2035 1256 947490
257 2035 291211
911 3719 256109
2183 911 325103
2012 2183 965959
282 2012 913598
1665 3720 485868
3172 3721 962019
294 3172 314332
1621 294 939956
586 1621 130448
543 586 197899
452 543 967750
1800 452 565171
1774 1800 625150
1987 3724 130223
2028 1987 879265
2476 2028 802114
221 2476 434831
2911 221 537659
509 2911 868131
1956 509 935039
1576 1956 692244
1059 1576 388271
3556 1059 945343
382 3556 449515
3663 382 884850
1279 3663 357128
3355 1279 133081
897 3725 11490
3018 897 119933
523 3018 848135
2421 523 601048
1953 2421 917735
137 1953 951471
1402 137 565609
3545 1402 234489
276 3545 920998
49 276 487656
2533 49 500364
2702 3726 169230
2937 2702 598623
2908 2937 36516
978 2908 213962
3187 978 287403
1468 3187 916311
623 1468 336577
2866 623 679769
2001 2866 520989
2871 2001 175688
389 2871 375554
507 389 494571
997 507 317467
2915 997 851527
1795 2915 613632
1156 1795 474266
1767 1156 19429
2786 1767 429273
2718 3727 871045
1636 2718 489019
2689 1636 171290
3483 2689 223727
616 3483 206266
1063 616 623732
731 1063 237247
2504 731 334912
1970 2504 503160
1469 1970 865323
3189 1469 620192
421 3189 516322
1131 421 948924
3423 1131 351880
2125 3423 798971
2053 2125 243738
1936 2053 258922
1637 1936 741096
2466 1637 390457
2721 2466 607077
1977 2721 789305
592 3730 659913
3121 592 231455
510 3121 149856
32 3731 304911
390 32 426813
2561 390 743669
3368 2561 284897
535 3368 563858
2897 535 877509
3722 2897 238433
2341 3732 992984
772 2341 621783
2057 772 139030
1717 2057 425147
152 1717 430227
1822 152 3906
552 1822 164977
258 552 137268
179 258 784168
677 179 532117
2047 677 801910
2165 2047 374229
2107 2165 321890
1119 2107 251883
2710 1119 560716
2819 2710 195078
1714 2819 735585
1506 1714 353535
1990 1506 679953
1168 1990 515232
2431 1168 461143
2144 3733 613532
948 2144 919078
2015 948 470213
1182 2015 104475
2340 1182 343625
1257 3734 425209
3573 1257 989265
2825 3573 686581
1344 2825 122843
1151 1344 203963
3718 1151 766380
1487 3718 692220
3031 1487 802815
570 3031 660384
840 570 989615
314 840 256023
3641 314 446283
2140 3641 809533
3181 2140 607758
2677 3181 169525
1085 2677 915320
2796 1085 11157
2173 2796 3924
2949 2173 857804
853 2949 349594
112 853 91502
2543 112 142926
1977 3735 540839
413 1977 889245
3180 413 456754
313 3180 574159
446 313 831973
2369 446 832620
1521 3736 280186
1840 1521 371302
3494 1840 118819
504 3494 798906
812 504 239326
2128 812 780550
2271 2128 756622
3158 3737 320883
2751 3158 793846
54 2751 406084
1172 54 950247
930 1172 578603
732 930 648576
3639 3738 895159
3728 3639 855876
749 3728 724536
1320 749 527174
2786 1320 594107
1221 3739 338401
3274 1221 233030
2383 3274 992462
1415 2383 806590
3269 1415 129141
2483 3269 67992
257 2483 703635
2296 257 889502
693 2296 368674
2895 693 243902
661 2895 669911
1546 661 455001
2109 1546 335615
2041 2109 838778
2157 2041 390101
4 2157 732425
2936 4 741501
1449 2936 340486
3657 1449 77712
920 3657 788354
1356 920 5789
3217 1356 253494
27 3217 250109
10 27 299725
2082 10 540473
2799 3740 400615
2330 2799 556764
3146 2330 445056
663 3146 419682
2180 663 921163
3156 2180 355492
1343 3156 644538
3674 1343 818442
2577 3674 701137
1973 2577 823035
2755 1973 617256
1588 2755 810552
2865 1588 138141
399 2865 826573
2927 399 561187
1892 2927 105310
1943 1892 404219
1298 1943 31169
3171 1298 479318
3570 3171 981174
3378 3570 954227
3383 3378 820924
1015 3742 914143
2950 1015 953648
2369 2950 198407
1488 2369 138894
362 1488 598444
1109 362 278807
2340 1109 353164
1462 2340 835790
2271 1462 798943
465 2271 195985
2239 465 882313
3312 2239 402386
771 3312 480527
1573 771 413410
3722 1573 500739
3236 3722 873574
3743 3236 514442
2101 3743 322535
1387 2101 11615
983 1387 83921
3552 3744 188215
1705 3552 563583
1570 3745 90711
2011 3746 487691
3169 2011 323037
1283 3169 136545
3723 1283 180153
154 3748 433778
2540 154 220981
2839 2540 267181
1267 2839 738723
3383 1267 568448
1641 3383 647794
1196 1641 316038
1570 1196 923311
3707 1570 51785
1424 3707 77814
708 1424 310532
2612 708 42028
2809 2612 8168
3669 2809 896161
1262 3669 770432
2757 1262 512069
2241 2757 739404
2898 2241 693395
2247 2898 550306
1199 2247 941480
510 1199 895188
3599 510 477009
1265 3599 639469
3276 1265 922791
654 3276 150220
1562 654 199794
2906 1562 505319
2639 2906 827866
3077 2639 363556
3747 3077 371653
1061 3747 292267
2019 1061 760318
1069 2019 369569
2384 1069 478058
3694 2384 65767
1464 3694 94628
3286 1464 952050
3561 3286 11311
521 3561 271065
103 521 145667
2201 103 513567
1225 2201 870468
983 1225 890074
3198 983 2834
3143 3198 126732
3261 3143 510135
2640 3261 603733
2305 2640 76561
1571 2305 51601
2431 1571 46822
3614 2431 89433
388 3614 924326
3530 388 180316
2464 3530 665617
2533 2464 52403
908 2533 934758
2082 908 878771
503 2082 790061
3275 503 671854
170 3275 899881
3729 170 94729
3493 3729 755872
2449 3493 51015
2850 2449 191117
835 2850 273688
79 835 959579
2543 79 585167
1428 2543 32328
1505 1428 156149
3023 1505 449382
1774 3023 602350
1665 1774 13012
624 1665 633306
2 624 409665
64 2 749643
2459 64 296685
1658 2459 452144
3541 1658 75156
1284 3541 559024
407 1284 130152
105 407 77199
2465 105 520501
3544 2465 606693
3117 3544 939981
732 3117 432778
3622 732 774224
1550 3622 663396
1008 1550 757397
615 1008 834496
1480 615 68439
3382 1480 77503
3741 3382 324730
3723 3741 174923
2877 3723 839207
1866 2877 764700
2532 1866 677105
2952 2532 23883
1957 2952 755221
2724 1957 151218
3643 2724 594253
1135 3643 739971
2104 3749 260588
2549 2104 523776
3520 2549 292254
2673 3520 774412
1396 2673 126439
3316 1396 860487
1747 3316 429020
1068 1747 730408
25 1068 581861
1211 25 33891
781 1211 617814
2065 781 333111
2775 2065 538915
3628 2775 495028
2555 3628 789183
2786 2555 67563
3583 2786 167699
1207 3583 72653
282 1207 736361
797 282 944503
2226 797 926236
2849 2226 574943
2133 2849 888947
1580 2133 251123
2002 1580 412813
3355 2002 371410
2537 3355 771687
726 2537 452494
2933 726 237053
1731 2933 779434
3445 1731 441996
3457 3445 883533
1705 3457 498818
2562 1705 916645
47 2562 613999
820 47 913047
3601 820 687041
2102 3601 301452
889 2102 908085
3582 889 975414
2402 3582 133979
175 2402 215180
512 175 605590
2185 512 67545
2202 2185 60061
1306 2202 120439
3032 1306 730427
1135 3032 874324
1476 1135 422648
2114 1476 875968
3683 2114 365040
123 3683 584519
2036 123 99324
1983 2036 495578
640 1983 852747
2728 640 78859
147 2728 782215
2629 147 358349
3750 2629 305960
3294 3077 1652 616 457 975 2837 1932 2268 2712 3342 860 2681 639 2747 993 44 2769 3075 2658 3627 1866 2083 3145 3187 1522 2018 2264 1742 2066 1965 1651 2802 3699 3166 2516 3435 244 1849 581 3180 3171 1148 1791 1900 2164 1299 1077 1683 1003 1521 2222 2020 668 2327 3224 235 295 1997 2722 2149 1156 2995 1525 1971 605 1308 2380 2652 2414 3374 398 2315 2498 2678 178 684 3146 1784 3496 3074 1414 3362 435 765 2657 1269 1240 3384 3230 339 3462 2794 284 2157 287 1833 2115 2304 824 1093 2482 2332 3535 1419 2377 3030 610 2389 788 2108 196 2737 2184 974 3151 1289 3393 411 1223 2455 3344 3363 543 3157 1418 708 688 2430 3272 253 3744 3285 1255 1682 2074 1568 593 2841 2156 2285 3731 2550 203 2402 2910 3108 380 3395 214 1221 1400 3600 107 1367 571 2022 1158 655 2898 2046 1973 2514 442 821 599 3139 3687 2629 3094 59 298 3612 3189 3159 834 325 2814 2318 3366 3038 477 1151 850 3186 630 1569 1408 1614 3565 1735 2749 3732 1772 3599 3081 79 2696 3456 1819 3458 1 77 2863 1145 1890 193 1001 865 1956 3115 2673 1378 3705 428 3443 1428 1799 1178 2656 101 510 769 2305 2302 230 3274 2450 1296 3182 467 2628 296 2773 416 3090 3021 2195 2470 2269 759 2965 3301 2991 3128 2256 2739 327 169 2698 376 2337 3719 3578 879 2172 1380 883 333 651 2911 3387 2181 3400 2244 2981 202 3041 3510 973 1720 2177 1694 2398 844 2105 207 3686 2978 2708 798 1022 562 2100 2556 2776 1966 2052 3352 1573 555 2159 3721 594 3522 2971 2515 1226 431 1250 771 1253 1533 423 3242 2659 2270 2273 3636 453 3546 3583 927 3464 3499 586 440 50 3377 3654 2169 1344 572 1334 1391 2889 2170 609 2872 2458 2087 1231 732 1759 332 3134 2969 1480 628 1280 4 2464 1948 1471 414 245 2646 1818 2456 2748 966 1061 2081 2862 2878 1088 472 2977 1028 264 1984 2803 3331 1557 3058 1698 3519 2373 3660 1886 1052 836 2253 1383 741 3575 1429 976 2572 1713 1937 1565 1146 3040 3409 758 1494 167 3621 2307 3361 2780 2500 3210 3061 2992 2129 2589 1615 595 3127 2518 1361 2140 2717 722 3668 775 1007 3153 427 2090 1925 727 2899 1087 1364 3156 361 3290 2424 2030 1090 1106 3493 2623 1340 1396 413 2279 910 868 726 1678 365 1353 2905 2003 2097 625 1745 1056 1357 2259 34 1478 1125 180 35 2147 2011 2198 63 965 2843 1949 2605 2551 1722 637 2499 99 913 890 2789 3436 3479 1769 1592 643 930 2811 1475 1998 2508 1054 3410 1225 451 1963 1124 417 3714 2980 3547 983 1806 2932 1513 1944 942 3651 1134 124 1658 1800 3126 1570 723 787 338 2422 3616 1195 681 2692 3539 3617 2815 1439 1031 1102 2869 1446 3733 285 2303 969 186 2844 2125 1234 1895 465 2110 1625 1964 1789 685 1981 838 390 793 2448 1235 3577 68 404 2004 300 591 1259 1094 1076 937 1159 2615 1100 3494 1370 1013 1700 559 1500 561 1702 3305 1575 1210 1822 694 2310 2564 558 1196 967 3662 1247 3614 1410 1987 1314 3404 2694 1288 3330 2552 3432 3632 2733 3696 2881 2104 156 826 3390 1105 604 772 766 1461 2743 2155 1988 1005 1639 3118 473 3052 2483 2720 3116 1511 2000 354 3477 3501 1130 359 1514 159 378 2986 3413 1073 2188 3473 2653 1009 1477 482 21 1420 2316 2111 743 1251 3314 951 1133 3325 52 1983 405 3312 97 795 3056 3581 2063 2587 1823 709 714 1812 2326 2537 2834 1686 278 269 1023 3427 2577 2699 2296 15 2586 3086 2669 853 1650 1761 3287 1620 185 272 3002 2994 1209 707 1851 1692 602 3540 3437 3407 1558 2644 1456 2575 155 1333 904 2536 943 2216 1152 1015 1868 400 2267 2925 1831 1563 171 774 3073 1044 1512 3353 219 898 674 2634 3483 1444 1359 622 1602 3644 1362 2347 2194 1012 2946 2639 2249 704 945 2682 161 23 2068 2228 2289 2165 2750 3221 3693 436 1232 1365 957 902 1273 1402 2432 1869 3009 1644 1969 388 3340 832 114 2838 2854 373 2107 90 574 1947 3185 3092 1874 2534 1519 3313 3296 2143 2785 433 1588 747 3079 2343 3453 1999 2154 612 1390 1708 3204 1764 147 1360 2884 1680 1279 2690 489 2214 2232 1292 2383 2796 1192 3239 8 3392 1194 3147 961 893 3191 1919 1760 2091 3465 615 1839 819 122 2407 1366 1627 3411 2393 1676 1392 1385 1681 2890 1693 221 920 918 3059 3585 3601 2059 552 83 2319 1609 1986 1612 1786 1281 139 160 1404 1346 2521 1424 2809 3253 1271 784 1536 2620 2360 3385 1529 1697 1649 2379 1070 2783 3711 2632 2855 3645 1619 289 2757 475 776 1881 3412 1142 1025 1752 2611 2069 456 2138 448 2176 2438 1914 1994 1929 1343 1097 2437 2058 1355 197 3188 3034 2645 1388 2006 825 3634 1957 1858 1727 2816 790 2493 1952 1197 2826 803 3531 2051 3078 3650 1398 2633 3370 560 3434 3297 3647 299 990 2663 3475 2601 1534 1744 106 1884 984 1665 1304 1931 1320 588 921 737 1228 2944 2144 3080 2142 1116 1201 279 184 2937 2795 800 3629 204 95 1810 3527 2357 2569 468 1297 2509 1474 2892 1637 1749 2062 2668 690 1377 3133 1909 3220 2227 2594 2727 2146 2655 3053 1826 855 1184 516 1827 964 2093 1481 175 460 3085 2942 817 2290 3466 149 319 3148 181 199 2399 540 2403 3665 395 136 419 3174 209 3338 2961 749 3671 1311 1834 1157 3740 2940 3347 2506 2606 2329 2153 3015 2183 3680 1667 3426 742 3004 851 1795 2457 2235 3103 1484 2664 2636 3155 3273 1597 3357 3289 73 3673 1183 40 3243 2284 61 2887 1111 1430 1648 1080 3697 412 2856 1672 1422 1653 1959 2852 563 1560 1657 1774 3394 626 409 2415 590 624 2012 1211 1350 864 1034 3044 2497 847 1166 1323 1462 1545 3598 1084 242 1808 3551 3006 1154 536 2930 1108 78 226 1754 2532 1222 2192 133 2875 1406 1815 1611 2491 3069 857 1435 1492 1729 2358 231 110 2931 146 3248 601 3225 36 1915 1832 2996 2952 188 387 2024 2312 2217 2687 1502 971 3749 3349 751 177 2394 2526 1687 1550 1852 309 3125 3723 2468 978 2535 2251 3223 2756 1347 2295 2348 2094 909 389 3066 2533 1843 153 357 1596 2252 2927 515 1161 2903 3556 1703 1581 1804 402 2484 1445 2868 2695 2137 292 135 2092 366 3379 1224 3123 2277 2688 250 3716 2342 1921 1417 2481 1212 1207 318 246 2050 486 2800 2540 1567 2732 1753 2234 263 1837 2979 1571 3260 2210 3391 3235 871 2765 3306 2736 2366 1992 2570 2701 438 621 1203 3734 1758 302 3484 1809 1190 3265 1864 11 556 74 3690 371 3084 46 58 2926 3194 2136 2689 711 1499 2957 1634 613 2867 810 3164 2042 2902 1198 3589 839 3567 719 1008 649 2452 912 2127 523 3356 740 1033 1162 988 3487 2761 3 877 2542 3555 1643 2434 2229 3669 496 2777 306 410 3724 1961 2851 587 2241 1893 2487 2574 3292 3416 820 2825 979 1351 3743 67 3397 1824 683 1254 2883 3141 3633 3300 3275 3717 2479 650 1675 3070 3419 3545 2781 842 2467 1143 1980 2818 2359 647 1168 1058 517 941 2221 511 381 2416 2492 3205 1803 3713 1199 3024 311 336 2808 3667 229 65 950 2213 3160 738 47 2797 2372 837 2044 692 3576 1341 2274 2238 1716 176 598 1605 1585 454 1979 3346 3319 2680 914 1182 2672 1630 2254 3485 1140 396 2654 840 3203 2461 2976 3642 3226 2993 3299 734 3232 508 713 3467 2219 42 1237 3683 2077 358 2951 1395 505 1328 3518 1871 1004 3590 1119 293 813 1173 635 1616 3444 217 194 121 3013 273 2187 2726 2953 2447 528 1179 326 3154 2929 1384 2113 1899 1287 1942 315 1924 1071 3418 2923 3429 3143 3179 2661 1189 19 3064 2598 981 2827 661 3448 1011 3089 1098 1455 2879 141 3430 3623 1313 652 611 2117 2758 1732 1601 2792 348 3050 972 220 1286 3681 3005 3653 1238 1710 1310 1246 570 1369 1242 2683 3399 3420 745 1662 858 2064 1458 2885 261 814 3431 364 2231 2435 26 1068 712 2956 1780 1813 2225 3530 3036 3586 3042 728 1329 3701 1465 1621 856 3137 154 763 2141 1677 3591 553 2355 382 1264 3389 2133 3526 2545 2507 963 1574 3610 2596 48 3138 596 994 1544 698 2078 1993 3512 20 172 2936 2118 2112 2505 2300 1172 2916 1290 3258 3343 1548 2671 900 785 3350 3560 143 2580 985 521 3657 2735 1903 377 13 792 157 3091 1613 2364 2676 2805 3471 1453 1317 2592 7 2919 3622 848 3255 1923 2679 3628 1437 568 1016 403 1423 2762 3615 1260 2173 1472 2007 1136 2341 478 2211 3240 369 1219 2607 754 3439 804 2828 1848 2824 1955 3010 2576 329 863 1566 450 716 447 2741 724 1165 1857 3655 537 1074 1115 1277 1000 1618 2998 3334 1450 2554 946 2158 2413 3071 1516 3190 1797 1725 3451 2939 1460 1338 504 3415 1564 802 3398 76 1345 2618 1777 1880 1180 2766 1991 1606 426 3201 3202 212 3371 1661 829 2335 3533 2913 2212 807 2008 2641 1707 1138 85 1659 1995 1841 1887 645 1865 2548 2174 2047 3007 168 891 2135 1945 3507 648 1600 2288 1069 3685 1018 2189 664 314 3011 105 3283 1695 3055 2759 682 1741 2510 1048 1164 2612 1379 2858 566 3018 2032 3195 3588 875 1394 3532 3212 3249 3012 476 916 2382 3638 939 503 679 2412 2308 2877 89 1763 3368 1064 660 1464 484 2686 1504 1393 1905 1283 3461 3172 518 2559 362 1318 956 2662 3033 3706 385 885 3469 2444 434 872 1691 340 3132 313 2131 3750 532 3421 861 71 1879 977 3470 308 3424 1002 2738 1756 3709 736 2224 1457 3114 1927 2962 57 1954 1501 3271 1960 3104 1933 31 3408 1032 2496 3335 2763 2204 2874 1245 1405 2880 1485 446 1946 2544 3268 3557 3354 2291 1046 1583 1757 1762 1714 2276 670 2488 592 514 1335 2378 3652 415 3039 3542 2693 233 3735 1294 2425 3608 2804 2859 2861 248 2478 3528 2511 968 1617 2642 370 1962 2501 3263 932 2197 3491 205 275 374 2560 2168 1901 2829 3568 2388 2297 1850 3698 905 2427 1646 3161 3207 123 137 30 195 1272 1505 2317 919 335 1688 1436 2209 3536 2718 1549 1562 2040 676 3341 1169 3553 2770 1547 2336 3637 1976 1817 1580 173 1870 2784 696 1014 3175 1487 1043 3106 2791 3197 1747 925 3481 2076 3097 960 391 2900 938 1186 1153 1835 1217 3561 1770 2959 1669 1332 1940 303 2085 1840 1316 1411 2186 1728 2716 2485 3017 2278 2945 544 3569 1324 1407 1451 2293 750 3508 907 2934 2876 962 3286 2060 81 3441 2408 1141 238 355 3332 259 2208 3284 2626 2023 2391 1766 1898 2989 3348 1913 995 3498 573 145 1397 276 2371 2079 3065 992 1922 3158 2933 1441 3689 2001 1493 430 3386 3310 3452 3725 675 2697 1721 1539 1075 794 1553 843 1798 1038 2691 2561 2262 2706 345 2446 3288 815 806 2857 2324 2740 554 1037 2725 2230 541 3447 1103 3345 2067 2917 3571 2053 2475 1293 2600 495 179 3067 3550 3703 1623 2362 485 254 3708 2685 3574 262 418 2764 1503 3051 2849 582 781 2603 1968 3135 1139 267 425 2202 1149 152 1208 3401 1459 3110 243 1325 1910 1876 2567 56 113 2034 3211 3428 2840 144 1452 45 1401 2207 3587 163 2588 1902 2126 686 2120 878 3229 2088 805 530 2036 2002 1825 2096 764 944 1802 657 862 341 1664 2621 2579 3254 1305 859 1636 1020 2281 1788 702 407 2246 2625 3520 1175 2908 1860 2973 64 2376 1200 3480 1805 2056 1358 1374 1415 2440 408 3445 1928 3131 3196 756 721 3592 2830 2845 539 2016 1538 3656 2938 2960 1738 2906 3543 1970 1303 1767 580 2985 2139 1782 3046 1216 1838 2019 2070 1629 280 3200 1019 3476 2454 725 2370 506 986 2637 1718 2801 2891 1051 3241 2021 3595 1705 1793 224 353 1187 1579 1096 2215 1082 1737 1382 138 1867 3311 274 2871 1129 3422 191 3316 1368 886 1608 1491 2071 545 2975 497 3303 2480 2870 2073 1576 935 2778 2665 1674 3208 2045 1167 3198 439 1723 1696 2912 2257 2774 823 140 1891 471 372 3184 3083 3704 2182 2833 680 258 1842 3417 3648 1095 2709 2842 3100 1027 2723 1348 1376 2340 466 1873 1300 755 282 1685 579 3582 519 260 1132 3517 1801 2638 1470 618 2243 2386 884 899 3001 3694 330 1463 3323 3149 2148 2331 3495 1055 1127 512 634 3163 151 1354 830 3618 2322 583 2368 1844 225 952 2591 393 2037 3572 2850 66 2463 2895 1040 2713 1912 1820 2555 531 1473 2677 841 2349 2753 2502 2283 3302 2966 934 33 328 1711 469 2354 2299 1336 249 1783 3129 2915 1193 1174 2941 164 88 3262 2055 1241 2787 892 3076 2472 1779 53 2082 3405 401 1352 706 2306 1594 479 1243 2017 632 2330 3489 281 1632 687 3043 3381 3213 2835 3433 585 2426 2102 3049 421 1144 103 350 760 1443 2767 1078 718 520 3659 10 2649 3282 356 2390 94 2817 3584 3238 3206 2755 2954 6 3251 1121 980 2442 897 3513 1497 2039 54 3718 3048 1262 2134 2151 677 2010 488 1530 1270 3267 2282 3244 525 567 232 1434 3365 3525 987 2271 2964 671 208 3504 2367 2453 2608 2311 3563 119 1137 2631 835 2617 828 936 1941 619 3514 2675 3603 3745 3144 3594 662 2684 1372 1598 1586 1882 2866 1907 3544 1265 933 3280 3035 1042 394 310 1972 958 1541 257 1975 852 2999 1312 3516 2616 1701 720 3152 386 2439 1551 2820 701 2237 849 607 117 2260 2670 1047 653 367 1176 513 2411 1546 3281 1274 3691 782 703 2651 3640 1689 542 3666 480 120 3505 2873 887 1591 3747 1205 3326 227 1309 2573 29 3486 999 1263 1118 3256 2084 2123 1066 2553 3375 1918 1150 3117 3558 1642 2178 597 2752 2466 1177 522 215 3336 458 3482 2504 1083 1486 3355 3541 1006 3509 2179 2584 1709 2624 1110 1934 3700 3293 3383 955 437 2619 3523 1010 2565 1257 2581 1045 500 642 2057 2065 38 1896 3328 620 2387 3423 2103 1508 1908 948 2395 3105 1327 2955 833 2928 2009 312 24 638 1645 3635 2541 2041 1572 223 3549 305 127 2660 3173 2247 3095 1381 125 1387 351 445 1967 1371 549 1239 234 2984 2896 2566 1163 906 1024 1122 1543 2401 1039 17 2622 1638 1622 3057 2005 2746 291 1482 491 2374 1996 2026 1730 2935 170 3449 2782 321 1322 2166 1244 3008 1633 1276 3339 1706 3524 158 2604 1624 2121 2582 2344 2130 266 2321 28 1885 2819 115 1495 1449 889 1520 2948 3605 1041 2365 2275 2292 915 773 363 3093 3692 2410 3500 2909 917 2786 3720 3502 75 731 3150 1717 3742 501 132 84 2848 1790 3165 2949 1690 3707 606 2474 2429 1647 3209 617 142 1185 678 1489 1811 2027 1248 190 3607 2788 1029 252 3170 237 1315 239 1731 2114 3321 2476 3107 575 455 691 700 2049 809 2640 3459 3063 2806 1796 1204 2236 3333 1830 1114 3072 283 3360 1123 924 2865 2602 3113 895 118 527 2728 2627 3639 2768 1454 3463 1062 1483 1775 3270 1506 1748 911 218 2546 2191 2325 492 189 502 1467 379 3142 991 2404 2901 129 780 3247 1319 1403 1668 1092 1593 547 3670 255 1862 2460 2860 1050 2436 2714 1230 347 735 929 2490 869 2150 3552 3364 92 3515 1261 3324 128 1065 666 1249 459 432 3252 2035 2099 623 210 1213 1755 3741 2152 2904 2298 3746 3266 2261 1126 1053 213 487 12 2258 1386 1526 3101 2997 498 2812 2089 827 663 301 346 3060 1829 3234 1684 3088 2754 1878 640 1326 1556 535 3217 3109 2922 3228 901 1282 297 565 2206 1496 534 1768 3222 3658 111 342 3579 2635 277 2807 2519 3737 3027 2098 1072 631 1252 816 1704 2239 3606 3664 1509 2233 41 1660 1877 3192 2990 2462 3291 3511 2988 2707 174 854 1671 2512 2547 1855 3178 2061 320 3620 1787 1930 2106 3062 93 730 3736 928 603 2503 1442 761 2983 2832 1856 2171 633 2423 461 2443 1920 1030 3396 2265 2167 2920 789 2038 2301 876 2650 1911 2175 3359 2489 2914 656 3604 768 1057 3738 2384 87 746 2846 3031 752 1590 2745 870 3624 1771 1155 2958 1017 18 1285 1117 2972 2894 3580 2793 2609 304 449 2162 1448 294 1091 102 667 98 1699 3677 1295 2433 710 2823 323 3730 3309 2517 757 959 3199 1724 1256 548 2025 880 2531 797 2160 1836 383 307 926 940 1635 762 198 3130 2240 3358 3231 3675 3099 3028 1828 2982 337 2543 2610 3626 493 1528 1363 2715 2409 2345 3214 1517 1342 2839 3728 1712 1063 3425 1916 3119 524 1537 2223 3121 2286 3678 3548 3295 1679 494 644 1389 3193 1135 1227 2417 699 1258 2109 1746 1750 134 808 1938 2648 2428 3136 206 2451 922 3367 1854 3269 2465 818 1776 1656 2557 2703 182 100 1331 3026 3684 3022 322 1059 2419 2705 3682 2441 1375 2086 970 1555 3602 420 2771 1447 3000 2245 150 1426 3619 3304 2494 2775 770 569 1021 786 1026 2381 717 2790 3068 3748 2987 2334 2309 2361 2538 241 2048 1607 9 2242 3122 659 39 1816 931 2585 2643 2831 1373 22 2578 3497 2947 1036 334 3019 3102 3573 1421 2255 3506 462 2119 2220 1120 1284 2583 166 1425 2014 3460 2396 2924 3609 3246 1654 873 3098 3474 265 2095 697 384 1416 1170 705 779 2734 1268 1751 2742 894 715 2421 200 693 3503 1321 3672 3111 1943 2128 192 654 1861 1099 3237 1951 1510 2356 3457 2266 399 1781 867 1603 2199 3442 3257 998 1628 344 811 62 1233 1413 2180 1739 2486 1990 1939 444 3630 1736 2200 3414 1291 3663 1950 1432 577 777 1578 753 3534 1807 3521 1427 1663 3025 1060 507 360 641 2968 1589 2280 3613 1278 2287 2226 748 3450 1107 3661 3047 3264 286 526 397 2630 3082 2328 3455 324 2161 589 3308 3277 2799 1935 2031 2248 2313 529 846 608 2963 3177 953 3529 1128 96 2449 316 422 3250 228 2205 767 1906 1085 2647 80 1518 2400 16 1523 1202 3162 3307 2970 3611 3327 70 424 3679 3279 3727 1743 236 2563 240 3564 997 271 3369 2886 2571 831 2101 116 3351 2163 2392 3438 499 2431 1577 37 1049 201 2314 3329 2477 1101 551 1958 1236 3566 3676 3554 2595 2562 251 1206 778 14 1863 3402 55 3322 1726 1872 483 3490 3688 3181 2193 148 550 2250 2847 32 3298 1113 187 290 1171 1604 247 1112 2323 689 3492 2272 576 317 2730 1086 3317 1631 2599 3715 1715 1515 1220 2729 2338 1982 443 2385 2375 665 270 733 3373 60 791 1438 3219 2529 3029 2420 669 1773 1552 2558 2798 2339 1582 1229 86 331 636 2813 3259 3440 2201 1542 3695 2549 5 1188 3488 2196 3124 3140 2523 2363 1666 343 27 1875 2836 3646 2346 2719 352 2921 1740 2744 888 949 2033 1936 2320 2822 216 1765 2525 3037 744 627 406 1337 3388 557 3710 2471 91 1466 2751 2724 1917 3739 1897 1356 584 1599 1673 1089 822 2218 1507 2974 2700 375 2810 3261 1554 1330 1535 3023 481 3649 982 874 104 2597 3380 3625 600 2593 288 812 564 3014 69 2418 1626 2520 2864 3376 1215 1349 3702 165 2666 3183 3382 866 2772 131 1892 2080 1888 2190 1641 1953 614 2590 3631 2351 268 2072 2459 1853 452 2054 72 1894 3403 1431 109 1655 2469 1926 1433 3176 2 1814 3562 1595 2711 2029 2522 1109 3227 3446 1734 1978 3216 3168 1559 441 783 954 2405 2353 1889 1181 1469 2907 3096 2950 256 3032 2015 1670 470 2369 1218 3337 51 1974 3597 112 1131 799 509 1267 2710 2614 3236 2122 1733 1440 2760 3003 1524 3674 130 1985 1904 3045 3722 2013 3729 2613 2294 2075 1977 1719 1479 3406 673 3643 729 2397 25 1490 2702 3570 392 3318 1476 2893 2524 1488 1610 1540 2667 3596 538 1409 2888 578 3233 996 923 2145 1035 3169 896 2731 695 1306 3641 1399 1847 2203 881 2897 2821 2333 2853 2967 882 2406 183 2704 3537 368 108 1821 1561 845 2528 82 3054 2043 1989 1214 533 2674 658 1302 908 2918 1275 1785 1266 3087 1527 2530 2116 3315 2779 796 2882 1339 1301 2132 3218 3320 464 2943 1640 3112 629 474 1468 2028 3215 2513 739 947 429 1531 546 1067 1792 2445 3278 2124 1532 3245 3538 1412 1845 2352 2539 126 2473 989 3559 1081 3454 2350 672 1584 3468 490 1859 1587 3276 2527 1778 801 2185 3016 162 1883 903 1794 1298 3472 1079 3372 3120 1191 3712 43 1307 1846 349 3726 222 3478 2495 3167 3593 2568 3020 1498 2721 1160 49 646 3378 1104 211 1147 463 2263 
