4527216
3697825
5123965
5217327
3574018
5140781
3380367
5123965
5336506
12001165
9298205
12009511
12341108
11649576
8232593
12383904
12009511
13537499
12366360
0
0
1269668
0
1269668
1840346
1008085
1686228
1008085
0
14729039
14764954
14466257
14617611
14178941
14466257
13575932
12000017
12000017
14729039
72102199
76230017
75258245
74402108
75916127
66433248
75350925
76713538
67886866
74606107
76230017
75227199
66415897
75258245
67241275
74402108
66433248
67986012
76681823
66923736
474570
0
474570
868738
261447048
257818148
258736776
264441698
258690078
262397451
262403397
262397451
260014429
259813685
259518563
261841581
259079836
262657482
261757495
257518325
257518325
259261101
262700554
262823107
262579919
262780663
257818148
259154111
262787667
262564451
259977389
259777006
261841581
263737662
262481051
261757495
257893728
262374061
262688658
258977857
259719371
1811839600
1813853488
1807382364
1807518103
1813185240
1808589046
1814215202
1809791120
1814777353
1812532142
1806688695
1807783985
1807522869
1815601771
1807089810
1814118356
1812470254
1807512650
1807016651
1814520777
1812940113
1804959526
1808376877
1814510545
1807690465
1807696793
1815897230
1812602271
1810775978
1808084943
1807796284
1806066108
1813829204
1813381938
1814455923
1808445849
1807199813
1814025245
1812663298
1815533270
1808298896
1806983094
1808751820
1807199813
1813340282
1814296140
1806066108
1807016651
1815676351
1814980758
1813764357
1808976839
1807910633
1814467875
1813098250
1815541043
1813709626
1813853488
1815519651
1808629104
1814473821
1808013992
1812671224
1813194176
1815578122
1804959526
1814102328
1815415257
1805017575
1813734534
1808715687
1808965644
1812470254
1805094029
1815354856
1807089810
1814671463
1808571087
1806688695
1807690465
1812940113
1806983094
1814425660
1807783985
1815288793
1815553805
1807251706
1807352926
1813194176
1812602271
840791006
846554805
834318214
845565663
847047528
845084197
845600184
834265933
846729536
833934345
847554906
846015209
846558954
834265933
846558954
834000669
845913286
834905972
843956276
832835126
832835126
845456483
835348207
845565663
833812463
845481424
845643150
835132952
845481424
845471906
846547321
844430666
845469966
845179155
834076788
834929388
834416189
845084197
845128582
843956276
845744334
834418047
844149854
834553368
833899908
834725698
834497480
845783314
845179155
846163148
833878435
834626710
833934345
836859345
844055725
845664507
835061282
834806816
832877478
845456336
845469966
834271151
845760766
834449993
833812463
3416769754194
3416847843374
3416849390221
3416688902863
3416682208507
3416845564201
3416685683229
3416848671230
3416690672634
3416686615721
3416852257950
3416688663470
3416850884494
3416690799071
3416849173724
3416849467287
3416849001072
3416849905958
3416844950402
3416848786237
3416847627761
3416687249426
3416686835477
3416686946407
3416690767147
3416688591261
3416687684519
3416852365996
3416852129033
3416850809948
3416848005361
3416851015138
3416692248280
3416850890698
3416849967343
3416694692705
3416687307877
3416687327524
3416687677738
3416686299612
3416850678550
3416688358463
3416848047326
3416693103929
3416688038598
3416851092475
3416851550472
3416686120383
3416688030482
3416691315149
3416851291739
3416685204280
3416852985993
3416687093291
3416686896936
3416689466264
3416850025431
3416694485495
3416688682705
3416688288835
3416688682424
3416687313887
3416686866209
3416688041104
3416689015126
3416850017759
3416688086425
3416687025942
3416688104374
3416845511467
3416848139112
3416848071539
3416848973659
3416849242146
3416849582961
3416845079619
3416849869396
3416687353573
3416691737696
3416849485180
3416849806741
3416851031221
3416688603816
3416846206733
3416850954159
3416692457699
3416688007835
3416687786244
3416686990461
3416850329871
3416848572055
3416687158097
3416692659191
3416851855713
3416687707232
3416849666965
3416848654136
3416849481412
3416691060280
3416849029897
3416849628529
3416686868541
3416848925035
3416693689505
3416687936807
3416689165302
3416847288293
3416848601332
3416688864412
3416688007835
3416851208844
3416847794174
3416687279028
3416687366731
3416686863381
3416850023432
3416688344845
3416688313429
3416848920586
3416690172952
3416850475287
3416686645206
3416687557913
3416688011780
3416687530993
3416688550261
3416852004927
3416686088475
3416852044766
3416686520907
3416856982468
3416850131887
3416688057449
3416848966086
3416848430891
3416845286905
3416689309221
3416689684651
3416849756045
3416846042911
3416844129424
3416851988662
3416850313276
3416686345451
3416692847592
3416849758257
3416844132315
3416689860517
3416848336422
3416690210218
3416687264793
3416848609897
3416696272521
3416686400214
3416845564201
3416848801800
3416688211256
3416686936314
3416850899966
3416850931982
3416688485710
3416688221424
3416687880929
3416847988189
3416851383167
3416687365545
3416851139032
3416691705525
3416848094439
3416691849301
3416848652611
3416849103724
3416852151093
3416689151273
3416688496930
3416850222541
3416691178384
3416850627690
3416852317732
3416844419020
3416689559930
3416844602325
3416687784259
3416690256352
3416844519642
3416849814877
3416848557147
3416687396237
3416686939479
3416688952823
3416693495996
3416848772988
3416686714520
3416849050789
3416688678280
3416844368911
3416691842649
3416851245752
3416851841281
3416849257661
3416848610994
3416686987422
3416686990461
3416690667056
3416688573271
3416852470680
3416850743804
3416687574917
3416689103386
3416852175580
3416849606089
3416687630771
3416850162286
3416849515181
3416688630515
3416687821399
3416852402772
3416685918128
3416687400348
3416694600281
3416847801556
3416686784889
3416848575547
3416850848748
3416848749127
3416687758219
3416850999503
3416687441741
3416688003366
3416852568597
3416845691348
3416850577466
3416689061060
3416851112435
3416688273854
3416685811383
3416848122708
3416849274168
3416687271633
3416846427460
3416849735886
3416685574312
3416688676860
3416846863542
3416848714214
3416849730458
3416690507901
3416692854019
3416848501979
3416851015763
3416687354772
3416692672315
3416848101405
3416687057664
3416849329228
3416687535086
3416849636251
3416688513315
3416843039275
3416852090815
3416688331974
3416850492841
3416691783897
3416848369124
3416846151449
3416690209514
3416686909086
3416847119406
3416846229815
3416843958639
3416844133787
3416690252835
3416687145632
3416688372760
3416848372580
3416695063046
3416847217927
3416851950796
3416689767364
3416851855101
3416847804177
3416690836193
3416851190412
3416688169739
3416687121282
3416851160956
3416686211062
3416688382064
3416686829079
3416689326942
3416850968480
3416852256485
3416690167746
3416687671472
3416849175511
3416852295037
3416850617336
3416848387303
3416850325585
3416692571900
3416848035177
3416688879666
3416848316074
3416850375514
3416686505836
3416685934152
3416846411946
3416848557147
3416687450177
3416849997250
3416687486364
3416848041623
3416687501819
3416691737696
3416687298005
3416849071552
3416687611222
3416692419146
3416851888219
3416687346996
3416849093394
3416847405883
3416848035177
3416849851943
3416844519642
3416844376909
3416850087846
3416851334685
3416851401718
3416849447795
3416690215399
3416692146502
3416848654922
3416845193819
3416690944958
3416686154628
3416684416578
3416695011054
3416845978706
3416688043824
3416850183342
3416687059714
3416689456488
3416686440578
3416687531694
3416688583641
3416848101749
3416848777027
3416684280014
3416848088867
3416687440252
3416686733817
3416685901055
3416691849003
3416848578850
3416849871541
3416688371267
3416849895897
3416849699711
3416687655149
3416687403138
3416850144851
3416844658717
3416686139583
3416848938691
3416849606089
3416849579950
3416688598570
3416687727561
3416847723819
3416849199594
3416844662537
3416847430025
3416853001165
3416847182498
3416849099079
3416849860421
3416852643242
3416849833412
3416849777109
3416690068147
3416690352812
3416850136925
3416850146965
3416847866959
3416849705569
3416848654136
3416850400734
3416846183097
3416851208044
3416846528384
3416850932531
3416850287773
3416849242146
3416688050570
3416850651226
3416850644935
3416687532926
3416846184154
3416849969777
3416687134216
3416687470224
3416852704510
3416686699867
3416847890330
3416688334033
3416845500695
3416689165302
3416847549182
3416848010697
3416851794931
3416687953401
3416849740849
3416691848982
3416693708095
3416848436837
3416851406911
3416848038565
3416849527688
3416849196109
3416851051047
3416849287782
3416689046548
3416848697302
3416688973936
3416686701955
3416849388224
3416687585652
3416687432344
3416687671312
3416851772178
3416851601789
3416693192201
3416688373801
3416852180895
3416687975917
3416689590264
3416844216457
3416849225824
3416847921139
3416687681766
3416848820148
3416687249426
3416687446262
3416686642331
3416687992097
3416845848932
3416848734111
3416690017615
3416849508663
3416847111393
3416687441834
3416849466512
3416849375855
3416849970982
3416852078325
3416687585691
3416689639449
3416688060509
3416688607882
3416686942064
3416849903435
3416688373801
3416691379197
3416686980215
3416691592174
3416849079597
3416847796143
3416690747514
3416687259397
3416691563301
3416686469842
3416689938190
3416850709616
3416849874444
3416851968679
3416846564207
3416693037254
3416685976340
3416851580144
3416847079196
3416843857263
3416848871619
3416847867481
3416850006892
3416687523978
3416848951226
3416844207027
3416687871831
3416852275735
3416845974471
3416688205790
3416690195328
3416845683957
3416847079196
3416689180302
3416848762836
3416849265558
3416688328371
3416848985307
3416687723836
3416688387092
3416848095455
3416686243061
3416692670107
3416851502149
3416851599770
3416851208044
3416694260838
3416687129524
3416847940516
3416693875941
3416850386116
3416688934761
3416682476088
3416850133983
3416689598852
3416847456818
3416687035863
3416687631644
3416688319785
3416845634333
3416850047811
3416848296677
3416689528946
3416684606661
3416851054351
3416685189941
3416691659575
3416686675992
3416850241658
3416844771902
3416687097785
3416851829310
3416844688016
3416691956531
3416689361529
3416687129943
3416848320692
3416845677871
3416850094801
3416849112777
3416692113856
3416847598028
3416686511675
3416685554637
3416687058531
3416851018548
3416691766102
3416851383065
3416688653384
3416847336994
3416843039275
3416686701279
3416851640156
3416850069754
3416850322482
3416848699092
3416848709834
3416689378749
3416690747514
3416850267906
3416850960665
3416686914971
3416848949430
3416690016441
3416686345451
3416689548150
3416688039684
3416688826826
3416849601117
3416687832313
3416849422519
3416849378242
3416849645828
3416849579950
3416682149437
3416850210899
3416851738515
3416849315607
3416688310703
3416686856324
3416851228793
3416849716269
3416850287447
3416844380720
3416847530577
3416687467860
3416690247517
3416691894635
3416853864848
3416848728249
3416848022115
3416847925907
3416848296677
3416687531694
3416852420982
3416688305777
3416849580507
3416849778225
3416844375868
3416849527415
3416687530552
3416692485356
3416847197409
3416683209194
3416687065226
3416850147503
3416850923955
3416689016692
3416850837342
3416851227457
3416850137616
3416847303711
3416687169669
3416850361285
3416849396465
3416850180769
3416847764176
3416687093471
3416688739484
3416851685696
3416688525984
3416851710950
3416849421245
3416851293242
3416688649200
3416691466125
3416842931071
3416848958567
3416849989902
3416688761943
3416852632757
3416687622767
3416846947177
3416850518080
3416689987477
3416850678550
3416686708900
3416848894757
3416686488607
3416692994747
3416687484405
3416846414131
3416852154155
3416848959520
3416689104181
3416687087323
3416687184748
3416849927795
3416850512907
3416686400375
3416689598852
3416682603674
3416848668305
3416848960301
3416688550231
3416850162210
3416684416578
3416692780069
3416846826099
3416851926278
3416849494181
3416687575271
3416686385923
3416689787840
3416849485699
3416849428501
3416849378132
3416686693349
3416693971263
3416686685389
3416688933785
3416852044744
3416849053632
3416687543126
3416694292082
3416844419020
3416847669134
3416849752986
3416846445819
3416688760016
3416686324737
3416690713057
3416845004514
3416846286725
3416686804304
3416851040588
3416846477486
3416848777027
3416687162975
3416850794249
3416687145632
3416686213581
3416844366626
3416693320993
3416850968443
3416849960197
3416688185631
3416687731167
3416687635739
3416688368172
3416846916137
3416852187547
3416685397866
3416847873638
3416686125794
3416690252835
3416846222873
3416690771777
3416684588623
3416687829046
3416682106440
3416687092482
3416689634041
3416846653205
3416848660971
3416850335198
3416689262977
3416849287104
3416687042003
3416846428915
3416851748932
3416847297381
3416848825593
3416846830851
3416850499593
3416851004109
3416692114981
3416688338894
3416690353929
3416848004010
3416850329403
3416846134337
3416850631951
3416847390798
3416849000816
3416686866209
3416687986561
3416688981417
3416694748154
3416688579865
3416846002504
3416850579866
3416844537243
3416849876135
3416685966287
3416846338574
3416686642174
3416851966957
3416687299835
3416688053822
3416689519565
3416849220352
3416855664978
3416850992506
3416689564841
3416685986220
3416850901073
3416688473922
3416849752986
3416845637358
3416688869693
3416686799107
3416682106440
3416689080333
3416850357453
3416849094291
3416849339195
3416688991144
3416849447795
3416844678457
3416843035957
3416685934152
3416848707237
3416686915017
3416685960501
3416851065009
3416687980035
3416687254439
3416848799874
3416851286878
3416691926792
3416688331209
3416687147924
3416691441102
3416688411815
3416691128674
3416849820071
3416689203356
3416686560826
3416851102305
3416687434768
3416852100335
3416850671497
3416687122193
3416850343343
3416686677153
3416686090645
3416851808592
3416850651519
3416688052720
3416850199058
3416687812625
3416685836557
3416689551235
3416848809713
3416686918244
3416689633876
3416687199117
3416691835950
3416688699947
3416846282631
3416847459573
3416850096012
3416849224014
3416688331974
3416687145509
3416849038950
3416851190967
3416850628983
3416847719754
3416851634412
3416688149366
3416690657300
3416852237883
3416849464678
3416849509417
3416685842922
3416687327524
3416692229767
3416688958620
3416844452111
3416852545878
3416847217582
3416849434505
3416693560450
3416687838494
3416847789356
3416851208844
3416687298005
3416690218286
3416851279835
3416693160791
3416687342183
3416848572055
3416850708061
3416852746294
3416849698508
3416850210899
3416849141298
3416689293475
3416849789467
3416687279028
3416688265200
3416849276558
3416849304782
3416686920648
3416851121790
3416849810142
3416848844974
3416850953313
3416850780725
3416849745052
3416852417169
3416849913163
3416687824314
3416687963741
3416848184047
3416847390798
3416687473139
3416688817859
3416851325256
3416845812352
3416687963133
3416688683621
3416686176967
3416688458792
3416850329871
3416851118912
3416849807150
3416686738968
3416844843880
3416687983132
3416850834060
3416847547769
3416850703997
3416852172655
3416686856324
3416850138718
3416850321253
3416686692537
3416686775853
3416847794174
3416687446262
3416688358935
3416848089652
3416848456633
3416852979266
3416688278989
3416851344788
3416848817841
3416688824099
3416687543669
3416848709643
3416847293277
3416687429629
3416685078201
3416688080257
3416686873863
3416691033448
3416849825039
3416686802463
3416686248921
3416852027413
3416690632722
3416686567070
3416689132847
3416687449539
3416850053501
3416686889879
3416847597259
3416848984717
3416687535086
3416690402130
3416850241647
3416690234864
3416849683661
3416844438880
3416848715660
3416849218441
3416846259352
3416845797806
3416846293878
3416848119706
3416850156431
3416851611290
3416688346997
3416688809018
3416687616433
3416848329353
3416693006446
3416687540706
3416687208080
3416849663192
3416852128540
3416846757525
3416688895600
3416844782703
3416849630826
3416686920648
3416849948170
3416850448653
3416850954603
3416686428745
3416687518431
3416685204280
3416847938474
3416685564160
3416689988567
3416849250862
3416849243764
3416848182539
3416850899857
3416849981945
3416692046104
3416687134738
3416688256886
3416848101937
3416688351046
3416851655572
3416687089018
3416685360488
3416688168107
3416849218441
3416850561871
3416687585652
3416852272306
3416686051261
3416846328249
3416848533559
3416688541836
3416850990219
3416843092350
3416850282222
3416686864047
3416851220584
3416687803674
3416687977574
3416687359211
3416686020137
3416687672584
3416848868016
3416690537239
3416849045367
3416690410851
3416849316369
3416851239122
3416687960317
3416687287518
3416849502043
3416691185238
3416686728455
3416849175217
3416690299612
3416694810636
3416850370398
3416690102312
3416687940696
3416689589177
3416686511675
3416848982103
3416689539419
3416847489121
3416688141719
3416849187376
3416686748279
3416851015968
3416843732980
3416687251251
3416687647395
3416845841218
3416688365199
3416851994335
3416690151162
3416688297200
3416689772419
3416688580460
3416851516693
3416848914980
3416688168410
3416689608053
3416851827660
3416687978229
3416849764552
3416850102023
3416686911425
3416686081615
3416686410087
3416849983232
3416689658494
3416686587013
3416686684693
3416847859260
3416844075590
3416850096481
3416693442814
3416689718467
3416851043577
3416685950637
3416848871092
3416849981059
3416849660549
3416682361374
3416849583040
3416845841218
3416687338031
3416844511076
3416690247273
3416850991910
3416848606926
3416688118477
3416850473675
3416848004010
3416850493635
3416844781066
3416682199583
3416688527224
3416687188308
3416690883291
3416687087066
3416687940630
3416688476432
3416694485495
3416850412534
3416689720110
3416694557843
3416848504090
3416850005914
3416849054525
3416848960838
3416849368912
3416688168107
3416690740081
3416689463045
3416851478177
3416851639601
3416685990961
3416688352818
3416686059888
3416851853232
3416850073266
3416685791621
3416852830017
3416852250241
3416685811383
3416851052790
3416849096361
3416845735031
3416686692537
3416687577591
3416687180961
3416849985905
3416849179765
3416687208080
3416685060914
3416849407716
3416849954541
3416688795223
3416844658717
3416693813672
3416847152997
3416844185705
3416687399106
3416849646015
3416687168269
3416851373995
3416689308433
3416846597130
3416845130840
3416850562309
3416849636251
3416690723643
3416850450821
3416687188308
3416688419866
3416687393052
3416689527657
3416850539290
3416848010697
3416850346962
3416693231482
3416850260077
3416691849003
3416849754816
3416850168923
3416687681766
3416688636826
3416845289951
3416688935127
3416688079519
3416850048005
3416850565349
3416689015578
3416848571041
3416848879346
3416848322967
3416849777109
3416688406219
3416690333518
3416688099291
3416850097419
3416687861470
3416850583179
3416685273754
3416851063027
3416852476157
3416849085845
3416850621336
3416685574312
3416851414203
3416687112161
3416849244471
3416687709545
3416688499825
3416849346532
3416691330023
3416847796143
3416843920131
3416848913851
3416690844694
3416687856336
3416848539762
3416852142893
3416689700007
3416688862094
3416850659182
3416849045367
3416687895377
3416689036453
3416853324309
3416848759921
3416844709874
3416687121504
3416849298550
3416847923701
3416691090601
3416682238607
3416691256992
3416689161108
3416688149937
3416693269866
3416850053501
3416693162712
3416851133905
3416688536193
3416848029159
3416687512048
3416688492715
3416850455035
3416852624274
3416848193097
3416849830293
3416687158097
3416687149731
3416848100664
3416687496207
3416686226909
3416692897725
3416688605081
3416687754050
3416850849345
3416852372001
3416848538204
3416686734824
3416691487587
3416850428167
3416685954067
3416848683392
3416687659403
3416689885289
3416690318593
3416850094627
3416689196024
3416687282758
3416691317215
3416844787363
3416844554824
3416690096605
3416687462023
3416689507307
3416845652777
3416688663470
3416690434160
3416848799967
3416684969923
3416847197409
3416691877764
3416845475095
3416848855821
3416849136602
3416685693152
3416685740463
3416684652426
3416688093881
3416687748627
3416851000416
3416849280962
3416851112958
3416846546944
3416849787623
3416851205092
3416848606926
3416853023612
3416688024644
3416689364412
3416849605136
3416689915570
3416687631751
3416849351541
3416689864752
3416687211643
3416848495399
3416849874068
3416850412534
3416689496811
3416852296184
3416690171642
3416851748634
3416687755313
3416687559191
3416849532471
3416690053999
3416689802899
3416846338574
3416849712258
3416694362213
3416853502467
3416850615197
3416849913102
3416687224732
3416691753441
3416688353957
3416850473011
3416850029829
3416847478487
3416687595625
3416687375984
3416690722718
3416844597787
3416690010876
3416688002558
3416688509444
3416686558081
3416688737652
3416851597225
3416848089652
3416850412876
3416849456796
3416846273672
3416686699298
3416686634467
3416850702201
3416845556330
3416849453282
3416849333335
3416688828500
3416687398093
3416844843880
3416850739159
3416847259934
3416687855351
3416688442516
3416849432167
3416688079743
3416689906946
3416694674244
3416690015685
3416688935127
3416850398546
3416851769245
3416688422366
3416690145648
3416687088820
3416848571248
3416848798126
3416686759441
3416848021767
3416848962163
3416848040389
3416851308940
3416848938691
3416853167812
3416691163242
3416847245980
3416687208967
3416694213349
3416844361188
3416849650637
3416850447513
3416690194237
3416689328550
3416848898201
3416687572457
3416850178539
3416849790895
3416851818572
3416686669716
3416848595124
3416689710307
3416692608265
3416850886009
3416686209290
3416848973659
3416687252459
3416848572688
3416852606931
3416849110904
3416689535481
3416689883001
3416850683558
3416689056698
3416851989053
3416849934397
3416850115724
3416849438962
3416850107608
3416848412079
3416687684178
3416849153630
3416686182553
3416688044576
3416688163945
3416849113613
3416848092448
3416690051477
3416851333348
3416843964378
3416688867626
3416844161999
3416849287104
3416687032558
3416689055350
3416852193234
3416849787623
3416851072723
3416848655239
3416843245743
3416685916401
3416849009837
3416849566403
3416849978530
3416850730351
3416850453615
3416849292130
3416850208774
3416687649989
3416688669586
3416849443915
3416692610665
3416686495925
3416688889186
3416849023639
3416851809719
3416689404610
3416688928500
3416846034152
3416688633762
3416690681310
3416851085954
3416688846286
3416851794931
3416850205906
3416850140866
3416688558194
3416690405132
3416688592714
3416682223743
3416843974716
3416848466254
3416688527452
3416847326201
3416688933785
3416849501390
3416692777051
3416848930961
3416849339370
3416848593238
3416687219854
3416688381457
3416688041200
3416848708012
3416848922929
3416688498032
3416846336987
3416850565349
3416852287057
3416852768513
3416850262116
3416851328381
3416686974012
3416694938369
3416850142398
3416851784704
3416848533559
3416843739782
3416686012615
3416685946280
3416691330023
3416852289704
3416686220475
3416687617852
3416848280781
3416689265998
3416851181743
3416850985790
3416845930534
3416848421113
3416849578714
3416849675613
3416850394091
3416851084329
3416845818003
3416689128144
3416847010610
3416692437200
3416688533552
3416851435249
3416851710950
3416688876352
3416685693152
3416689073397
3416850831667
3416686508522
3416688868502
3416688519593
3416687329455
3416686587013
3416690194237
3416687608174
3416850361285
3416694264449
3416850640903
3416688266059
3416847585637
3416690529201
3416688520410
3416849469648
3416844323560
3416688952823
3416849316369
3416845747758
3416687405667
3416846458071
3416687648230
3416687211680
3416688075499
3416850668330
3416849952426
3416846753701
3416692309249
3416851372389
3416849142087
3416849517986
3416852151189
3416851974289
3416694391591
3416685950637
3416688051674
3416694468660
3416690501851
3416846079828
3416688327413
3416686098158
3416688728939
3416845388954
3416686306317
3416852219396
3416687196838
3416849010461
3416690866731
3416692457699
3416847303646
3416848795492
3416849284095
3416686947639
3416848440115
3416848617315
3416689159688
3416851051067
3416687530993
3416688352052
3416851937641
3416851136344
3416687812625
3416688111228
3416688848545
3416688289305
3416686887094
3416689981606
3416845677871
3416850174934
3416849206653
3416687207856
3416845104599
3416686930976
3416686791494
3416850985120
3416691185238
3416852426418
3416687913785
3416851547595
3416845786629
3416689528946
3416690586688
3416685870477
3416851257664
3416852465492
3416851676175
3416688371189
3416851482210
3416850696180
3416848618731
3416849092654
3416848699092
3416686873518
3416686170242
3416690061885
3416690595975
3416688193270
3416846601738
3416843048760
3416845942291
3416694027230
3416851393597
3416851190412
3416850991910
3416688368467
3416688053822
3416850125635
3416689054742
3416850165117
3416690536720
3416846689806
3416689929458
3416689294977
3416845580148
3416845792875
3416850156379
3416687193731
3416846286725
3416684652426
3416689329861
3416851285539
3416850343343
3416687629767
3416687592251
3416689232035
3416689515370
3416844302073
3416688889722
3416847456818
3416850923955
3416687940696
3416852800619
3416694132247
3416851293699
3416687079215
3416687414943
3416849845005
3416686684693
3416844452698
3416688640585
3416689952187
3416694437049
3416850050931
3416686890783
3416686952715
3416849783263
3416852059083
3416850439782
3416847435703
3416689500887
3416688698298
3416848745588
3416845928757
3416851458950
3416688260942
3416850553860
3416851249339
3416688499825
3416688144315
3416685902742
3416688362842
3416847866959
3416847938198
3416849087768
3416846722037
3416688737652
3416849598505
3416850098431
3416690755808
3416691454124
3416850513013
3416853210795
3416687147924
3416686436236
3416851121790
3416692100799
3416848587382
3416844531037
3416848038290
3416846864376
3416848178920
3416690836193
3416850295094
3416846078573
3416688667462
3416849192715
3416687353630
3416847476457
3416688000253
3416684969923
3416853440486
3416693314400
3416689324411
3416687449916
3416849722415
3416849919175
3416694172015
3416687895377
3416850471666
3416687055522
3416686460027
3416850271870
3416690134695
3416687373395
3416686451993
3416686829079
3416686933932
3416844910131
3416849719880
3416850098126
3416686642331
3416685754732
3416846503835
3416850912024
3416849036055
3416849649762
3416850262164
3416685229848
3416690232370
3416689747341
3416688928500
3416686962220
3416849512168
3416692930413
3416692296854
3416849344634
3416845608876
3416852810558
3416685828059
3416688003590
3416850388217
3416686709834
3416851359106
3416851039156
3416849164187
3416850621018
3416688311910
3416688851619
3416849721645
3416689250854
3416850743568
3416844409727
3416686987422
3416685937272
3416843322074
3416686098158
3416846861592
3416850372313
3416686638777
3416849175379
3416851447154
3416690081215
3416851116907
3416693920099
3416690839568
3416850453021
3416686154628
3416687232469
3416688184588
3416687754050
3416849342649
3416851006373
3416688317391
3416685803170
3416852796529
3416851446938
3416687729573
3416850905858
3416850599772
3416851362226
3416851894990
3416850302499
3416686343442
3416850275359
3416687010619
3416847521517
3416849176931
3416849730652
3416850278253
3416687564242
3416687922270
3416850034492
3416688015398
3416848608102
3416849194937
3416687518431
3416852472490
3416687659403
3416845608876
3416686440578
3416690667056
3416685677066
3416850656381
3416851215940
3416686993373
3416851008655
3416687129943
3416688842813
3416689285359
3416689765937
3416850752411
3416850157953
3416687041808
3416688217604
3416845221789
3416851093128
3416851237513
3416849541558
3416850090287
3416685884729
3416849791169
3416849772861
3416846445819
3416685963332
3416847993872
3416686495925
3416685870477
3416848029159
3416846217883
3416687777452
3416689008789
3416688333629
3416686628522
3416687791262
3416846753701
3416692092573
3416689982785
3416688911534
3416688536393
3416688271337
3416849355330
3416688090419
3416688841529
3416847801556
3416690670467
3416850180577
3416849079597
3416851067569
3416847920557
3416847767225
3416687553583
3416850582923
3416852379514
3416850628041
3416848021767
3416692804642
3416686956249
3416848142334
3416849217019
3416843228055
3416690209514
3416849469648
3416687735967
3416688046648
3416846282631
3416847799982
3416850831158
3416850358911
3416850093906
3416687313216
3416686481603
3416690416319
3416689048323
3416844762437
3416851093087
3416848693768
3416844389393
3416693190922
3416847288293
3416850260010
3416850167233
3416687207856
3416850647012
3416687786244
3416688503608
3416849251063
3416688756879
3416852180895
3416693842223
3416694663433
3416686959303
3416843137755
3416690359303
3416687682631
3416686795410
3416850168923
3416688651427
3416847732774
3416849502655
3416851355044
3416687933647
3416690523362
3416687622767
3416849900781
3416849717557
3416847119406
3416849803893
3416845074106
3416848007850
3416687754286
3416694533853
3416686004829
3416688043382
3416690119617
3416849020885
3416689770524
3416847773845
3416849541877
3416849696773
3416850914703
3416688061615
3416689583030
3416849020885
3416846222873
3416849402597
3416687482885
3416692741816
3416686601636
3416689090561
3416688780104
3416844673364
3416690329397
3416694892667
3416687370819
3416687280153
3416688945349
3416845671993
3416687358421
3416848686472
3416687077546
3416850022567
3416687630909
3416687103847
3416689204113
3416850208168
3416850199331
3416688835328
3416687119107
3416844295597
3416687329455
3416685992523
3416849237630
3416689080333
3416687795045
3416852932842
3416686919643
3416687429441
3416685811396
3416688452067
3416688577147
3416850302499
3416686605002
3416844452698
3416846521787
3416852026930
3416848610994
3416850881380
3416687812970
3416687900129
3416851148480
3416849196109
3416847901409
3416687208967
3416693167637
3416688199026
3416845401300
3416688277805
3416849119985
3416850314158
3416850577466
3416849456796
3416687644520
3416685769244
3416686408377
3416688929132
3416694491347
3416850002265
3416845536529
3416850288935
3416687309732
3416689958992
3416686249693
3416688211256
3416686828017
3416848342373
3416850346962
3416690088343
3416693408883
3416686184145
3416845975218
3416689687679
3416689738260
3416688029791
3416852548672
3416849950662
3416684280014
3416687593769
3416848438171
3416844370743
3416843895213
3416687940630
3416691223631
3416844462304
3416693742730
3416691152188
3416687921115
3416689022147
3416848561562
3416686846367
3416852347414
3416687330977
3416849576198
3416689343398
3416847336994
3416850682028
3416851018220
3416688172869
3416844930978
3416849498650
3416685849946
3416851215940
3416686954351
3416686831968
3416852175914
3416686407715
3416847435755
3416849015514
3416687121504
3416851407910
3416849689055
3416851847368
3416685946280
3416844781066
3416687714236
3416689938233
3416687688028
3416850829793
3416850793798
3416688488579
3416686722389
3416849206653
3416850478015
3416844709874
3416686882507
3416849539435
3416692118986
3416847885959
3416849999467
3416850275790
3416851312465
3416854056476
3416848801800
3416687187131
3416850570012
3416850952954
3416686682061
3416694132710
3416688966823
3416688462174
3416847159852
3416849641741
3416686398842
3416688513315
3416851297960
3416692113530
3416849378830
3416688191003
3416848064324
3416685948305
3416846393620
3416845652777
3416852275176
3416688420657
3416850205302
3416693873782
3416688961085
3416686373204
3416846743144
3416849839153
3416686722119
3416845807723
3416849282318
3416849737840
3416694122927
3416843035957
3416687183288
3416687728779
3416689059979
3416686935025
3416688685016
3416851859010
3416848290823
3416687555288
3416847859260
3416687671159
3416688665870
3416850028984
3416850132810
3416689496811
3416849740849
3416687911538
3416849830874
3416848021831
3416687879895
3416850479207
3416685754732
3416851715167
3416850448653
3416848094190
3416851368867
3416850876046
3416689337540
3416694773430
3416849632663
3416688429696
3416848466254
3416846058629
3416688573271
3416843021653
3416850755981
3416849342649
3416849173724
3416851183453
3416846904643
3416851829310
3416847732573
3416852789921
3416852625287
3416696239415
3416851482290
3416850400317
3416686939479
3416686914394
3416688750994
3416693813672
3416847782701
3416687246173
3416850636298
3416851439756
3416851568233
3416692571900
3416686687050
3416850485429
3416687874417
3416685554637
3416849711269
3416685911437
3416688630193
3416688639568
3416688467221
3416692699975
3416849881679
3416845807723
3416687679641
3416687086979
3416845797806
3416849272018
3416851012136
3416686555915
3416851601789
3416849705569
3416844119453
3416849029897
3416686900064
3416687424117
3416690414854
3416848935497
3416690578820
3416850763867
3416689039937
3416848483422
3416690207266
3416687647413
3416849578714
3416686733817
3416849562491
3416689312387
3416689868821
3416849426295
3416846934012
3416687904776
3416685291688
3416691879800
3416688678280
3416852779881
3416688074772
3416686638181
3416850261810
3416688308189
3416846530074
3416687108894
3416848005361
3416694092723
3416688058937
3416686717208
3416685769244
3416686176967
3416843629965
3416848730856
3416851190641
3416851485410
3416850523960
3416688231577
3416848539762
3416849985905
3416849614790
3416846189373
3416851212620
3416852069573
3416850480123
3416849756045
3416685982808
3416850386116
3416688439563
3416846687156
3416850975380
3416694660805
3416690018249
3416687370121
3416850757255
3416688074772
3416851294125
3416687600273
3416688325207
3416688989702
3416689488720
3416849778191
3416689628571
3416692604419
3416850419797
3416852027093
3416852503120
3416687394966
3416848091821
3416693442814
3416843974716
3416689883337
3416694420819
3416851333431
3416846056010
3416849240087
3416688094042
3416850028299
3416689507307
3416848974521
3416690850423
3416686898888
3416687429557
3416848334896
3416849620012
3416852234081
3416851801274
3416692729093
3416850042564
3416847480827
3416690143888
3416686903913
3416688981420
3416848666934
3416687119443
3416688784585
3416851048055
3416850894934
3416690855662
3416851226941
3416849455998
3416844119453
3416689035831
3416848571235
3416844685529
3416689128144
3416848071539
3416849937785
3416686690895
3416689997868
3416686676433
3416688230341
3416687092256
3416688205790
3416851055864
3416850965305
3416688440761
3416849583040
3416850138718
3416690632722
3416847942686
3416850385076
3416687342183
3416688909276
3416849407716
3416850273301
3416851879002
3416688642090
3416689780179
3416848701517
3416689005984
3416687122252
3416694468660
3416691592174
3416848205844
3416844675027
3416849050789
3416848960301
3416686043546
3416846361831
3416851573856
3416846982096
3416687167456
3416849636099
3416689587008
3416686738968
3416847874315
3416688706427
3416687861470
3416687121282
3416685960501
3416849540524
3416850248733
3416687298816
3416848021239
3416688158959
3416846151449
3416846664228
3416852432687
3416686832679
3416688968101
3416687975917
3416687735967
3416847341355
3416849607682
3416687685461
3416851926278
3416696351647
3416690699550
3416693006446
3416850747624
3416847717541
3416687647000
3416846663664
3416848929942
3416851922428
3416693719497
3416851025053
3416848512946
3416687290014
3416848863097
3416849257661
3416688533938
3416689117685
3416690534489
3416851101079
3416687287518
3416690026008
3416845741117
3416687682631
3416851663246
3416849594637
3416687549897
3416851055703
3416851528975
3416847843374
3416693760100
3416844543890
3416687683587
3416850008646
3416850328630
3416850445179
3416694078525
3416844021531
3416849722415
3416687880929
3416848782710
3416851887157
3416689751704
3416849989902
3416848512934
3416850258564
3416849274168
3416694148117
3416689607565
3416847140668
3416851927609
3416687066664
3416852293199
3416687549025
3416688790128
3416845104599
3416850659013
3416850868095
3416850968480
3416689710307
3416690285467
3416846189373
3416845951418
3416850848057
3416688144315
3416844323560
3416687136067
3416689117593
3416850381010
3416685060914
3416693709562
3416850295470
3416686029312
3416847744602
3416687696488
3416692495847
3416688070971
3416687931462
3416687608782
3416849236490
3416846981749
3416849846492
3416849699711
3416849265558
3416686244398
3416846826099
3416686334404
3416688370606
3416686956249
3416849015514
3416849455998
3416688364079
3416692524051
3416848850777
3416689804071
3416851727445
3416688050322
3416687196950
3416688936688
3416849858864
3416688932482
3416691441102
3416847764176
3416689323356
3416687506135
3416685811396
3416689572549
3416849017648
3416843021653
3416844781611
3416689234768
3416688919252
3416843573324
3416846477467
3416685107024
3416847674760
3416850283149
3416689879796
3416848226903
3416851978334
3416851135127
3416687307297
3416688240207
3416847833231
3416848100664
3416849628529
3416849574156
3416843048760
3416846703058
3416689031426
3416688665870
3416850224554
3416848925035
3416688724541
3416685803170
3416850300741
3416852100335
3416850993097
3416846949401
3416685693136
3416687359033
3416847921547
3416688073959
3416688130566
3416850099962
3416689831751
3416694243920
3416692636949
3416851330535
3416684706054
3416852157388
3416687805929
3416850501237
3416848660971
3416689813968
3416850313226
3416687201857
3416687079215
3416688401775
3416852138431
3416847514435
3416688835328
3416692005437
3416849745774
3416851179136
3416850022567
3416694936730
3416848483422
3416849464678
3416686167665
3416694003111
3416689639148
3416851853837
3416844132315
3416850460443
3416689727319
3416686138726
3416848777753
3416686205432
3416848859241
3416849858607
3416850023432
3416850215921
3416687411597
3416688595381
3416850328630
3416852016703
3416692862195
3416688291233
3416850513483
3416688805977
3416687401017
3416689372205
3416852809475
3416850155148
3416849840814
3416688183725
3416844038944
3416851961486
3416855930724
3416848101675
3416687861579
3416686410087
3416848507953
3416848178920
3416845556330
3416687892284
3416852047573
3416686930976
3416690509842
3416692170743
3416852265883
3416689718467
3416847534269
3416689875191
3416688420355
3416848659341
3416850561002
3416690614196
3416850573607
3416686234485
3416846545676
3416688387092
3416687738968
3416690536720
3416850106173
3416694627926
3416848329353
3416848832477
3416691889147
3416846183097
3416848563025
3416851395695
3416849907308
3416848919916
3416687441834
3416693244683
3416689767747
3416850038417
3416687219854
3416848495459
3416850295470
3416845691348
3416848103920
3416686654343
3416687543734
3416850933671
3416852134617
3416845965747
3416849558859
3416847236474
3416852951171
3416688956571
3416688204776
3416686555915
3416850368502
3416844156056
3416691171763
3416686393317
3416685902742
3416688358896
3416850486657
3416851101334
3416689782683
3416846300633
3416849243764
3416690437797
3416850214387
3416688163101
3416850634589
3416687210685
3416685107024
3416687570412
3416687481695
3416691834787
3416844623856
3416848873323
3416688963342
3416847521517
3416687799810
3416688354942
3416850855735
3416688525744
3416688716540
3416689087966
3416848667086
3416686759441
3416687880130
3416683186160
3416686890783
3416857004258
3416848847800
3416688478656
3416686012615
3416845993982
3416846046422
3416848693768
3416848744553
3416687298816
3416844543890
3416687092256
3416688031656
3416687034441
3416848951005
3416849662346
3416685714084
3416687498305
3416682469049
3416846256733
3416686693349
3416689662561
3416847938198
3416688317391
3416686311663
3416849763477
3416850267862
3416847860478
3416686167665
3416688240593
3416847771597
3416850898158
3416687864238
3416850515628
3416848168063
3416686084962
3416848587382
3416688344308
3416848573122
3416849298857
3416689319827
3416687186466
3416850247664
3416687298173
3416689968052
3416686605002
3416687962529
3416843053539
3416686400214
3416685872116
3416849033972
3416691152188
3416688031656
3416689198989
3416850115724
3416687543126
3416687809343
3416688136994
3416687294642
3416686233331
3416689610910
3416692971122
3416850205642
3416850125977
3416691076825
3416689868821
3416850341562
3416687460779
3416688817802
3416687955112
3416849810142
3416847725534
3416686864047
3416689333236
3416688659446
3416846145961
3416689083677
3416688728651
3416688015695
3416851005640
3416851605521
3416849695872
3416691009311
3416849913810
3416848124792
3416687193731
3416849061262
3416685493925
3416847989417
3416686768822
3416849812940
3416850099962
3416687333030
3416687832313
3416689917420
3416687631644
3416849087768
3416850031550
3416849949481
3416851222777
3416848847800
3416847582215
3416850651519
3416848890139
3416850555294
3416688057449
3416686389211
3416686428745
3416849624065
3416685963332
3416849055490
3416850004278
3416845637358
3416687393052
3416685961214
3416687301794
3416685958954
3416694833769
3416687754286
3416690471191
3416845345277
3416688024644
3416848465562
3416850381647
3416849960197
3416688305777
3416689849142
3416848906658
3416691788817
3416848777160
3416852822149
3416848440878
3416687983666
3416687109627
3416847254192
3416686488607
3416686618643
3416687809055
3416687118644
3416848740763
3416688204074
3416851068779
3416848038290
3416688695083
3416844133787
3416846042911
3416851739523
3416688438483
3416690670008
3416848878331
3416847771597
3416844305962
3416685493925
3416688888728
3416849580162
3416686677153
3416849684881
3416852266161
3416686896936
3416850178092
3416688758961
3416692055027
3416849694087
3416686048516
3416689988851
3416686046664
3416688826933
3416851005640
3416847582215
3416687255982
3416846908439
3416850224823
3416849649821
3416846838464
3416686342306
3416850794121
3416848021831
3416848427182
3416687862100
3416849994101
3416848595124
3416686799107
3416851124961
3416851609461
3416685822127
3416847435703
3416687202865
3416688473422
3416688567848
3416685976340
3416850214387
3416848719659
3416848558479
3416686422091
3416688835510
3416849492901
3416848430891
3416845345277
3416849949481
3416688436129
3416847873638
3416686862340
3416687166890
3416688015130
3416850664451
3416848929942
3416687297629
3416845401300
3416687066413
3416687192744
3416688945349
3416688652311
3416687066664
3416687432344
3416686731623
3416689195082
3416693235319
3416686218978
3416689140189
3416688710221
3416847430025
3416688686659
3416847735770
3416687986561
3416849870019
3416850199058
3416844326687
3416850165117
3416686120383
3416849422519
3416690059050
3416849187843
3416689084163
3416848064324
3416848342373
3416687417271
3416849790969
3416693666482
3416687795045
3416687158845
3416847804177
3416848863291
3416694816956
3416850394999
3416847297381
3416848168063
3416693093717
3416687118141
3416849601817
3416687440252
3416848569009
3416687105430
3416848817841
3416687719012
3416848458566
3416686542996
3416850042564
3416849368887
3416849576001
3416685126546
3416687936807
3416687977574
3416694148117
3416689826111
3416851848514
3416686469842
3416850581707
3416848495459
3416688035432
3416851325256
3416689280680
3416689577646
3416689075727
3416687231948
3416845962934
3416849541558
3416850038417
3416692172195
3416687749102
3416848709834
3416849527415
3416693258281
3416849691548
3416849630826
3416849671871
3416687978229
3416850439739
3416687226500
3416687686360
3416683267842
3416687822003
3416847434690
3416687717203
3416850966452
3416850938291
3416686160674
3416848745989
3416688421614
3416848601332
3416688050322
3416689657270
3416847557053
3416686213581
3416853319589
3416844607926
3416848409908
3416687939785
3416850124651
3416849694087
3416687292296
3416688849982
3416686211062
3416844370743
3416689927222
3416686353413
3416853206649
3416847293277
3416848060689
3416686586526
3416849077901
3416687214927
3416851779504
3416851502149
3416687972852
3416686820408
3416690925980
3416686066808
3416848776957
3416687985205
3416687823940
3416687367289
3416686145345
3416686522928
3416686162667
3416688780104
3416687214088
3416848527987
3416689117292
3416688764316
3416847205219
3416850239059
3416850812452
3416849825364
3416852026930
3416686228707
3416686139583
3416685714084
3416688406219
3416850072719
3416690859640
3416690372627
3416849840814
3416849693558
3416847988189
3416685836557
3416849576733
3416850215921
3416694728501
3416847092009
3416848832477
3416686862151
3416848569009
3416686652566
3416685346116
3416854155147
3416686078178
3416686708900
3416845536529
3416850238604
3416687823940
3416847868456
3416687230547
3416849726548
3416849055490
3416688155448
3416689867371
3416850213841
3416849645418
3416850883660
3416686056863
3416692905970
3416847916914
3416850418970
3416689321785
3416689787840
3416849453452
3416688820111
3416689039937
3416686261154
3416687336644
3416687481527
3416846755373
3416686728455
3416689259230
3416849860662
3416688327413
3416688096565
3416689159688
3416693942469
3416851330969
3416689343398
3416849170448
3416688245025
3416685911437
3416848386180
3416851157904
3416687686360
3416685884729
3416849952980
3416688136994
3416688309589
3416848205844
3416688693101
3416685473560
3416695133877
3416690651723
3416691319036
3416849790895
3416849772054
3416688298455
3416850394091
3416850131887
3416844025218
3416850794249
3416850615770
3416690703446
3416686675992
3416848631325
3416688981417
3416852104463
3416849918421
3416849368887
3416689195284
3416851222045
3416687992658
3416851070041
3416687609609
3416850139418
3416688909159
3416850104912
3416687194947
3416849826158
3416686722119
3416689762434
3416843895213
3416850639374
3416846945571
3416847640885
3416849093394
3416850629419
3416845241991
3416689785718
3416692002331
3416846477467
3416848683392
3416687597874
3416850193914
3416686407715
3416687286331
3416848763987
3416851734034
3416850042800
3416849180697
3416847838228
3416685990961
3416848309217
3416850069619
3416850513483
3416850730351
3416686907248
3416686699298
3416848617315
3416849355012
3416689414155
3416843190064
3416848814272
3416849748696
3416848501979
3416848686472
3416687319061
3416688081142
3416850375514
3416845441000
3416689105055
3416687962529
3416686249693
3416686908547
3416687705175
3416687282526
3416688092608
3416688909276
3416849885723
3416850682844
3416851273851
3416848868016
3416847405883
3416686562638
3416688122108
3416847044816
3416686081615
3416848618984
3416850794683
3416848665088
3416848972659
3416689083517
3416686631323
3416849492901
3416851685630
3416688155448
3416685821520
3416850078325
3416848972659
3416848279742
3416688704997
3416687118141
3416687231443
3416686952715
3416687644520
3416687627284
3416693444442
3416848572091
3416684588623
3416686697760
3416687855628
3416688216048
3416687427871
3416686046664
3416849609344
3416847940516
3416848618731
3416694085707
3416691750987
3416844805293
3416688547219
3416687720499
3416849518337
3416687776340
3416849558859
3416687719744
3416850166276
3416849604405
3416688566912
3416687504427
3416851853524
3416692910892
3416686055038
3416850076793
3416849935348
3416848142334
3416689309221
3416843216248
3416849220352
3416849017615
3416851093753
3416844156056
3416848465562
3416848119706
3416689572549
3416846447060
3416850604120
3416848040389
3416686259383
3416849708823
3416687334845
3416685901055
3416687454227
3416850097214
3416686100347
3416687336644
3416850752411
3416686906858
3416849636090
3416686436337
3416686932746
3416850746553
3416692084475
3416850473011
3416847669134
3416688646317
3416849175511
3416688358935
3416849595174
3416849648122
3416850905260
3416849632663
3416850662721
3416849833412
3416846745898
3416691169748
3416850741505
3416849636090
3416849178617
3416847480827
3416848585584
3416853180281
3416846371082
3416849287782
3416849843530
3416851758035
3416688732201
3416689333713
3416689396724
3416686908547
3416848283261
3416849816111
3416843092350
3416686578612
3416691393689
3416687647000
3416685397866
3416687259397
3416687784602
3416848007850
3416852859379
3416688785474
3416851607230
3416848458566
3416850307562
3416850073240
3416847833231
3416844383073
3416686932746
3416686324737
3416843573324
3416686558081
3416844602325
3416848678995
3416690000357
3416845931159
3416687139165
3416849811180
3416844110216
3416688039808
3416847674760
3416848752350
3416845129147
3416848094439
3416848512946
3416851254818
3416689283319
3416694491306
3416849615570
3416850707843
3416843857928
3416849829846
3416850776402
3416688056433
3416844597787
3416688411815
3416845971072
3416844414680
3416686064990
3416849079373
3416687584899
3416848810957
3416687354648
3416689759867
3416850696763
3416851047009
3416851437628
3416687661284
3416682199583
3416850379195
3416687632141
3416693709562
3416846447060
3416849895897
3416846121442
3416694420819
3416847919295
3416690347139
3416848541952
3416692625476
3416851039378
3416687214088
3416688579970
3416690513163
3416687225785
3416848320692
3416850247322
3416686968534
3416848723735
3416686243061
3416690539643
3416691585376
3416689036713
3416687020629
3416688527224
3416689331150
3416850852624
3416689447005
3416852376363
3416686162667
3416845562664
3416850975079
3416849026098
3416687846264
3416688117286
3416846393620
3416687481695
3416692671577
3416687593853
3416849859158
3416687942497
3416693423056
3416686796616
3416686265508
3416687354648
3416694500170
3416844881704
3416851368867
3416687931932
3416848594942
3416689197544
3416850650904
3416688339309
3416688384747
3416848298709
3416688828288
3416844455058
3416847751616
3416688278302
3416848818370
3416686562638
3416687948788
3416849970982
3416850098126
3416691194002
3416690664033
3416689290460
3416849416144
3416687769610
3416689188592
3416852019941
3416851466253
3416686265508
3416852306555
3416687013404
3416688344845
3416845829766
3416692181774
3416688145868
3416687334845
3416848572091
3416685872116
3416847077817
3416852917000
3416850720684
3416687809343
3416849730496
3416852842899
3416844038944
3416686567518
3416843739782
3416850899063
3416850628983
3416848855821
3416689072503
3416690164798
3416847303646
3416852281086
3416690602328
3416689329124
3416849825364
3416846908439
3416851696269
3416850939051
3416848763987
3416686780940
3416848924368
3416687409636
3416689158197
3416688886087
3416686059888
3416686886214
3416691171763
3416693832482
3416849502043
3416686211542
3416849504234
3416853002921
3416688501894
3416694540565
3416688219929
3416688057527
3416687691165
3416850610702
3416687355622
3416848804789
3416688983033
3416848199850
3416850160289
3416851853232
3416687282758
3416849645208
3416688091298
3416687808906
3416686711604
3416689172919
3416688686659
3416850280449
3416844297402
3416850287773
3416687212837
3416847207615
3416849858882
3416690667677
3416687400289
3416848777753
3416847877248
3416687193422
3416687089018
3416688483431
3416687451892
3416851366036
3416849501390
3416687194567
3416846616913
3416688293038
3416851890190
3416849175599
3416849719945
3416849192180
3416849479361
3416686732121
3416687087323
3416687835064
3416850877316
3416686914971
3416684182083
3416845951418
3416849870162
3416849731682
3416849141298
3416686942345
3416689850763
3416687449916
3416851107574
3416848302501
3416845209767
3416687341226
3416692100799
3416688095732
3416687523978
3416852074084
3416688709198
3416851713220
3416850226599
3416692074122
3416686786165
3416847827605
3416850347738
3416688184588
3416688988061
3416690553072
3416689177786
3416689658494
3416687450177
3416851570764
3416688662438
3416688030482
3416851215930
3416693225633
3416847828391
3416851359106
3416689770524
3416845475095
3416846088113
3416686029312
3416848139112
3416692034473
3416689577616
3416849729857
3416687646214
3416851210816
3416686652566
3416849555823
3416844297402
3416694122927
3416849518337
3416848038565
3416847217018
3416847535349
3416686373204
3416686582288
3416851225228
3416686505836
3416848825728
3416691319036
3416687642512
3416849157666
3416688255577
3416848382947
3416689883337
3416851055864
3416845184989
3416850287447
3416847936477
3416690402130
3416849426295
3416849574607
3416846046422
3416847821044
3416849792576
3416847723819
3416847439452
3416849428898
3416850569964
3416689056698
3416850096481
3416850413381
3416850206553
3416849584687
3416687744288
3416853049687
3416849812940
3416690013050
3416686715482
3416844116468
3416689592309
3416844540840
3416687069880
3416686421235
3416691454124
3416694014395
3416689386949
3416847591398
3416851580700
3416688072199
3416851115891
3416685966287
3416691768404
3416686127897
3416688874191
3416685958954
3416687929770
3416848015382
3416692925588
3416685992523
3416847407422
3416686936562
3416691664321
3416682473782
3416688761943
3416849335877
3416687320042
3416847921547
3416850205906
3416849192715
3416851772970
3416687364914
3416688813452
3416690015771
3416689813968
3416693000093
3416688554111
3416690731291
3416689811714
3416852443837
3416686138726
3416844452111
3416686266994
3416847833171
3416850136925
3416688768418
3416849145323
3416851446938
3416849333335
3416845562664
3416845325567
3416688452450
3416691493126
3416850102207
3416849280962
3416686895775
3416848734111
3416848083272
3416689828208
3416845744370
3416688181397
3416849631618
3416849905183
3416849029350
3416845747758
3416851941967
3416847303711
3416851405494
3416849839153
3416688226705
3416850303742
3416686226909
3416690463594
3416851228814
3416690100883
3416849624065
3416687700577
3416849890806
3416683186160
3416849948940
3416689566830
3416844799389
3416686025867
3416851072969
3416686943896
3416845951581
3416849038950
3416690041147
3416848473159
3416687437543
3416848924368
3416688815474
3416689024011
3416689845493
3416850895724
3416850735300
3416849792576
3416849025472
3416687313216
3416850655581
3416686284465
3416687205087
3416696334455
3416688240537
3416851854706
3416688773114
3416688148516
3416687597559
3416847782701
3416686822928
3416687913785
3416685986220
3416691835950
3416688757752
3416686691750
3416686271879
3416687393371
3416849388224
3416694132247
3416687646214
3416687568007
3416849231706
3416686599915
3416688973936
3416849059454
3416847717541
3416848491917
3416851133237
3416686436337
3416687488265
3416690152907
3416849120210
3416687036425
3416850949013
3416848946751
3416850069754
3416851001383
3416689749231
3416687972852
3416686266004
3416850104912
3416686228286
3416688625115
3416687561156
3416852078309
3416687063260
3416689196024
3416847547769
3416851255021
3416689197544
3416849598505
3416849689055
3416850898755
3416849335092
3416842931071
3416849607999
3416688117286
3416847667194
3416851351731
3416686838210
3416851566927
3416849037612
3416687970234
3416850057237
3416688213587
3416848164355
3416689754195
3416850658727
3416686244398
3416844860753
3416850013310
3416686714137
3416849059454
3416687593853
3416849924456
3416686008654
3416848699622
3416850137248
3416682223743
3416849335092
3416850288935
3416849462364
3416846981749
3416847557053
3416687692445
3416690157085
3416688648932
3416688846286
3416686685389
3416689159747
3416851730417
3416686923819
3416688570806
3416686962220
3416688012300
3416692803080
3416689378579
3416685126546
3416692943135
3416687900576
3416686586526
3416688979461
3416851879107
3416688296674
3416686701490
3416688624135
3416688260942
3416689171131
3416688851555
3416849822177
3416844607926
3416688626233
3416850682028
3416848456633
3416853163563
3416687611222
3416851328821
3416848652611
3416848655239
3416846650286
3416850572539
3416848074058
3416847920557
3416691343948
3416846581851
3416687454227
3416687372240
3416848527987
3416687041808
3416688626233
3416688492726
3416695255464
3416686206615
3416846635059
3416850207388
3416687970626
3416846354375
3416687253470
3416848558479
