1000 1000
1 202 876
1 239 636
1 353 465
1 419 542
2 3 4
2 4 4
2 2 3
1 315 638
2 1 2
2 2 5
1 876 994
1 416 580
1 473 749
1 395 964
2 2 5
1 186 563
2 1 16
1 775 996
2 1 7
2 5 7
1 553 656
2 19 21
2 14 21
1 317 566
1 344 815
2 5 20
2 2 3
1 66 790
1 494 950
1 616 643
2 19 20
2 18 31
1 94 857
2 12 29
1 127 261
2 28 30
2 8 14
2 25 35
1 80 418
2 6 22
1 503 543
1 594 703
2 6 38
2 4 16
2 5 17
1 214 653
2 13 38
2 4 46
2 4 46
1 245 422
1 157 447
2 42 44
1 157 772
1 292 702
2 4 36
2 33 38
1 96 269
2 10 51
1 437 868
1 144 384
2 17 42
1 625 908
2 22 57
1 604 637
2 25 31
2 4 39
1 16 875
1 402 758
2 23 38
1 809 814
1 90 985
2 7 30
2 31 52
1 711 728
2 5 24
2 30 47
2 5 69
2 25 50
2 1 56
1 181 786
2 49 55
1 169 392
2 11 14
1 669 693
1 266 531
1 808 981
1 550 850
1 38 500
2 1 21
1 755 972
2 4 66
2 29 83
2 68 90
1 101 930
2 5 55
1 279 344
2 40 93
1 468 482
2 9 24
1 718 738
2 30 54
1 408 720
2 7 51
1 407 626
1 543 746
2 8 34
1 678 752
1 91 275
1 720 823
2 12 24
1 69 365
1 556 717
2 57 74
1 5 176
2 35 53
1 744 776
1 75 973
1 334 501
2 28 86
2 16 92
1 216 903
2 37 87
1 363 513
1 569 858
2 51 67
2 8 18
1 136 592
1 791 841
1 97 515
2 33 105
2 7 83
2 7 99
2 5 107
1 413 594
1 265 924
2 65 110
2 69 77
1 144 673
1 313 654
2 15 29
2 22 111
2 79 125
1 389 885
2 37 75
1 609 864
1 679 904
1 200 596
1 350 430
2 58 83
1 798 822
2 92 132
1 14 882
2 13 125
2 110 141
2 99 152
1 314 866
1 355 419
1 306 444
2 108 111
2 129 139
2 41 54
2 30 151
2 13 62
1 2 475
2 51 74
1 65 567
1 49 107
1 411 966
1 621 827
2 55 141
1 414 529
2 65 119
2 52 121
1 462 598
2 90 97
1 47 830
1 78 183
2 62 105
2 106 175
1 154 650
2 91 156
1 212 869
2 62 134
1 196 314
1 715 725
2 137 180
2 131 166
2 39 76
2 67 103
1 252 907
2 104 111
1 662 794
1 283 550
1 167 591
1 359 375
2 24 67
1 644 977
2 132 163
1 162 413
1 126 221
2 150 183
2 61 106
1 505 822
1 781 904
1 118 547
2 82 117
2 145 159
2 95 177
1 443 558
2 100 117
1 582 660
1 674 839
1 514 854
2 50 72
1 95 115
1 245 742
1 528 876
1 280 324
1 192 583
1 294 655
2 141 164
1 84 829
1 1 939
2 134 203
2 11 207
1 547 823
1 735 924
2 32 73
1 847 925
2 22 115
2 2 182
1 131 691
1 26 291
2 28 49
2 69 127
1 437 634
2 116 168
2 92 209
2 67 109
1 159 336
1 50 505
1 294 746
1 526 910
2 140 186
2 12 191
1 597 672
2 10 102
1 670 676
2 29 119
2 37 232
2 60 227
2 45 217
1 170 422
1 93 995
1 208 684
2 70 96
2 3 242
2 79 162
1 265 410
1 142 421
2 21 172
2 102 255
1 118 276
1 452 940
1 510 801
1 201 932
1 178 355
2 74 128
1 94 889
2 36 150
1 190 633
1 198 748
2 44 85
1 896 952
1 470 796
2 158 170
2 116 203
1 252 494
2 181 264
2 6 49
1 76 521
2 80 128
2 49 222
1 894 931
1 722 889
1 373 397
2 51 185
1 438 720
2 156 246
1 652 735
2 52 224
1 537 925
2 57 158
2 80 277
1 475 482
1 254 575
1 558 706
1 448 613
1 419 893
2 60 74
1 581 855
1 251 516
1 514 717
1 309 818
1 652 987
2 76 237
2 159 264
2 56 159
1 268 946
1 92 396
2 59 211
1 63 917
1 131 881
2 77 239
1 385 405
1 782 997
2 241 263
2 198 304
2 201 232
2 14 238
2 125 242
1 231 568
1 152 426
1 788 887
2 3 9
2 150 224
2 191 215
1 262 969
2 25 207
2 174 176
1 535 945
1 869 910
1 239 291
1 243 366
1 398 857
2 193 312
1 529 983
2 9 180
2 86 155
2 33 184
1 398 779
1 106 139
1 112 460
2 53 279
2 77 151
2 256 342
2 87 234
1 157 217
1 462 852
1 705 736
1 402 454
2 175 299
1 314 547
2 215 256
2 51 207
1 172 488
2 327 345
1 14 593
2 134 170
1 207 865
2 51 134
2 166 333
2 243 362
1 34 730
1 580 674
1 257 593
1 137 595
1 369 495
1 681 963
1 76 162
1 65 652
2 317 337
1 24 154
2 34 289
2 217 273
1 106 775
2 96 111
2 91 257
2 317 366
2 66 274
1 376 737
1 3 246
2 138 197
1 925 927
2 214 281
2 131 224
2 41 278
2 126 386
2 82 361
1 389 562
1 252 673
2 136 144
2 24 348
1 565 835
1 272 371
1 505 582
1 423 788
1 434 961
1 736 790
1 157 204
1 177 724
2 90 318
2 27 202
2 22 74
1 144 191
1 621 872
2 15 135
1 626 986
2 30 347
1 293 861
1 14 672
2 253 337
1 262 596
1 781 998
2 139 248
1 400 560
1 66 757
1 67 980
1 12 831
1 52 460
1 695 799
1 716 812
1 331 690
2 183 267
1 126 350
2 303 392
1 336 559
2 87 214
1 181 892
2 10 186
2 200 281
1 113 381
2 123 401
1 11 924
2 15 120
1 201 257
1 152 896
2 7 259
1 519 656
2 132 378
1 595 609
1 451 806
2 58 142
2 183 433
2 19 421
1 689 789
2 79 372
1 173 501
1 271 388
2 417 438
1 63 671
1 729 742
2 266 364
2 6 306
1 873 902
1 1 25
2 72 242
1 133 296
2 54 181
2 271 368
1 647 869
2 96 278
1 48 849
2 307 310
1 458 614
2 253 313
2 284 387
2 258 421
2 17 100
2 86 197
2 22 268
1 143 640
2 340 400
1 446 472
2 70 259
2 23 370
1 216 383
2 63 280
2 77 441
2 80 331
2 73 262
1 85 795
1 436 839
1 6 386
1 117 240
2 109 238
1 541 662
1 639 837
2 1 236
1 87 203
1 133 488
2 320 488
2 173 449
2 214 468
2 188 417
1 357 835
2 239 364
2 48 276
1 500 795
1 4 510
2 135 474
2 272 364
2 252 446
2 21 374
1 244 468
1 60 633
2 216 295
2 284 382
2 30 429
2 220 455
1 797 814
2 49 454
2 326 457
1 39 690
2 271 395
1 78 821
2 43 208
1 515 764
2 61 245
1 719 788
1 582 920
1 749 902
1 66 560
2 67 94
1 362 921
1 94 243
1 18 409
2 58 344
2 91 443
1 646 787
1 460 523
1 629 834
2 157 508
2 170 287
2 61 452
1 13 450
1 729 884
1 585 978
2 151 245
2 223 462
2 7 10
1 572 711
2 124 422
1 601 656
2 18 51
1 296 933
1 319 445
1 202 392
2 65 298
2 79 310
1 78 136
1 365 387
2 299 465
2 113 348
1 146 542
2 318 439
1 176 514
2 79 170
1 823 987
2 47 69
2 31 45
1 231 284
2 187 282
1 527 849
2 277 419
2 238 540
1 119 572
1 126 851
1 530 905
2 506 562
2 41 426
1 159 451
1 153 346
1 158 347
2 209 262
1 98 495
1 522 691
2 6 315
1 543 797
1 920 951
2 242 546
2 449 534
2 426 485
2 57 118
2 19 33
1 516 925
2 79 358
1 94 561
1 461 813
1 252 937
1 246 482
1 50 269
1 874 969
1 136 755
1 150 786
1 173 578
2 287 581
1 193 682
1 359 794
1 284 582
1 328 991
1 142 615
2 291 468
1 72 208
1 503 569
2 81 313
1 28 726
1 28 843
2 244 410
2 434 564
2 85 407
1 55 899
1 364 854
2 134 554
1 179 987
2 413 512
1 94 745
1 61 62
1 318 724
1 361 926
2 34 301
2 243 273
1 45 348
2 203 391
2 456 506
1 179 480
1 104 445
2 174 445
2 181 611
1 35 840
1 1 782
2 240 455
1 104 749
1 107 629
2 66 370
2 178 614
1 386 947
2 235 245
2 99 429
2 269 295
1 355 571
1 261 633
1 362 580
2 225 443
1 178 870
2 557 565
2 357 645
2 41 501
1 413 419
1 19 880
2 213 315
2 93 484
2 15 273
1 489 834
2 89 244
1 202 281
1 211 578
2 224 427
1 26 747
2 558 589
1 551 985
1 368 899
1 75 146
2 650 652
1 454 680
1 367 965
2 56 248
1 431 681
2 55 475
1 296 451
2 327 473
1 390 614
1 255 564
2 380 556
2 472 519
1 20 518
1 80 687
2 12 532
2 70 168
1 789 846
1 317 573
1 193 371
1 263 404
1 838 888
2 69 563
2 181 526
2 53 419
1 132 800
1 272 790
1 478 682
2 244 342
1 213 490
2 26 634
2 126 483
1 376 543
2 516 615
1 62 404
2 113 341
1 76 460
2 312 689
2 204 661
2 269 404
1 281 542
1 255 769
1 504 911
1 529 995
2 502 659
2 564 615
2 308 700
2 120 339
1 252 396
1 263 746
2 10 510
2 87 519
2 205 409
2 378 385
2 290 442
1 915 952
2 426 643
1 46 715
2 40 548
1 425 757
2 99 395
1 95 372
2 686 692
2 55 384
1 201 866
1 117 581
2 181 616
1 331 900
1 719 869
2 28 306
2 36 709
2 99 600
1 293 342
1 129 319
2 27 374
2 14 696
1 446 838
1 177 606
2 305 416
2 152 594
2 104 572
1 208 936
2 169 699
2 232 300
1 118 518
2 120 430
1 82 365
2 279 330
1 163 965
1 146 579
2 267 354
1 97 198
2 264 669
1 24 64
1 580 930
1 289 754
1 387 725
2 164 636
2 408 524
1 139 602
1 662 997
1 285 337
2 313 747
1 289 485
1 576 969
2 392 666
1 62 920
2 315 639
2 156 361
1 320 413
2 57 461
1 574 945
1 409 422
1 550 765
2 118 441
2 241 357
1 454 690
1 419 913
2 199 267
1 241 596
1 415 649
1 175 431
2 9 55
2 287 292
1 79 637
1 92 856
1 254 711
2 623 745
1 482 570
1 162 581
2 236 265
2 72 174
1 657 975
1 650 831
2 76 437
2 163 731
2 204 697
1 272 721
2 673 751
1 124 985
2 124 322
2 613 648
2 157 424
2 498 730
2 213 665
2 414 559
1 404 955
1 427 436
1 164 586
1 357 723
2 169 252
1 156 524
2 110 618
2 237 417
2 616 732
2 78 367
1 96 404
1 798 869
2 180 378
2 366 694
2 41 114
1 726 990
2 57 554
1 533 625
2 477 782
2 469 799
2 239 290
1 346 559
2 105 383
1 172 477
2 417 707
2 428 651
2 62 332
2 250 757
2 606 807
1 708 803
2 256 808
1 846 953
2 384 463
1 401 849
2 72 675
1 385 721
1 95 770
2 210 536
2 244 496
1 716 961
2 350 424
1 520 832
1 203 840
2 353 504
1 605 704
1 181 418
1 103 885
1 46 194
1 28 489
2 712 844
2 511 532
2 55 691
1 319 412
1 561 761
1 426 727
2 446 707
1 642 881
1 80 373
2 13 799
1 226 1000
1 420 719
1 87 162
1 63 323
1 441 761
2 413 432
1 365 724
2 162 704
1 274 843
2 498 769
1 48 489
2 108 508
2 384 722
2 575 653
2 330 551
2 59 457
1 550 893
2 239 696
1 418 688
2 536 748
1 364 604
2 64 476
2 68 635
1 305 425
1 767 896
1 262 542
1 53 807
2 15 795
2 193 863
1 721 841
2 274 534
2 479 779
1 61 164
2 101 321
2 751 876
1 531 954
2 232 885
1 850 882
1 297 396
2 582 585
2 27 164
2 652 706
1 152 331
1 72 83
2 401 569
2 38 392
1 627 974
2 12 321
1 38 866
1 27 991
2 240 830
2 629 802
2 188 196
2 529 852
2 133 329
1 409 964
2 272 339
1 2 586
2 137 151
1 245 369
1 251 394
2 95 638
1 18 955
2 243 352
1 7 54
2 202 740
1 342 667
1 715 809
1 84 257
1 69 763
2 71 240
1 511 907
1 407 577
2 667 761
1 293 908
1 638 720
2 323 501
1 373 716
1 598 979
1 10 748
1 562 705
2 619 734
1 425 597
1 716 794
2 265 716
2 517 724
2 671 897
2 321 758
2 26 420
1 96 434
1 70 532
2 267 953
1 128 916
2 246 280
1 477 573
1 703 732
1 53 403
2 326 601
2 461 957
1 75 505
2 112 646
2 261 394
2 499 878
1 678 920
2 126 749
2 341 358
1 290 778
1 36 403
2 302 590
2 3 40
1 380 984
2 138 408
2 103 548
2 62 347
2 370 534
1 331 574
2 491 665
1 238 260
1 161 258
2 604 937
2 174 502
2 788 805
2 631 756
1 533 951
1 535 821
1 84 775
1 417 979
1 155 515
2 655 829
1 617 727
1 392 502
1 692 733
2 98 719
