0 3
300 997773976
1 2 3 4 5 6 7 8 9 10 11 12 13 14 15 16 17 18 19 20 21 22 23 24 25 26 27 28 29 30 31 32 33 34 35 36 37 38 39 40 41 42 43 44 45 46 47 48 49 50 51 52 53 54 55 56 57 58 59 60 61 62 63 64 65 66 67 68 69 70 71 72 73 74 75 76 77 78 79 80 81 82 83 84 85 86 87 88 89 90 91 92 93 94 95 96 97 98 99 100 101 102 103 104 105 106 107 108 109 110 111 112 113 114 115 116 117 118 119 120 121 122 123 124 125 126 127 128 129 130 131 132 133 134 135 136 137 138 139 140 141 142 143 144 145 146 147 148 149 150 151 152 153 154 155 156 157 158 159 160 161 162 163 164 165 166 167 168 169 170 171 172 173 174 175 176 177 178 179 180 181 182 183 184 185 186 187 188 189 190 191 192 193 194 195 196 197 198 199 200 201 202 203 204 205 206 207 208 209 210 211 212 213 214 215 216 217 218 219 220 221 222 223 224 225 226 227 228 229 230 231 232 233 234 235 236 237 238 239 240 241 242 243 244 245 246 247 248 249 250 251 252 253 254 255 256 257 258 259 260 261 262 263 264 265 266 267 268 269 270 271 272 273 274 275 276 277 278 279 280 281 282 283 284 285 286 287 288 289 290 291 292 293 294 295 296 297 298 299 
736696994 126281792 127270869 566782828 513265643 622179710 181015785 115195475 526047391 187653186 517528182 940546781 823493086 521431730 658462374 770544847 571430126 998359305 636791827 337115378 549361926 128496079 798516848 762951895 475715959 747165160 731147775 403156140 254127813 160280644 289908945 741026656 774336126 233631026 623379775 872020884 820030218 638079482 304279782 670000945 318977041 599916745 815331825 444896674 620893075 422925049 485282411 422307838 69641524 413135702 429082921 215990808 880987307 139260886 892969490 674809207 601936599 129864017 908420007 3796116 918181881 36638790 487421356 181395261 932057932 360100940 699805619 536542802 148818784 13068429 987586326 679066797 806219306 547739304 943626259 306740816 144950062 942341107 615030965 880805804 593207104 348660745 396023284 153846624 387724096 411644928 167999694 734565289 241122025 947656200 660575113 99155429 97993466 467330649 242694779 799351053 416849488 71210630 831942224 567104272 962002314 925803408 830048277 483966328 533620310 125163015 296665616 421517497 747344943 867500384 176288809 444213683 450119065 632577950 793763880 979712032 421579294 83311236 783593501 12968073 490543478 270653427 572492896 73530900 610141015 19450534 191391353 840593081 722767101 616428531 632105606 632630739 98791423 169672132 76342777 52257267 38863885 179148797 792954781 149159465 361651136 145012013 235424879 621925382 449063847 559309206 113370267 957024799 909077685 576061776 57458010 339156431 567249273 787901840 478570965 683540621 480648615 542963313 384979345 529570889 424834871 569409451 916641077 157840327 21181596 200354635 90675754 785695896 775468484 205681315 716453723 619544857 715208765 284456137 606910783 947746434 223067588 901858656 180465731 69390525 723104279 839227952 914463268 989209756 178721625 12416894 168986666 216211236 15105574 755407313 716321195 66703688 888735286 161227798 403019147 416918226 778625988 999576750 39875050 223494384 308170597 532758878 993632098 897255702 619481471 317256345 45814310 943895792 984335885 41563411 282522985 831655854 765175397 537452531 102502135 157421280 591978227 114737761 701265750 662964334 945380579 539596473 76918338 553278490 907771149 33695463 84437111 556129479 767427884 729856024 816019878 394221306 769478579 780182965 486831087 575404260 307389934 192098408 797742205 258271345 228475570 163977082 830813866 200291219 720362702 190518393 971904879 920618562 156555542 627544788 593607052 325307772 797955147 521065823 528114947 802965480 941183353 172205638 998764241 776881744 860231661 198126264 798327306 885429193 575905450 506406236 251494772 153725377 637983878 291634967 167778394 89285577 229475057 149246974 573257557 292950245 353060311 832718142 282325348 110384511 115918226 41974977 832212142 923791865 304941239 836322478 745369230 405106332 203616212 58385937 502473279 51228722 516177175 730707372 812115105 218704134 783316510 119155063 521271778 89401634 
300 997348749
1 2 3 4 5 6 7 8 9 10 11 12 13 14 15 16 17 18 19 20 21 22 23 24 25 26 27 28 29 30 31 32 33 34 35 36 37 38 39 40 41 42 43 44 45 46 47 48 49 50 51 52 53 54 55 56 57 58 59 60 61 62 63 64 65 66 67 68 69 70 71 72 73 74 75 76 77 78 79 80 81 82 83 84 85 86 87 88 89 90 91 92 93 94 95 96 97 98 99 100 101 102 103 104 105 106 107 108 109 110 111 112 113 114 115 116 117 118 119 120 121 122 123 124 125 126 127 128 129 130 131 132 133 134 135 136 137 138 139 140 141 142 143 144 145 146 147 148 149 150 151 152 153 154 155 156 157 158 159 160 161 162 163 164 165 166 167 168 169 170 171 172 173 174 175 176 177 178 179 180 181 182 183 184 185 186 187 188 189 190 191 192 193 194 195 196 197 198 199 200 201 202 203 204 205 206 207 208 209 210 211 212 213 214 215 216 217 218 219 220 221 222 223 224 225 226 227 228 229 230 231 232 233 234 235 236 237 238 239 240 241 242 243 244 245 246 247 248 249 250 251 252 253 254 255 256 257 258 259 260 261 262 263 264 265 266 267 268 269 270 271 272 273 274 275 276 277 278 279 280 281 282 283 284 285 286 287 288 289 290 291 292 293 294 295 296 297 298 299 
302657769 401104812 325712365 266835077 227364008 8921648 387479925 473466692 694932211 900635632 404016041 322093122 181826458 574328616 839653378 320789451 172416818 583715793 342687065 79459731 388947790 363583164 561705162 212174908 886932415 180252242 181634075 263606525 1396258 842931229 123147166 149552252 373494283 681450646 851221050 170705579 125021896 701282777 646895089 16211173 12466838 871264581 156411148 816966821 875848458 831497807 41908341 87797744 779169545 294139522 954161873 294981213 585922629 662231149 255636082 566698015 339699648 394894633 215817021 99297413 706805120 213453251 956378451 580476699 335857413 189083164 561084456 30922366 18945064 100929579 425568786 841165661 395420388 742926655 397026503 618460995 693518700 617883372 785236613 382397690 410284518 73863709 621902822 166326477 714424143 575125249 937820345 32327608 971331693 636813452 74249348 167959042 891948638 422633854 738321632 162000442 852188211 593412884 329262927 240942418 717038759 129444377 414095700 1555048 561821349 170602835 335606736 526712217 621789759 941946677 596460259 537996487 599132313 966971535 520532680 76378759 417698957 984716080 310632701 774148207 107572562 141374350 416257619 798589958 150919687 206825925 159277856 207657152 349884329 734697728 224536888 822943250 6036588 40729005 378031963 278823603 642951222 164833095 712133366 210059855 62871838 160934607 628334509 67593520 395936768 204116966 159345733 141506782 523772496 80790401 134421837 647018463 224676924 481667652 718980103 734307500 424057520 740476611 866105848 12504264 683823814 655880089 181894864 611051056 352713748 745561264 829925925 42322005 319303802 521922454 70003240 56965416 318822085 183879500 62103533 427752028 987393294 395297780 614608307 482435186 75553160 360042854 730278823 395094543 55862400 264376275 300246901 135292959 48625506 136604852 775933851 965839222 789623914 450162374 396254779 544958608 146410299 940405814 767590682 645453257 81494926 215113296 134110600 957851330 32984796 699507830 545662943 153619612 110356073 258207495 69050726 728445102 372017181 381269135 309523584 19705514 475777539 778183366 768429089 282389582 16542281 329693451 967995085 812374472 261167181 126498818 875558741 190824939 803197234 966673013 62665920 391647376 12777106 595090029 116334455 350018594 632612591 803920804 416882177 415737562 479779478 321957902 10626612 995404406 786872970 648504470 98485839 515259471 221270538 664036519 376392367 869811073 321100113 466045734 570204169 739258742 845416504 690210116 832679169 255712309 239528464 120845167 674313865 272696971 5145473 861727931 718684221 676276445 795447552 493557135 666330890 774897486 993384704 326124987 397472607 6805983 467290485 389063593 228510957 479578827 277735759 224726758 848543701 784259588 984149702 286716237 634072484 421468061 561026848 890188542 326079859 953709462 580261162 474814577 213548311 721345200 28379150 464476882 724252739 663649066 
300 997970137
1 2 3 4 5 6 7 8 9 10 11 12 13 14 15 16 17 18 19 20 21 22 23 24 25 26 27 28 29 30 31 32 33 34 35 36 37 38 39 40 41 42 43 44 45 46 47 48 49 50 51 52 53 54 55 56 57 58 59 60 61 62 63 64 65 66 67 68 69 70 71 72 73 74 75 76 77 78 79 80 81 82 83 84 85 86 87 88 89 90 91 92 93 94 95 96 97 98 99 100 101 102 103 104 105 106 107 108 109 110 111 112 113 114 115 116 117 118 119 120 121 122 123 124 125 126 127 128 129 130 131 132 133 134 135 136 137 138 139 140 141 142 143 144 145 146 147 148 149 150 151 152 153 154 155 156 157 158 159 160 161 162 163 164 165 166 167 168 169 170 171 172 173 174 175 176 177 178 179 180 181 182 183 184 185 186 187 188 189 190 191 192 193 194 195 196 197 198 199 200 201 202 203 204 205 206 207 208 209 210 211 212 213 214 215 216 217 218 219 220 221 222 223 224 225 226 227 228 229 230 231 232 233 234 235 236 237 238 239 240 241 242 243 244 245 246 247 248 249 250 251 252 253 254 255 256 257 258 259 260 261 262 263 264 265 266 267 268 269 270 271 272 273 274 275 276 277 278 279 280 281 282 283 284 285 286 287 288 289 290 291 292 293 294 295 296 297 298 299 
50832828 506463769 883994117 873410969 725571360 27525359 530691220 390800099 181482130 813878263 509845473 8884315 622600606 121280914 310837688 133610368 245000020 998732868 508027301 35649639 467988691 685246465 893386288 218118303 344885186 718831031 756950287 735106637 555215788 279881206 114427369 887723371 104764142 345942915 952172456 122019524 380928621 385027934 471071541 813917135 791469467 965187693 192711925 748319015 710064899 502534013 988074220 14911727 692921379 282955671 503654365 219584415 309674583 953177797 265442507 839179861 519275833 326412517 265889144 450028169 730138910 667158736 190712917 539487363 796403804 839546868 681430921 746606809 502089298 194218027 51957614 536726981 751296774 904544461 857406842 442305560 491447280 281615041 422862123 720061999 995565790 868593698 988617842 940338763 181691000 390820517 527966000 515526135 79343999 814413623 933070162 422879258 705891562 834727489 77691908 820998076 586545974 508004947 247373726 326550024 858986331 452456732 173506842 246851891 839195694 327512136 515159581 215753967 495521298 949110991 243205439 578263652 950232089 80189336 742805524 883105755 740362452 362297479 381604334 921042979 741631651 398617422 390071753 457084503 270442594 77010222 812431649 990579886 607174309 200440866 249246816 115280566 696716505 703866424 545255200 174625574 244648762 38318227 387522441 138417926 777344494 927789097 396416115 841210438 914131622 698444871 995341848 888555929 40315739 245654765 777756440 472800308 681595122 95335267 394345441 940865117 32654332 52990918 460230290 2818595 175610532 553970483 261892522 183501772 255855773 552730655 6397857 684724578 881918501 254340110 546730568 566737124 312256655 150008796 473608535 848134758 843778320 223624381 91683447 594275603 483134339 216762346 66152158 142242133 723478114 516698305 953708816 405269132 252029664 216437557 721360728 490476043 753501481 257302529 92019864 719514156 890208494 506719905 516003990 552528148 848321895 744258288 568397038 455646729 78148974 464246465 758399478 557072336 546377912 968360291 562872845 344693243 388556610 751769634 133645686 876493981 802616106 524621542 97079774 851777618 431891408 185572756 154455211 463701903 128725137 534026658 746160776 879298900 888256627 158365968 449074128 963008599 709008131 171399596 906725471 174441172 101915068 880929234 681623025 868599529 955101807 915879706 715901572 832613543 758106499 657724649 220471077 933457515 940268643 27936208 225400486 464811345 394088042 93994127 485752714 148530739 102713114 6099008 328980652 166989588 6817165 439033795 819715599 810443468 917319655 812692257 61696061 414521999 358864982 257196178 118801320 544813159 473572838 562149712 133172525 80808619 120512557 44106672 979555647 445514991 182121106 208674266 661713105 538067656 40022800 848650893 307379995 96432549 921120379 510940911 33153139 60071660 212323914 406017930 720123094 724595268 483518825 910500713 163285410 907833461 

