0 3
300 1
1 2 3 3 5 4 1 5 5 1 3 4 12 5 15 14 2 7 17 1 21 19 22 17 17 16 21 22 1 21 26 28 15 22 27 32 10 24 35 35 40 1 8 28 39 21 30 37 15 8 10 1 15 38 22 16 52 58 45 57 40 10 2 42 48 34 56 56 3 23 23 8 63 63 43 27 66 70 48 56 14 16 61 45 52 66 66 52 63 52 57 74 42 7 8 25 47 63 44 48 66 88 8 67 63 67 84 106 103 17 85 96 78 20 111 11 4 10 61 10 37 98 78 17 95 48 100 54 14 92 78 35 105 32 21 135 21 53 62 79 81 108 106 123 142 50 27 3 93 119 148 113 69 113 144 18 44 115 101 44 23 123 156 32 158 17 137 150 102 46 44 92 48 39 133 150 55 156 17 59 103 10 5 126 144 172 93 86 6 12 36 169 56 158 38 160 95 101 108 80 183 70 195 79 39 24 81 8 183 187 29 36 211 19 211 171 91 48 93 125 55 1 141 100 188 153 215 160 82 118 30 91 185 199 63 142 96 223 201 236 48 197 78 85 191 106 52 247 248 106 251 128 79 109 150 179 231 62 119 217 33 33 182 204 38 177 78 177 135 111 230 235 179 105 150 52 114 252 242 138 178 186 94 206 273 38 192 102 74 257 196 266 69 107 160 147 217 195 34 
4 2 1 5 7 1 7 3 4 8 5 2 4 6 3 9 5 6 9 0 7 6 1 3 0 5 5 4 2 6 8 6 2 8 3 7 5 3 9 7 0 5 8 1 2 0 7 3 4 1 9 6 2 9 1 4 5 6 3 8 6 2 1 3 9 0 4 2 6 2 6 4 5 3 8 0 7 8 1 5 7 5 8 2 8 4 5 6 5 5 6 6 5 6 1 7 7 4 5 8 5 8 3 2 7 2 6 6 0 5 1 4 5 2 1 1 7 0 8 7 4 4 5 7 7 6 0 1 2 8 0 6 5 2 4 1 8 2 1 7 0 1 1 0 2 5 2 1 1 5 7 1 6 8 3 1 7 8 1 9 6 4 3 0 1 0 1 3 4 6 3 0 7 3 8 3 9 4 3 1 2 8 8 2 9 3 7 3 2 7 1 3 6 0 6 5 6 7 2 5 2 9 8 6 0 9 6 3 3 6 0 1 2 9 0 7 6 7 2 4 4 9 9 9 0 8 6 1 7 5 7 1 0 2 2 6 7 4 7 5 6 6 6 7 9 3 7 7 9 8 6 8 6 1 0 0 1 6 9 1 2 4 6 1 9 3 6 3 9 6 6 7 7 4 7 8 2 3 1 0 8 0 1 3 0 9 6 4 8 7 0 2 9 4 0 6 0 9 5 7 
300 1
1 1 3 4 2 2 1 8 9 10 7 5 12 10 5 4 15 9 13 12 13 17 14 12 2 9 22 24 18 8 10 21 10 25 15 6 23 8 28 39 10 35 2 3 1 12 37 1 25 20 44 10 23 11 40 9 51 58 36 40 28 2 20 35 13 22 1 36 8 54 39 70 7 2 12 14 62 2 8 47 66 44 54 67 15 50 64 14 81 28 63 26 87 81 82 34 90 60 63 39 83 56 90 90 76 60 17 71 15 12 48 108 74 55 103 20 71 85 43 86 109 90 78 82 124 53 72 69 49 114 33 71 61 64 104 24 80 124 119 34 73 64 102 74 43 71 121 140 15 144 137 142 39 24 4 59 75 12 26 141 47 61 151 90 130 102 63 161 93 77 157 3 73 63 79 1 149 17 172 165 64 116 19 12 23 64 47 1 184 151 185 90 59 152 159 129 133 181 3 173 23 147 201 125 144 187 115 89 14 51 162 148 34 110 162 83 66 109 17 149 20 100 10 147 75 142 109 12 78 104 49 193 200 41 158 107 60 149 92 93 121 148 94 41 178 160 155 1 157 132 237 109 189 82 159 8 11 112 245 131 186 93 133 96 116 61 143 186 175 219 148 6 74 44 249 49 141 116 122 93 131 270 130 246 2 106 52 53 74 76 273 82 186 259 224 197 102 43 253 
6 6 5 2 9 3 2 8 5 3 4 8 7 6 6 6 9 5 6 9 2 6 9 8 6 3 0 5 8 5 8 9 4 2 3 1 0 2 3 7 3 1 3 9 8 5 1 3 2 9 0 4 7 4 6 0 9 6 7 7 1 1 5 6 6 5 6 2 3 7 6 4 6 8 9 2 2 4 5 3 5 0 3 3 8 0 1 8 9 0 6 7 9 6 5 4 5 2 9 0 4 3 7 0 5 6 0 3 8 7 8 7 7 1 3 3 1 7 6 4 5 2 0 7 6 6 1 6 5 2 9 4 4 4 7 1 2 0 6 9 4 9 8 9 1 9 8 6 0 5 3 2 2 7 9 4 4 5 0 7 7 2 9 8 4 6 9 2 1 0 7 0 7 1 4 5 9 3 5 5 5 2 6 9 6 2 6 2 6 1 6 4 5 7 0 3 9 4 4 6 5 3 4 1 6 2 2 3 8 7 8 9 8 6 4 7 1 7 3 1 3 9 0 5 0 4 1 2 6 0 7 7 4 0 3 7 9 4 2 4 3 9 4 2 1 5 6 8 0 4 5 0 9 4 6 7 2 3 1 1 5 7 3 1 8 6 9 4 6 4 0 8 0 1 3 5 0 4 5 5 6 1 5 5 5 3 8 9 7 2 9 9 5 1 3 5 0 5 8 6 
300 1
1 1 1 2 5 5 1 1 7 10 11 12 7 14 12 15 11 13 10 20 11 1 16 19 19 6 10 14 15 30 3 26 13 4 3 33 14 31 5 4 33 21 5 26 20 3 44 8 30 21 48 42 30 10 9 39 33 52 1 58 40 30 41 64 29 48 49 28 56 5 22 5 41 5 72 22 73 35 42 74 24 15 31 66 41 74 28 40 3 17 2 22 69 41 85 80 57 37 40 77 59 71 69 104 52 18 82 61 72 93 73 6 41 80 3 84 106 31 4 33 11 117 13 92 52 94 18 98 89 87 60 107 118 64 12 41 102 128 132 113 1 49 82 136 58 135 83 11 49 57 103 29 131 125 6 4 133 153 28 2 37 89 59 58 52 105 121 4 160 51 143 12 49 74 48 147 106 15 65 86 161 14 73 114 8 27 124 21 107 61 177 141 15 84 49 70 144 51 14 6 191 138 191 185 37 7 39 171 172 168 115 207 3 130 84 19 132 64 89 169 130 89 216 148 104 173 195 57 48 28 22 32 107 23 196 97 63 114 24 229 149 206 126 153 177 205 64 137 33 10 216 251 150 90 157 133 121 110 181 130 102 19 120 100 44 145 148 227 24 91 232 204 142 247 39 70 247 187 242 254 21 103 23 211 247 110 30 58 207 233 282 104 130 182 206 16 66 136 220 
6 6 3 4 3 3 5 7 7 8 9 1 5 0 8 1 6 3 8 5 6 5 4 5 0 7 6 0 3 9 8 7 0 9 0 2 8 5 7 9 9 2 6 2 7 9 4 8 3 5 3 0 7 7 8 8 3 8 7 2 0 3 6 1 2 2 9 2 2 6 0 5 5 0 7 0 3 7 0 2 2 6 1 7 7 9 8 0 7 4 3 2 8 4 3 4 6 5 2 0 0 4 1 4 5 2 3 5 2 6 6 5 8 1 9 0 6 9 1 5 1 7 5 5 7 5 6 7 7 8 4 6 9 1 3 3 4 6 2 8 4 5 4 4 0 5 8 1 1 6 2 8 4 3 7 2 6 1 2 0 8 6 8 8 7 6 8 6 2 2 1 7 0 5 1 3 4 3 8 0 6 7 4 5 0 0 1 2 2 4 7 7 8 3 9 5 8 8 4 0 8 5 0 3 6 8 0 9 3 0 8 1 7 7 7 5 2 1 7 5 3 6 5 9 9 5 4 1 5 6 6 2 2 5 1 0 4 4 9 3 2 2 9 1 4 4 6 8 6 4 1 1 8 2 4 5 7 2 3 5 2 5 2 8 3 9 5 6 5 4 4 4 1 7 0 8 0 7 5 0 4 0 1 2 0 7 6 8 7 7 4 2 0 3 4 4 8 3 9 8 

