0 3
300 997358789
1 1 1 1 1 1 1 1 1 1 1 1 1 1 1 1 1 1 1 1 1 1 1 1 1 1 1 1 1 1 1 1 1 1 1 1 1 1 1 1 1 1 1 1 1 1 1 1 1 1 1 1 1 1 1 1 1 1 1 1 1 1 1 1 1 1 1 1 1 1 1 1 1 1 1 1 1 1 1 1 1 1 1 1 1 1 1 1 1 1 1 1 1 1 1 1 1 1 1 1 1 1 1 1 1 1 1 1 1 1 1 1 1 1 1 1 1 1 1 1 1 1 1 1 1 1 1 1 1 1 1 1 1 1 1 1 1 1 1 1 1 1 1 1 1 1 1 1 1 1 1 1 1 1 1 1 1 1 1 1 1 1 1 1 1 1 1 1 1 1 1 1 1 1 1 1 1 1 1 1 1 1 1 1 1 1 1 1 1 1 1 1 1 1 1 1 1 1 1 1 1 1 1 1 1 1 1 1 1 1 1 1 1 1 1 1 1 1 1 1 1 1 1 1 1 1 1 1 1 1 1 1 1 1 1 1 1 1 1 1 1 1 1 1 1 1 1 1 1 1 1 1 1 1 1 1 1 1 1 1 1 1 1 1 1 1 1 1 1 1 1 1 1 1 1 1 1 1 1 1 1 1 1 1 1 1 1 1 1 1 1 1 1 1 1 1 1 1 1 
359100866 496178430 310483185 371760972 758636315 12590074 605362286 857891414 278477604 140704417 290956094 525441717 215348923 363479059 574931378 946674883 408726340 799856477 963788921 427172625 454530264 975566160 86871683 412473981 87629273 49278016 216865472 794901390 400198930 193295455 53241850 238223504 4699487 916502884 983825943 273671396 261640855 416180012 569032910 395609475 664183372 848237705 694511250 315435220 971693492 866912216 337110561 239011445 249085466 982248141 236048203 661862735 471768392 669085452 749242987 992738654 735715531 753747756 127578537 804651928 817618989 315009 110386942 833563172 691917391 274393747 765769568 438987873 744247522 590661703 695821574 595768056 902404862 581776448 550146407 941408432 843459382 693370831 505891731 621703509 786294858 852130246 277579443 580152622 88927729 253572248 985235568 418566097 93943332 455964314 75876 31965430 578082293 835799588 228550108 337918691 987774206 381423443 707448966 28253532 772937599 156734504 124092342 228076219 743708223 109880638 220113462 61238813 611040371 881127808 131198585 316198619 239676130 117779300 890853977 128420415 223799689 556220174 628508373 690914928 362169634 567355020 703925854 616463334 590563688 781205203 69391211 843549784 976375402 276137516 689340408 26999058 42895425 608878127 142037398 562693707 259346248 953346346 234034743 517458542 771265694 746213091 817178920 429557166 138078123 282270801 173278787 803146659 662206398 756227331 607259986 290048174 912537374 66594439 189071858 349163213 224592133 699525306 405223870 220241935 249261538 24423005 433821711 59283483 85552827 500378007 381936404 703778092 333865390 779389715 602794523 316523848 759618771 492838648 161698028 560307836 132776357 314251949 599840888 766758192 439605496 759800881 915770331 919014226 818661118 318985815 955050202 251368272 190702134 160306460 518473326 260959048 584226099 197558853 100521149 142277225 326897882 925152118 214818371 849992128 910112815 913024210 7474198 625939474 761021545 395989304 720680294 292239684 266359243 150155431 916969014 793545265 13800488 120157362 951497371 270276426 794180991 973903152 439675290 820766913 891933379 327473618 736748713 156993648 449075807 627351537 822319136 176304166 558397121 166237915 250874660 231633046 141501455 366033554 690802412 994308835 763175251 84211013 270235495 723786470 110567819 438641679 54560472 926053146 485543096 356315761 477370024 455944310 25988461 53700800 990366929 884908582 325302403 610821380 864712930 540843608 157943907 205246462 83035363 506690567 787254522 544404427 649155644 164167755 340273820 518812173 976975146 77495711 759947227 820598167 926637982 693684355 164760936 588377577 894881358 362516862 527588749 215282195 215889612 152592349 234797024 228588951 954519005 788943503 49084683 139905694 78092752 677742622 435549704 559074491 214222792 613116196 878574364 333657231 144921409 823722975 3204621 512961965 800284846 352298642 
300 998211017
1 1 1 1 1 1 1 1 1 1 1 1 1 1 1 1 1 1 1 1 1 1 1 1 1 1 1 1 1 1 1 1 1 1 1 1 1 1 1 1 1 1 1 1 1 1 1 1 1 1 1 1 1 1 1 1 1 1 1 1 1 1 1 1 1 1 1 1 1 1 1 1 1 1 1 1 1 1 1 1 1 1 1 1 1 1 1 1 1 1 1 1 1 1 1 1 1 1 1 1 1 1 1 1 1 1 1 1 1 1 1 1 1 1 1 1 1 1 1 1 1 1 1 1 1 1 1 1 1 1 1 1 1 1 1 1 1 1 1 1 1 1 1 1 1 1 1 1 1 1 1 1 1 1 1 1 1 1 1 1 1 1 1 1 1 1 1 1 1 1 1 1 1 1 1 1 1 1 1 1 1 1 1 1 1 1 1 1 1 1 1 1 1 1 1 1 1 1 1 1 1 1 1 1 1 1 1 1 1 1 1 1 1 1 1 1 1 1 1 1 1 1 1 1 1 1 1 1 1 1 1 1 1 1 1 1 1 1 1 1 1 1 1 1 1 1 1 1 1 1 1 1 1 1 1 1 1 1 1 1 1 1 1 1 1 1 1 1 1 1 1 1 1 1 1 1 1 1 1 1 1 1 1 1 1 1 1 1 1 1 1 1 1 1 1 1 1 1 1 
289173541 179029141 262996619 658578172 688896958 408156206 250394313 127152944 836672190 926078117 521904857 505707372 277138186 558386364 139404717 589036652 186909477 642574680 887123988 282175165 662332657 942569884 253789000 854297871 336092998 920919460 719234243 700114348 819224597 993880978 289020346 764069228 60960331 556164240 346654812 427628413 859177169 340575529 957447984 90847789 18693043 740324293 211392700 402891875 850938982 657233408 801920588 561737593 902375207 172138113 43974010 582666180 591540288 570323110 13616850 311175906 550931794 126912530 771006368 599671274 966765222 137002303 234397846 676194296 941097368 848450551 951180794 710271717 658369636 62182405 308388188 55300026 853609458 456479393 447763196 71909995 541647838 87984616 518952116 381364068 876063353 222532271 301618294 707502192 852444049 866085518 112420209 819810514 487464449 7744922 489279387 671561506 442707098 757451720 114329315 675488597 798863886 343400848 7259158 309202580 258548348 154522842 263700858 746441694 861689757 470945314 741849337 177738229 234121857 381335925 847241279 174056968 226026990 711519671 524399731 546773229 230980035 895994186 537666072 53687897 589957794 536229576 72899514 950271714 819988695 104818201 730418675 258202015 340107561 750144773 606739068 60037638 875982976 711031273 119281033 709364421 304589324 737488307 971613052 351802750 805744703 756739245 333279164 819614888 403665027 267475389 616374099 414324267 675699211 998284645 752689644 36638191 124993066 219052411 952651588 573877733 264667690 482341082 967970698 886983684 86690129 210652102 959842215 147928333 290387143 731833435 659410584 628918542 141409286 998779932 193794747 792892392 841029385 413362006 825328920 231955025 959098071 872696990 131448940 74599566 203417011 199496440 686532054 815520482 75812260 636538261 728840680 484490216 513321338 633647283 961147455 381585434 499429636 278881106 277077836 801611684 873451802 627401637 806491139 92023639 777179377 667280646 237983032 977735260 134375988 294034698 434289404 583110025 221277381 181981292 994019540 414959030 572007919 53436020 333059309 245744627 95264345 7601887 398058942 762471772 911614136 56739486 720615980 789310014 516223247 287902234 797177961 628568156 639259614 2690738 849062399 310875797 642206585 477931861 296533638 731288454 561251055 442108444 387984430 298306291 238602478 673991671 943297137 968610510 295695943 908058955 28512581 15119459 811391812 416956102 903367014 297767787 584389146 542493760 145373057 916703228 747815808 195516192 449376446 421758120 293494872 161489940 155381058 867412937 679571622 915712409 343225920 813412752 650825169 29701950 102522133 519538220 745690514 973343376 628922236 825401527 460160775 864350890 218230741 420927253 720438320 470926338 880845966 33460075 294245858 337028765 892163912 373124516 554377107 636300637 959383848 532387605 742733147 556170875 231636149 934837066 324614306 483367095 828189287 130155575 
300 997331165
1 1 1 1 1 1 1 1 1 1 1 1 1 1 1 1 1 1 1 1 1 1 1 1 1 1 1 1 1 1 1 1 1 1 1 1 1 1 1 1 1 1 1 1 1 1 1 1 1 1 1 1 1 1 1 1 1 1 1 1 1 1 1 1 1 1 1 1 1 1 1 1 1 1 1 1 1 1 1 1 1 1 1 1 1 1 1 1 1 1 1 1 1 1 1 1 1 1 1 1 1 1 1 1 1 1 1 1 1 1 1 1 1 1 1 1 1 1 1 1 1 1 1 1 1 1 1 1 1 1 1 1 1 1 1 1 1 1 1 1 1 1 1 1 1 1 1 1 1 1 1 1 1 1 1 1 1 1 1 1 1 1 1 1 1 1 1 1 1 1 1 1 1 1 1 1 1 1 1 1 1 1 1 1 1 1 1 1 1 1 1 1 1 1 1 1 1 1 1 1 1 1 1 1 1 1 1 1 1 1 1 1 1 1 1 1 1 1 1 1 1 1 1 1 1 1 1 1 1 1 1 1 1 1 1 1 1 1 1 1 1 1 1 1 1 1 1 1 1 1 1 1 1 1 1 1 1 1 1 1 1 1 1 1 1 1 1 1 1 1 1 1 1 1 1 1 1 1 1 1 1 1 1 1 1 1 1 1 1 1 1 1 1 1 1 1 1 1 1 
535494819 190971681 283604941 954667234 554182589 969641420 755042763 939104754 665606772 458047860 3017851 623975560 896679223 82698076 492612613 670528333 985679324 60983905 636035016 292790093 992241779 511871084 16645913 342769895 783031654 44831730 980249167 191900617 482989930 714584503 471240963 648474819 794823747 827858419 184709573 314631577 422679200 588145886 700243530 826235943 495583543 999042939 273266048 556570631 336452452 229585261 576994667 908882687 195683586 146496152 396666125 292931606 160067695 596509461 658860602 70040182 429349374 357058256 282866917 551543937 461794361 149554388 693086164 411174445 54951550 204455725 244309815 487002963 356095319 457795144 21636019 46813694 248326881 330337587 819944399 847437399 766589947 245855875 568152193 787411653 127200642 664797899 491227920 962823643 49713509 586011900 270976494 519630842 640993170 240654924 437882883 19189947 159373091 444673079 271568594 70449175 548121271 499203567 58679477 176450693 800280940 51124704 569113686 975796029 55374373 82748498 279935636 237433695 175424246 996191068 530559235 985768533 955230026 793926366 79663264 428631072 221638953 280273790 295402592 858209254 468788220 512341965 544399593 756939010 284982607 172240511 670320637 591690533 647385883 432171209 169934534 319646761 974099393 863408011 660103505 78899600 928591941 127915894 635671643 890890650 288528845 736098845 494272503 270750199 249775139 749337440 126057370 94170753 928345228 38804467 325720860 71093344 502124950 265631955 374651876 497547378 253419454 743416429 66944040 924489660 843109252 970150695 253159517 530316895 102574810 685151298 405532940 384875925 690249261 6354804 247712996 955999121 829032573 733509302 977056128 870127298 209457055 632930326 535270482 629017211 155470553 675164410 7639863 193421884 6396702 324842196 637910268 838964262 36354762 414287344 237114854 832699092 109681757 427678089 950799078 73630644 218238296 146860190 768099440 541113231 781067252 253838589 409132407 768785116 178821283 734982639 884817380 763975557 313070853 62643507 792523762 673691000 442395414 364422299 330113236 286776377 347786315 607256033 706836253 513758404 709068932 7379417 611479724 397041668 185853105 708224103 684629552 633365142 241912801 984920075 870955191 137960868 670236496 137197912 487520069 339753023 739883879 761147000 168961884 475473445 3247514 216032675 717005104 495969533 831260217 712438987 719189198 809694611 74442927 27140909 161375717 751883456 953599794 393632905 682534950 881501083 618007781 35976576 13111091 729422332 977870749 256587570 164729516 39724522 90740339 26068886 464977280 821813205 779240716 437063869 264506747 628014945 320401914 967210989 3200232 55163534 95313304 871470645 994280898 753538846 226993286 773776832 33205333 426954598 676847472 553091483 882192367 539924078 389506006 114707663 140161066 934121029 609173352 831463043 776479880 464949511 453968902 219577272 301518766 949983898 

