0 3
300 998046053
1 1 1 2 1 5 7 7 2 7 10 1 9 5 3 9 15 11 3 13 2 20 16 4 20 23 21 12 21 5 17 31 12 17 1 1 7 11 17 11 14 4 23 20 42 6 37 8 2 48 30 14 4 3 33 18 24 10 26 18 23 13 12 26 1 12 66 44 3 41 70 65 54 58 58 48 18 1 68 48 15 19 39 12 42 64 40 12 49 69 2 48 30 64 92 72 96 91 4 74 15 89 83 99 91 14 31 18 35 73 89 96 37 92 97 60 87 67 65 5 111 33 103 86 64 82 78 113 90 91 11 46 60 15 104 72 18 106 25 3 22 124 20 19 12 101 98 66 43 42 90 113 58 153 143 81 8 10 127 144 146 134 55 34 157 86 37 89 88 37 32 109 51 27 43 117 159 156 174 91 52 58 6 68 181 41 143 139 28 59 20 98 122 88 103 154 71 65 146 57 20 108 71 118 183 173 144 74 36 21 63 176 82 193 26 126 139 62 140 78 66 127 150 32 174 112 103 108 103 45 88 180 58 42 91 79 234 134 154 227 101 87 221 69 200 231 111 228 53 157 247 219 172 173 81 52 208 169 195 173 180 45 229 195 245 6 228 64 48 127 45 123 145 274 116 127 167 76 81 104 280 29 74 144 80 36 166 19 194 165 35 148 202 161 21 235 186 207 59 
585545847 617126377 512868559 327293193 160743315 553502779 590133425 176821932 173562417 604293784 971450560 758773614 626070760 683090270 833906015 332555697 547536466 120553519 568760069 154084116 665734554 814714259 775814613 276686731 983565712 942994654 441278319 904129408 519607748 320789927 763148129 276325135 234645778 252923328 592837205 707740795 807235285 192525855 428458675 690154421 639860474 891289674 312242391 467418711 943651251 620537117 665044361 727368509 731080632 406960596 966618069 250553763 241076602 337035845 869697254 192691424 789061038 888061003 167412667 451454935 328750914 878803979 68912407 6393732 627014810 112554555 246734428 236645459 273630474 197263107 270976299 744918688 573466782 394886283 573285419 922073294 348727521 716555187 483400310 903932619 888153538 339804473 247211085 993170890 777292359 175890993 161092448 437857986 204246389 797026302 200161521 775975147 975089249 323719742 59891742 888852014 159608446 999023795 327541558 990593760 379684270 690540939 639299009 429400054 328218181 601439741 600684529 684412437 314375751 102629403 618070479 440933944 35139966 109435260 315287267 751911515 686231731 242643001 825335604 555861440 718279877 753780338 580260214 66323015 926177951 261115798 875118759 23068789 813205322 532538139 962552066 458902607 554691096 349233132 300153370 589088166 81535827 602982214 191703928 101308004 940940175 534231978 986872446 556844389 93741376 954127330 848514714 929911627 20031485 88009920 238574080 160092203 45777540 468286319 810825891 279269914 430496827 385646271 659692229 886508779 864973159 485536087 26086693 13871886 398341411 941390329 906187805 19531459 388013932 214300554 495530127 520746234 591632698 88135891 535851315 418919194 298000095 681669770 94864239 631007453 712436268 843271190 61550870 878497863 645903666 24376672 141649963 312523218 190732754 92675090 4124774 94193614 443625037 770301214 113567165 165515569 709915565 3708575 273458582 769003212 209717021 363167294 227299410 57640236 543476863 33780925 189820871 385228261 633644355 591444490 397482933 181962627 818363392 258444819 736366294 584408948 843736614 195517893 13514007 333468399 919966645 399142113 885700656 671393676 382086422 308798978 721033009 214744518 10391052 849244658 868419889 387631298 612316659 617425649 318234987 897457959 275937403 167138923 464767642 805779912 710650244 713612628 177267742 557940673 238727487 415464864 408193658 739245879 427625932 847123431 139565882 962682899 658701466 843211397 569504172 220470338 961105683 268250223 394441775 463968219 993614941 187545266 189733500 409645198 71386221 556017130 841892726 179453848 942051792 140601321 302858722 301000444 219013368 597933401 214752496 330469004 26213783 437208664 979585841 936078967 366019960 439773154 244420115 303276152 351192135 486143381 341357939 322238001 113055475 919335809 139643 881383176 519362131 200599617 857926241 25748792 361958488 102413705 761717756 292741593 
300 997390667
1 2 2 2 4 5 7 1 9 1 3 10 8 10 12 13 1 2 2 4 19 22 12 8 14 10 10 21 16 21 1 24 18 25 11 24 19 26 3 9 2 8 12 1 25 23 14 18 44 6 25 47 3 32 16 56 10 58 47 31 51 29 28 2 58 10 44 1 69 35 15 12 72 71 23 61 14 20 55 66 38 75 3 22 67 28 16 9 54 62 17 11 61 1 90 21 64 69 86 92 96 50 58 3 83 78 55 69 109 78 69 99 58 90 109 31 19 58 111 72 67 38 107 93 91 115 77 40 83 126 79 72 51 31 33 52 53 64 7 113 114 132 69 3 70 109 12 118 108 66 56 117 35 16 77 52 105 149 115 147 56 42 50 45 77 1 55 22 162 91 2 113 52 13 70 34 139 130 7 62 171 33 58 17 6 102 53 6 159 131 1 155 65 141 67 108 41 127 197 79 33 185 123 78 70 82 56 101 20 98 135 32 16 81 159 18 138 85 185 118 170 95 82 151 46 181 208 110 165 78 161 86 107 59 105 134 42 193 233 103 227 59 220 5 100 234 22 212 38 114 67 12 139 247 29 161 26 258 26 187 61 114 32 76 96 159 248 194 86 147 88 192 84 208 11 73 222 44 47 114 196 154 21 34 142 141 41 209 189 124 65 138 233 82 182 224 130 200 80 
678913261 445173202 744331537 617640494 371723243 623404926 277480675 519423608 159054116 600451859 193616954 259812450 993702705 496901354 820052908 467352715 932770301 160164825 228910624 198374394 166207235 369591135 32334886 394229598 694174728 541936452 502117939 810283519 757538703 692816221 21419908 596348520 465678778 660466191 915836658 849480225 23934221 495659035 581394734 930460697 319319755 61747731 811270797 304340977 847727592 560855845 209972085 228663194 127046697 4681616 456032445 206022082 644827073 71021869 249349458 123491648 673818754 274623736 650384556 839396466 627242379 815284098 27836578 384622632 390864126 786142131 994000857 561076117 151966951 484373911 288990179 753439532 9626510 142269525 255291851 535183444 450069918 222721910 431501918 332719205 916592218 790728043 475149931 322884610 173468295 580833435 691168879 948044955 363889490 544079272 258627598 882086883 793043040 883721113 227817768 289178293 544474732 353934853 388484772 16026751 33839234 255298154 38114160 330884817 832981201 323525570 319868554 929642989 932541469 131321213 970039665 669676350 302921223 593070661 619908879 900763718 308477193 789020411 42960617 204095616 201948132 993131664 679457348 120040844 902078072 981105204 955429215 604945699 158959823 428677440 465666784 997393917 678498541 109612920 567590632 70997098 964744520 953040401 471347371 712789735 578282894 651866335 557872585 443475879 529525577 163876893 753083646 154117312 151783341 384802962 648358830 704264587 719692244 770645518 936417901 29441696 115580068 147580112 940353036 77004878 727842201 324707789 256585047 229066872 229684820 231657386 762520745 531262475 299187727 77492408 280909256 389468495 43348976 120618735 58388786 477222752 979006515 966569182 708365331 841433468 359643538 840057213 646513877 438364955 244516531 930588325 244985560 414232808 63536226 113973840 426863364 55510733 2185948 962562055 97563763 401416982 500077690 667048193 140238465 538277148 285611727 312704142 503893817 176790941 172640440 870526281 59302693 675812481 914190127 777536330 822160414 504537043 54008960 12240334 285893487 503414303 565452545 923423945 207431861 938765081 172089375 529950634 726113017 420509965 418935771 72383925 558929812 242603060 127931477 34913666 26540280 137833681 59463397 344985409 194236042 437355955 182419403 305279931 420691591 938881097 983441615 513053488 523271471 823866086 420988742 195757509 1220386 362271984 303710878 347799743 351859452 730859863 158482526 667401005 327516913 37512822 374732153 862577071 865443636 613866203 133622544 657358161 364103172 287759125 691006945 423921909 628529752 289045045 439417470 755544329 19838644 761699140 245296567 972823233 865218914 330156800 159003997 581116076 178224099 656081062 850263345 864204304 785831613 149819406 356658069 686086058 9928848 372270987 70525342 769380341 261129707 287212251 214816975 297960484 971917803 679164110 994653400 181966432 243143319 179745126 
300 997438156
1 1 2 2 2 4 5 4 2 1 11 10 9 6 3 8 2 1 19 12 15 9 20 19 7 24 7 13 22 26 2 18 30 16 10 8 33 9 5 27 39 21 9 33 23 30 39 1 9 36 2 29 44 38 46 5 15 9 16 37 12 41 16 60 56 3 8 6 48 16 18 20 54 67 65 54 4 33 78 49 35 21 39 70 50 61 17 12 20 18 13 75 33 48 63 88 88 45 46 81 74 62 85 52 41 104 80 47 37 47 6 46 63 28 92 24 79 69 61 19 121 8 38 92 13 7 54 43 103 106 15 70 48 96 20 45 113 28 74 16 103 8 35 17 31 25 94 10 119 122 53 72 135 129 54 104 118 140 117 117 156 4 69 149 17 89 51 110 1 170 1 43 150 138 5 105 99 159 27 134 84 76 167 116 146 181 75 56 84 126 21 184 127 100 124 195 188 174 34 35 175 94 29 143 35 72 62 165 182 137 190 210 104 160 213 46 136 199 69 173 46 197 52 127 32 73 27 209 187 31 112 20 21 134 71 139 95 104 221 142 102 88 131 31 61 99 71 11 66 137 142 8 112 212 218 181 82 204 226 234 22 174 229 173 5 4 99 67 228 6 167 119 22 163 40 216 217 25 153 250 64 109 227 59 88 69 228 255 200 212 263 46 216 103 258 20 291 161 296 
195824978 331458242 288923799 95195540 499815138 726109096 77745244 584132242 409428144 289881566 158624592 178463614 370961085 770633491 46565849 317188460 519796595 510794319 76062858 153844027 176032149 185432471 427659969 756828585 63877252 166647005 730922560 495549452 848330427 504800768 900139357 984061624 185201360 775385615 484354758 622361924 44810956 893174166 127086679 7813675 918326548 167248760 624108918 899516781 996464523 714791647 182058807 390071128 537567176 47842365 78682799 95455498 360672545 829922425 851119112 980273435 236747646 217279937 33422686 329512174 854285258 438495054 167828232 340330823 115990308 122234508 163479743 52499468 800476776 882999669 75724295 194979702 818134746 195635430 62278018 323497650 186668815 511100258 654570109 220217390 334501378 803140279 465507646 652793226 347635924 330788833 712218881 702431018 22513085 321144777 777760523 437499619 567481600 364051339 108307832 596369327 818835821 936883816 336950238 991335201 312612114 669097108 310275677 114435896 534936556 385277707 699162721 24326913 941618234 927732827 976758982 639688591 610538632 943263860 962728535 2674072 804772927 890374572 136927701 770504277 423047922 486163432 876176335 273649208 930509112 798495131 202342062 249799272 267651736 716305245 419463206 744604265 379903908 543515923 626776851 516464869 997063079 961125582 838130737 490958345 742083062 472677140 345644634 586018636 925420367 617026312 969072739 106633542 698956609 624748715 395302152 618435740 424755462 861990951 966913350 132298267 67162193 6048596 637486623 30897437 725450258 309406543 124718461 874684674 281915176 29244640 679018881 242209881 769173593 596039547 350753119 521475372 666124633 835915363 177967445 21278479 780056881 247249396 661813416 7385588 600710350 983084750 974103493 221261017 280320262 181880330 410724886 269408458 404802984 764582293 583047249 543518127 956207802 650955549 431967940 990362711 274742271 52724624 242910733 944231844 195414894 353933987 336637325 500211328 588772889 579468923 286678620 197528294 978842043 821459654 737253120 253613906 412263484 57668749 948457843 115033881 289436402 607065658 34177361 330072221 574847636 27940385 458847875 66350624 391128490 998230904 323519266 55224621 531700188 59109501 159494653 575409789 335220103 756829698 391630276 174652300 216381830 396265900 529084546 971988898 140101385 961477038 212532704 600656356 557393825 230403530 83161948 268035674 582160176 413330465 842655771 13405792 944474320 979082965 64845230 897732762 808689647 710360845 834410803 958868344 28920395 99964755 537823429 277350594 536040658 131423165 990738356 69921274 224036793 591072811 410808777 891644323 471005660 211330170 154395649 364702835 626319070 201638261 107572734 877314943 903940297 191816890 785744651 191742262 815279804 24317897 498344483 704632723 21166174 546935946 471731372 602968713 438605268 910573759 83719556 774106725 719334423 157341936 583502433 270141630 

