10
100
7850 9959 8220 2302 8675 609 188 6480 9386 7341 6337 9032 29 133 659 3360 3390 1847 2448 2495 300 9812 3701 9312 4946 6096 1578 5607 1730 7701 5801 6610 7306 2285 5324 8766 3494 7881 5398 6104 9136 2172 9289 9676 5667 7273 705 862 3409 6491 3483 7321 6920 7589 282 2865 2579 9051 7169 7543 1890 1026 1822 3828 91 3125 728 3899 9735 3883 9384 1452 2414 9132 9985 7885 8880 1810 5852 8081 4394 4918 5866 1361 1348 3187 6031 8715 4584 6990 2892 134 1298 334 1476 5992 4536 7087 3839 394
100
1370 175 4877 1957 9484 7600 2095 5983 3443 9828 6560 9087 9336 7806 2131 1636 4424 8493 8083 8749 8226 4399 3741 1957 4493 7674 3753 6519 1660 7015 5920 9808 8815 7162 9165 9436 2131 4027 9791 3019 5210 5899 8848 1288 7406 4439 3092 4194 1721 7817 4640 7028 2855 305 5457 2988 3805 1163 6309 3517 8239 1357 4813 8718 2338 9399 1515 4211 1975 8823 9485 8101 4233 9152 2973 4130 1737 1221 7288 4225 9780 2412 2785 1492 1182 2792 6549 1051 9497 8719 5152 1745 6500 5909 44 3791 9364 7263 6795 6138
100
3486 6869 8651 3303 7345 3205 3635 4836 2525 1877 6633 9023 2455 6411 6282 6830 8897 3487 242 2188 5348 4257 4806 4501 2492 2632 9915 6286 3097 9834 4004 9238 4643 2691 7300 7543 7852 1347 1095 9892 6800 6590 5955 1037 1454 2348 7451 3291 6045 9904 6552 3980 994 4695 9639 9984 3594 8149 5525 8657 6252 544 1892 9517 6090 2266 9858 6775 2948 6387 8844 2349 2696 2652 1753 7768 6501 7234 6172 7306 4909 2936 9222 4530 503 5598 9395 4782 8592 6251 556 8494 8203 8616 9738 5940 3364 3865 9862 9436
100
7409 7007 5269 5646 2594 4374 864 445 3995 7364 4274 3029 2822 8175 3395 5400 8840 4962 3439 7060 6071 6793 5390 5078 2159 1288 2935 5660 8575 4393 6707 5753 6471 9639 66 4329 147 7634 5417 3916 856 7425 7266 4163 7772 456 4433 9929 7233 2286 3400 8329 9134 1903 2657 6581 2468 7457 8251 8283 3051 9484 2063 4899 6789 4826 9790 1204 9098 8267 2497 2754 208 1461 1951 9023 5603 1741 5939 3352 7471 7060 1538 6122 3107 2054 8745 4764 5957 2393 4021 8603 7740 1719 3525 8216 3364 2805 5641 7485
100
7212 4381 2249 5603 5910 5685 392 409 8451 9168 4127 1290 813 4392 6319 3685 7250 912 66 305 9756 22 2240 9336 6907 2224 3624 2428 139 6273 4359 5557 7198 378 6276 9697 7388 3340 6392 5044 9445 8454 2925 791 2255 4041 9230 2795 8300 7514 3208 1798 8439 2967 1328 3310 6017 7309 5258 4872 314 9057 2332 259 3679 542 9016 1259 1714 2578 5799 135 5685 5809 1321 7459 1675 9971 4719 1761 9531 1610 5886 5505 4830 648 3371 3782 9191 4603 3308 4703 5753 5856 9971 878 5924 2275 9064 540
100
2616 7514 4201 8781 8831 3265 9216 4139 7031 5331 2384 7796 5769 6664 6012 3871 5079 3257 816 1317 569 9015 7098 3010 1345 8933 1117 8695 7461 9758 6376 674 4528 9705 8041 5982 1282 1650 3087 1980 9758 5380 5435 8971 4830 4637 1629 5146 927 8250 8858 5733 5133 9116 4722 4648 3134 5140 4751 6781 8808 10 1077 3961 4671 5985 6536 1637 6282 1586 5628 1587 1857 7680 6570 70 5772 6803 6689 2962 8063 8273 1101 5752 1341 6985 6587 3416 1683 5359 8382 4797 8339 5052 9121 5978 4737 6575 9969 1693
100
6288 8101 3119 2422 5530 3458 7335 623 7965 2089 3077 8751 4459 107 8515 5814 2917 1630 535 7272 5373 3793 1058 918 1483 2222 289 4221 788 8568 7044 4672 5108 1137 5163 2073 5379 399 2632 8874 9826 2631 3952 7813 189 2147 2843 2507 2220 2207 1123 4862 9047 1936 5780 3934 1543 6751 7805 8790 3452 6591 4566 778 1762 8463 4495 3582 6212 777 2961 5366 2985 6180 733 8385 2737 199 6980 8754 7340 3598 5791 4845 9879 2871 7944 4070 9924 1768 8218 8900 3338 7308 9700 1447 6176 4312 9744 4031
100
9204 6305 2731 6358 7501 3296 2125 5404 1432 9837 5488 685 3072 3186 9694 101 8135 1441 216 9984 4577 208 9171 8744 3557 5919 5036 3972 6428 1096 8496 2978 456 4992 686 3546 5866 5241 6651 2551 6294 567 2196 1293 4618 3565 2921 4559 8029 9272 693 7956 2493 772 6836 7850 9052 9895 3991 5088 3911 83 8186 5992 8496 153 2631 9474 7281 2570 1519 2542 8938 1464 2491 9894 3296 2451 2867 5465 2253 7496 173 7881 3225 6847 2317 9577 9875 1762 1490 1010 4289 7525 1063 7044 6053 4112 1240 1665
100
2792 3986 9205 6980 9262 66 9193 4503 3326 9555 5609 7638 6342 4361 1329 7405 7864 9316 4841 1045 9606 5258 4402 7920 9584 4785 5176 5239 382 3562 9896 8533 2686 1744 6795 6999 8567 8355 4922 9595 7381 6528 9958 5699 6427 7377 5880 5895 1702 1189 7527 6889 5821 3823 506 383 5405 2128 9809 6398 794 5478 736 2387 7514 1920 8495 4870 8849 8124 968 3428 7454 6000 1463 6305 6584 9704 7565 872 2248 4152 5597 2040 7781 2604 8792 165 4047 9022 2974 7717 5498 1200 1522 9356 5422 1785 2070 3567
100
3924 7564 2300 737 6392 8316 1120 9240 9286 5537 6253 6075 8768 2021 1917 1786 3565 3357 9973 3682 6896 5658 1238 4401 1217 7254 1185 5601 8084 7458 446 3760 2643 6514 7990 4974 9494 9473 2906 8077 1547 5454 2202 397 4630 6333 569 5723 7633 5218 8357 6498 5367 4854 9392 9335 3862 802 4766 33 5580 4738 7053 3533 2967 9106 1313 3327 6468 6321 5262 7245 8629 1924 9242 594 7192 443 5600 4266 6217 3964 5407 9657 1719 4028 7038 7414 8050 8942 2157 4658 5289 1057 9849 49 1234 386 9030 1010
