10
411
227 150 123 63 190 34 50 89 243 43 357 384 325 364 179 336 338 306 375 3 231 198 69 216 27 209 351 140 52 13 296 81 301 263 316 385 149 75 192 40 221 180 37 12 71 184 376 96 236 10 255 279 371 54 252 224 197 188 320 355 280 248 269 64 297 264 242 272 345 350 39 121 68 82 337 228 111 135 395 328 36 230 249 218 319 62 87 176 212 83 182 308 372 138 285 299 291 201 99 321 85 24 103 311 105 318 159 108 408 330 333 166 405 342 32 70 152 273 30 31 377 366 128 335 51 126 381 411 387 130 86 132 133 47 270 383 137 49 396 223 282 281 392 200 145 146 378 210 298 8 302 124 153 154 74 156 178 303 18 100 322 304 163 155 211 136 256 168 391 58 339 222 78 288 60 352 305 309 358 4 362 329 183 368 370 117 225 80 245 171 48 42 193 1 292 380 97 253 238 144 41 404 203 204 165 114 134 6 347 28 234 409 38 300 217 189 382 16 23 202 160 181 11 131 407 25 307 61 129 109 91 90 167 173 5 95 290 21 77 275 399 284 271 101 46 102 327 363 104 22 72 147 398 113 237 353 240 235 93 317 112 208 151 250 115 207 7 187 293 214 206 389 374 59 119 315 92 20 116 107 199 341 331 196 312 354 239 76 118 276 229 177 340 158 388 360 373 17 98 286 343 35 19 67 326 344 283 185 386 45 174 402 258 84 241 356 164 122 323 313 44 277 266 215 268 2 205 233 324 369 148 400 287 65 349 120 334 161 143 410 262 260 274 247 261 162 55 194 186 278 14 332 379 257 265 169 73 219 170 94 251 9 29 53 294 33 127 226 79 397 406 346 66 56 314 394 15 125 403 213 110 289 390 244 88 26 393 142 175 172 401 295 259 361 359 267 348 57 365 232 139 195 157 141 367 191 106 310 246 254 220 
589
1 366 254 450 582 490 553 252 183 363 240 24 128 52 33 60 8 110 25 425 417 468 368 552 581 188 354 390 124 388 516 132 378 15 422 19 404 565 217 466 564 324 572 340 34 432 47 26 411 549 494 558 228 514 5 465 360 455 59 381 27 453 118 219 98 319 268 460 265 458 387 474 226 517 121 57 204 472 207 384 215 106 412 224 104 448 407 555 141 386 299 119 306 212 286 323 97 427 341 328 101 147 567 134 209 159 32 176 109 515 136 178 540 90 533 327 162 459 17 39 92 44 498 245 537 242 182 196 14 54 131 123 130 518 298 102 3 488 180 551 442 76 566 62 511 440 576 256 396 375 171 278 493 320 562 276 426 80 126 272 93 220 482 213 95 435 167 495 535 348 294 43 173 400 214 282 154 382 179 357 181 70 536 546 376 580 165 545 206 589 267 140 193 556 234 22 197 270 199 573 476 336 315 262 198 142 420 464 574 68 211 243 445 184 500 483 413 48 38 153 81 185 223 205 99 351 227 284 229 115 321 46 233 75 195 508 385 105 239 301 241 55 554 61 236 41 471 428 231 559 251 88 275 127 302 50 257 42 312 403 416 129 263 394 513 295 542 365 269 418 271 560 143 137 264 63 277 139 285 543 281 170 283 174 497 169 86 108 78 29 370 186 293 287 172 291 475 149 429 434 244 356 528 510 308 289 307 65 544 135 311 481 313 16 246 380 317 441 258 194 512 310 454 395 364 372 568 28 303 452 331 36 168 586 333 350 337 410 120 161 332 187 335 77 391 501 347 247 349 20 221 253 353 290 402 325 484 74 359 40 504 192 343 249 73 155 367 116 578 406 414 437 373 230 346 201 480 377 379 100 210 191 383 534 91 330 526 575 389 133 314 398 232 486 216 2 397 352 112 451 401 531 338 446 4 250 37 152 409 69 156 103 58 150 259 225 374 85 419 255 421 436 492 53 505 71 334 438 82 524 431 371 433 532 266 470 64 296 439 345 485 520 443 539 222 274 570 507 449 45 305 113 151 318 469 203 457 462 30 160 461 18 463 66 530 550 467 326 146 444 157 164 297 79 96 189 478 456 479 430 525 10 529 11 238 585 487 489 163 527 491 415 260 125 473 144 56 358 499 190 202 6 503 158 405 23 583 111 509 21 87 423 361 392 122 477 329 304 344 13 521 94 523 148 288 548 362 502 177 309 339 35 117 89 107 67 522 300 369 292 541 588 51 355 200 208 547 579 235 280 248 7 138 538 114 72 557 31 261 218 84 12 563 237 506 166 279 9 569 447 571 175 584 342 519 49 577 424 273 316 83 145 399 496 322 408 587 393 561 
441
43 1 51 36 17 94 74 126 48 54 76 129 105 224 110 19 41 84 82 100 32 50 35 118 219 78 28 102 171 47 101 79 92 70 37 40 62 67 42 49 143 5 52 53 65 111 173 115 69 57 125 63 148 116 80 59 161 144 192 178 145 68 152 90 139 112 97 225 164 93 103 124 175 98 159 163 184 91 120 222 266 155 117 86 151 142 197 99 165 157 122 190 136 183 121 221 187 113 127 288 212 198 107 154 26 130 140 201 109 141 128 191 132 149 203 123 137 138 4 169 160 147 316 176 181 216 158 182 185 133 131 170 264 206 196 162 166 223 146 172 150 259 27 153 213 200 218 210 179 238 217 177 290 227 156 229 283 235 189 168 199 287 167 298 281 335 367 204 214 180 174 253 195 323 186 377 292 188 236 247 215 291 193 302 228 194 208 243 202 209 232 246 230 299 207 280 309 293 233 7 211 276 267 205 240 252 231 248 220 278 244 239 325 305 237 313 408 310 234 254 226 308 245 324 347 289 242 249 365 295 257 251 241 255 307 339 262 334 328 270 261 250 279 256 269 258 282 306 319 3 303 265 260 263 296 61 119 273 286 294 301 268 344 271 321 358 272 336 88 285 277 77 311 274 275 356 380 8 300 370 284 327 10 376 297 330 318 388 15 71 315 366 331 385 431 304 341 317 312 338 332 320 426 333 87 417 44 326 343 314 392 414 379 322 354 329 346 357 372 355 38 353 363 435 340 345 368 349 405 359 406 348 362 373 342 24 337 351 350 23 419 83 371 75 352 397 114 369 39 393 378 360 375 425 30 72 66 361 423 364 382 390 21 381 46 394 374 383 410 134 387 401 398 20 404 6 384 422 104 399 395 389 58 16 386 403 396 411 407 400 391 55 409 412 415 34 81 31 427 402 29 89 25 420 135 56 12 416 413 108 421 9 418 11 64 429 428 106 430 437 85 2 424 96 14 45 22 434 433 432 60 18 13 436 95 438 439 440 73 33 441 
559
75 228 87 44 480 389 48 467 185 310 275 472 379 115 539 453 544 152 171 45 289 11 92 288 324 162 216 60 326 381 31 512 285 183 529 302 313 494 447 416 497 516 559 484 451 377 465 301 35 350 95 260 406 67 541 168 164 180 94 175 549 78 498 24 325 196 134 272 397 52 71 144 292 296 274 456 385 468 316 240 405 266 154 551 170 430 231 65 267 270 546 184 191 526 376 192 194 305 21 400 434 22 358 312 148 393 428 287 446 473 107 499 339 114 68 429 113 314 238 412 293 482 448 372 125 252 508 76 387 347 173 396 413 536 84 111 37 469 417 140 505 284 143 203 145 438 294 211 19 18 507 362 153 501 155 156 264 158 20 208 478 471 163 511 495 77 392 504 169 435 513 344 346 348 525 176 209 493 117 540 382 202 273 49 538 364 81 25 378 256 129 43 386 317 390 259 101 198 475 515 402 404 8 374 157 403 79 50 222 420 422 212 490 214 300 432 135 534 189 38 340 426 106 224 450 514 454 556 229 460 254 232 147 234 55 331 27 110 246 532 123 66 445 330 311 542 455 496 26 500 502 463 253 249 255 128 40 286 518 520 309 262 263 136 530 281 441 431 269 207 271 474 104 548 528 375 277 423 219 425 304 308 12 250 321 459 97 360 13 190 491 391 225 329 42 30 137 421 361 186 197 99 178 3 149 278 458 477 174 2 408 449 210 138 352 181 521 418 57 356 558 476 7 492 10 436 204 121 132 327 338 100 243 182 74 488 290 543 29 59 80 323 160 56 279 221 407 265 4 227 1 489 527 424 307 199 23 46 485 187 370 91 291 464 555 531 524 188 245 319 248 72 251 109 282 201 357 380 90 547 150 332 366 127 102 179 328 410 280 88 235 384 383 105 15 433 33 522 133 195 318 295 365 443 85 223 334 535 394 315 442 58 298 353 215 213 388 126 161 261 395 510 247 297 193 146 457 351 550 349 336 206 306 108 17 399 53 51 69 257 14 103 552 141 230 120 486 466 64 63 73 41 112 427 166 354 523 506 283 47 415 241 533 373 335 462 440 82 481 54 398 258 220 233 409 303 276 151 333 5 371 401 177 16 363 517 28 226 236 122 70 83 268 165 61 218 299 9 342 86 119 461 34 479 237 419 444 437 322 519 369 439 172 452 553 414 341 139 96 320 554 217 244 32 36 39 116 368 131 503 537 557 359 130 345 167 242 200 6 118 337 89 411 98 343 142 62 483 509 367 205 355 470 124 159 545 93 487 239 
460
1 98 404 326 234 338 459 183 231 355 20 190 358 258 386 272 40 208 264 140 242 278 23 44 9 184 249 451 124 363 228 260 88 259 398 203 290 422 413 261 322 52 144 216 126 39 207 174 166 340 323 13 327 369 188 254 130 58 225 262 388 100 346 95 301 444 364 304 330 119 138 270 212 280 60 112 121 245 357 28 335 406 376 209 158 96 441 147 298 282 204 296 15 243 21 214 206 196 143 17 408 106 103 145 161 442 107 48 460 49 385 319 36 200 4 102 125 59 38 377 287 267 41 74 11 276 134 187 230 186 104 244 455 67 175 458 137 273 139 235 375 3 222 80 150 162 306 5 177 70 224 414 360 292 372 265 157 79 24 453 410 182 163 324 303 83 167 447 417 391 69 195 173 382 418 297 115 135 179 76 181 87 374 390 371 350 160 256 428 168 191 246 193 178 247 248 197 198 199 255 132 101 237 185 153 300 194 429 436 325 211 91 71 92 318 299 45 456 333 308 405 446 223 46 403 426 227 66 229 274 30 275 233 26 123 370 384 219 239 339 241 169 284 94 114 342 437 310 192 215 251 392 387 118 171 72 257 332 240 221 368 351 263 141 316 291 250 142 269 427 271 305 435 352 343 110 277 63 90 54 281 226 283 180 394 213 452 365 165 170 220 81 293 116 55 120 86 344 434 425 43 151 412 252 42 14 307 407 2 268 311 362 313 172 25 176 317 62 218 164 402 156 302 253 336 232 109 309 47 314 331 155 122 286 136 10 337 33 400 108 56 321 78 285 57 440 347 128 349 154 117 423 353 288 416 89 450 366 359 34 210 334 7 205 73 217 367 159 348 37 53 31 373 68 356 236 202 454 379 415 127 148 383 279 396 438 32 97 389 99 22 133 131 266 420 146 397 152 85 295 401 345 27 111 424 29 445 19 409 189 16 432 393 77 51 289 12 320 419 201 421 312 448 399 381 84 61 294 129 65 431 411 433 6 8 93 395 380 439 341 105 50 443 430 82 354 149 329 449 238 64 113 315 18 75 361 457 328 35 378 
540
55 45 106 176 180 65 105 143 44 82 59 262 167 31 46 102 83 193 67 99 76 48 43 110 115 214 38 190 177 120 123 197 98 157 107 116 229 181 240 60 130 66 133 61 152 47 145 89 49 95 8 57 158 69 5 182 267 96 148 63 73 101 108 84 93 186 144 104 80 188 156 132 227 121 92 159 86 260 207 103 173 199 88 139 155 134 111 137 124 97 94 147 142 125 118 194 306 251 117 352 339 175 150 196 119 2 172 248 128 170 185 160 192 231 206 200 161 166 246 213 131 122 294 126 127 212 191 135 187 205 237 141 153 6 202 171 220 163 318 282 285 249 162 265 209 258 174 149 471 151 235 154 226 74 225 169 210 184 198 261 216 292 183 270 165 247 179 201 189 204 241 178 322 302 328 353 218 252 288 219 211 268 195 254 208 464 457 421 281 230 221 313 303 236 224 381 244 276 203 273 256 215 19 217 234 245 332 307 280 222 295 250 266 228 312 223 50 26 272 323 298 233 257 364 286 283 336 264 71 238 232 315 331 442 239 498 242 279 243 411 259 453 320 389 324 255 253 373 406 263 290 388 342 360 277 274 301 271 284 269 316 314 12 289 319 278 387 299 291 333 377 344 297 275 430 329 427 300 369 311 9 410 361 287 305 340 334 293 296 394 438 308 355 338 317 379 470 326 412 366 486 327 309 304 310 395 4 390 393 325 348 330 343 354 350 321 362 358 374 345 419 371 349 347 504 114 385 337 407 335 341 368 386 408 36 363 78 346 432 413 420 356 375 370 351 359 146 382 398 440 378 357 425 372 418 396 409 399 367 433 459 365 376 434 455 445 416 400 403 380 405 417 11 136 497 449 383 401 423 473 384 392 435 64 452 3 540 474 391 424 429 397 402 495 404 68 27 492 414 478 437 436 22 431 58 415 54 467 15 461 447 422 466 468 454 480 428 444 439 426 460 90 483 500 129 487 494 443 485 456 481 512 441 446 72 450 448 475 469 62 100 16 451 53 112 70 503 489 109 79 513 458 40 42 484 514 463 462 13 37 465 515 85 476 20 91 14 472 51 511 18 507 526 509 477 499 479 24 482 496 521 75 138 490 491 488 502 17 493 29 527 510 113 505 508 522 34 87 506 516 501 33 21 140 525 25 10 164 520 528 519 518 529 517 535 531 56 530 28 168 523 81 538 524 39 533 532 35 536 32 23 7 41 534 1 52 537 30 539 77 
403
2 236 52 208 91 121 111 3 391 14 210 335 245 290 93 166 177 122 209 289 311 7 216 365 175 73 153 281 31 249 294 66 79 22 140 346 145 183 317 299 170 339 374 20 315 230 94 48 343 50 58 126 212 54 379 89 220 232 295 81 305 49 397 371 325 323 261 272 345 70 233 18 207 74 75 224 357 10 39 159 99 314 296 336 373 205 302 88 151 27 273 154 372 398 380 329 324 196 297 1 303 192 309 283 61 178 107 68 359 110 213 69 226 231 40 62 351 118 238 360 57 244 246 106 125 333 332 256 258 344 262 282 193 375 135 320 150 201 278 266 53 83 301 161 276 32 243 349 312 12 253 38 306 42 310 225 221 255 33 160 182 162 326 363 119 267 167 168 92 60 163 240 197 356 340 176 51 55 28 180 181 252 366 112 403 146 139 188 378 47 191 172 217 190 348 392 394 116 199 313 402 113 109 65 401 84 369 211 237 194 71 229 102 30 257 23 242 34 386 64 104 184 13 384 219 259 141 124 268 149 293 105 165 134 400 101 286 300 179 352 129 222 381 234 9 269 275 215 254 72 361 46 130 4 195 347 82 395 350 385 108 337 78 206 128 227 11 132 235 247 353 200 156 307 29 87 76 368 304 148 203 322 24 17 123 37 248 117 21 287 364 377 59 173 44 202 250 90 198 319 298 387 157 6 171 95 318 100 354 308 328 158 228 274 370 63 223 142 321 358 77 56 144 327 96 115 251 388 35 260 152 396 291 342 382 136 389 67 86 186 367 137 187 8 5 174 330 131 331 25 399 41 279 26 393 239 341 16 43 169 316 390 185 218 355 271 189 284 285 127 277 114 263 280 103 36 376 45 241 338 80 264 214 98 19 15 97 334 292 147 120 155 143 362 85 164 265 133 204 383 270 288 138 
597
1 290 543 339 276 196 528 87 477 66 465 82 580 552 553 209 576 285 384 525 470 319 502 76 427 203 185 30 312 309 36 546 182 391 186 201 407 589 478 500 304 265 78 298 398 315 325 237 511 405 32 180 34 430 216 85 532 473 95 562 118 205 370 146 322 54 425 493 451 184 514 226 526 365 452 50 442 252 51 247 522 504 83 200 14 460 29 450 231 516 471 110 39 190 437 466 8 177 481 334 152 12 40 284 454 291 406 485 340 253 49 286 462 106 441 16 228 59 68 246 423 458 570 64 584 267 127 585 70 366 554 245 55 387 60 399 137 192 139 586 354 273 266 400 249 448 424 116 20 515 194 551 28 121 548 332 157 404 588 484 208 23 163 453 132 518 72 220 125 232 297 43 173 314 590 33 58 81 206 178 181 371 326 105 169 414 308 469 9 476 560 360 488 434 248 408 96 342 356 329 94 101 175 117 254 103 542 138 361 140 211 53 71 455 306 324 295 109 519 475 91 492 223 358 92 464 227 129 229 243 527 3 233 535 432 596 394 486 239 341 241 238 296 170 555 13 19 505 520 44 251 153 438 57 250 335 257 147 417 380 142 104 263 212 207 327 89 564 269 255 271 154 435 506 330 301 277 416 376 111 281 214 283 93 45 403 436 345 287 278 429 73 293 145 133 578 143 149 392 135 572 151 15 176 261 382 307 390 84 65 311 320 313 418 333 259 317 447 513 294 402 114 372 274 292 120 574 22 47 144 331 280 299 167 67 282 337 346 5 355 119 566 385 393 48 428 347 343 349 161 490 575 353 549 165 510 316 179 359 218 148 494 352 498 25 501 367 63 456 164 242 270 373 517 35 158 396 531 379 275 474 191 383 174 445 368 508 582 389 256 495 318 98 197 79 159 397 538 472 480 401 338 512 210 459 321 123 289 409 7 483 100 556 377 155 80 162 244 419 77 421 56 279 128 369 446 61 107 533 378 431 489 433 351 420 534 230 363 439 348 497 539 443 328 440 350 130 362 449 444 415 113 558 422 52 482 457 410 221 524 461 62 463 272 168 386 467 183 537 171 412 141 381 545 323 188 595 90 479 530 6 102 529 536 97 122 487 594 222 156 491 364 10 21 24 235 202 540 499 75 225 388 503 124 411 46 426 195 509 204 310 592 507 550 468 565 224 264 591 166 521 112 523 131 413 344 172 395 26 561 219 150 41 258 136 375 4 86 567 240 541 302 260 357 99 38 547 597 108 11 198 69 215 2 37 42 557 234 262 115 17 568 563 268 134 300 88 217 569 583 571 213 27 236 559 288 577 496 193 160 189 18 305 303 581 74 587 336 31 579 573 544 593 187 126 374 199 
462
1 2 3 4 5 6 7 8 9 10 11 12 13 14 15 16 17 18 19 20 21 22 23 24 25 26 27 28 29 30 31 32 33 34 35 36 37 38 39 40 41 42 43 44 45 46 47 48 49 50 51 52 53 54 55 56 57 58 59 60 61 62 63 64 65 66 67 68 69 70 71 72 73 74 75 76 77 78 79 80 81 82 83 84 85 86 87 88 89 90 91 92 93 94 95 96 97 98 99 100 101 102 103 104 105 106 107 108 109 110 111 112 113 114 115 116 117 118 119 120 121 122 123 124 125 126 127 128 129 130 131 132 133 134 135 136 137 138 139 140 141 142 143 144 145 146 147 148 149 150 151 152 153 154 155 156 157 158 159 160 161 162 163 164 165 166 167 168 169 170 171 172 173 174 175 176 177 178 179 180 181 182 183 184 185 186 187 188 189 190 191 192 193 194 195 196 197 198 199 200 201 202 203 204 205 206 207 208 209 210 211 212 213 214 215 216 217 218 219 220 221 222 223 224 225 226 227 228 229 230 231 232 233 234 235 236 237 238 239 240 241 242 243 244 245 246 247 248 249 250 251 252 253 254 255 256 257 258 259 260 261 262 263 264 265 266 267 268 269 270 271 272 273 274 275 276 277 278 279 280 281 282 283 284 285 286 287 288 289 290 291 292 293 294 295 296 297 298 299 300 301 302 303 304 305 306 307 308 309 310 311 312 313 314 315 316 317 318 319 320 321 322 323 324 325 326 327 328 329 330 331 332 333 334 335 336 337 338 339 340 341 342 343 344 345 346 347 348 349 350 351 352 353 354 355 356 357 358 359 360 361 362 363 364 365 366 367 368 369 370 371 372 373 374 375 376 377 378 379 380 381 382 383 384 385 386 387 388 389 390 391 392 393 394 395 396 397 398 399 400 401 402 403 404 405 406 407 408 409 410 411 412 413 414 415 416 417 418 419 420 421 422 423 424 425 426 427 428 429 430 431 432 433 434 435 436 437 438 439 440 441 442 443 444 445 446 447 448 449 450 451 452 453 454 455 456 457 458 459 460 461 462 
538
40 518 336 104 70 390 235 192 71 170 538 427 301 238 163 483 317 417 2 180 168 77 65 27 475 182 255 319 261 270 80 448 363 393 490 121 511 456 351 480 41 84 383 440 405 120 470 48 272 200 357 520 106 378 495 74 415 320 31 86 8 85 387 256 416 249 469 432 135 280 46 216 63 222 414 503 195 468 496 491 64 61 263 308 150 430 353 134 82 90 341 44 395 399 34 288 485 384 531 391 136 316 206 409 81 318 386 489 212 422 333 419 142 342 11 348 117 305 457 113 215 122 458 428 250 252 21 512 23 509 131 365 337 186 146 178 274 160 278 420 127 360 461 124 284 533 112 36 298 264 151 201 459 154 381 329 67 474 159 481 161 411 323 29 406 265 43 110 338 330 171 175 173 174 350 528 354 356 510 181 93 253 366 372 285 443 374 421 184 438 471 473 240 194 375 66 334 508 398 400 454 114 203 482 62 412 153 101 418 210 211 507 213 214 78 266 434 446 429 89 484 444 223 224 450 513 407 289 229 460 529 464 69 126 144 230 237 476 190 525 524 304 166 244 140 492 28 248 498 322 479 445 234 251 79 312 437 258 259 500 233 4 340 239 208 532 370 536 198 388 413 218 20 502 269 32 56 196 347 232 50 207 158 488 321 506 293 449 455 47 14 465 271 15 55 385 204 279 377 125 60 530 277 453 521 217 109 463 339 313 51 45 441 199 291 262 442 30 302 138 228 367 294 202 404 535 33 95 392 24 275 346 38 380 187 6 10 349 37 505 343 426 527 88 355 91 296 5 143 306 359 152 183 247 128 494 209 157 49 102 523 107 13 309 345 373 18 241 220 300 179 352 331 408 16 17 205 371 517 287 94 452 433 53 290 303 191 52 332 286 42 273 236 369 402 424 97 57 105 7 314 39 147 139 487 188 514 376 172 133 292 486 103 257 310 361 1 219 118 221 537 477 299 68 466 435 243 382 145 324 260 276 26 99 25 326 141 72 193 534 344 9 176 119 295 116 423 425 389 328 83 501 242 167 451 115 98 59 12 368 177 515 76 401 267 358 162 282 226 19 397 111 519 478 54 231 137 436 58 100 130 75 197 516 526 3 472 169 73 189 281 87 504 325 493 185 123 165 403 96 467 164 129 92 283 108 431 362 311 268 396 307 499 149 462 497 148 327 379 227 522 335 156 225 447 315 254 246 132 297 35 245 22 410 364 439 394 155 
