0
1628 1762
1 525 
4 265 1337 1492 1552 
2 1264 1389 
1 141 
4 50 297 1147 1543 
2 852 1497 
1 383 
4 993 1319 1323 1611 
4 469 585 951 1633 
1 1462 
2 452 570 
9 80 367 618 630 690 745 1313 1381 1459 
6 260 366 479 686 1305 1762 
8 783 828 850 861 1097 1136 1312 1715 
0
0
0
6 86 205 251 593 698 1074 
4 1192 1321 1535 1686 
0
5 866 880 921 1053 1737 
2 1435 1552 
2 229 1290 
7 311 678 849 996 1182 1393 1509 
2 1313 1492 
4 1188 1420 1510 1659 
2 81 376 
0
0
7 424 474 477 771 793 880 1020 
2 355 1459 
5 88 479 1343 1414 1625 
1 1044 
4 737 1283 1618 1673 
2 1262 1649 
1 774 
1 1349 
6 188 989 1401 1470 1695 1705 
2 340 588 
0
1 204 
2 663 681 
2 838 1538 
4 227 414 796 1718 
4 425 1295 1621 1666 
0
1 1668 
1 1010 
0
2 539 1028 
1 48 
1 724 
1 767 
4 692 812 964 970 
1 183 
2 915 1429 
3 14 534 920 
6 723 1132 1376 1547 1620 1639 
2 829 1070 
3 404 1221 1610 
0
2 974 1629 
4 480 507 1167 1183 
1 845 
6 240 775 1191 1258 1465 1598 
2 1374 1614 
2 166 1690 
0
0
3 93 357 777 
1 484 
5 550 667 1199 1424 1737 
4 121 331 606 614 
2 405 1654 
17 198 370 383 597 613 705 706 818 920 926 1073 1192 1194 1301 1363 1511 1596 
3 169 1544 1587 
1 1514 
4 3 421 753 1688 
6 87 408 427 722 1417 1619 
1 1011 
2 1299 1517 
1 907 
5 862 1156 1268 1625 1644 
5 137 377 426 576 1639 
7 96 351 1010 1533 1583 1741 1746 
7 92 143 989 1109 1218 1483 1598 
4 529 1178 1394 1543 
10 121 199 530 531 639 1022 1501 1622 1693 1711 
2 964 987 
5 591 685 867 1460 1467 
1 1455 
12 576 756 767 946 1094 1101 1334 1416 1536 1573 1688 1737 
2 366 1145 
0
1 1039 
0
2 1359 1677 
0
1 639 
2 1124 1142 
1 245 
2 1200 1723 
4 715 979 1191 1626 
6 213 355 638 1039 1164 1536 
4 415 425 456 1321 
2 554 1039 
2 1207 1312 
3 918 1347 1705 
2 732 1238 
5 57 174 788 883 931 
2 568 1583 
2 617 939 
8 27 208 363 445 610 697 812 1252 
1 358 
1 448 
2 398 523 
0
6 632 703 951 1240 1477 1690 
3 605 1389 1502 
2 41 1496 
2 476 987 
3 331 679 1530 
6 543 853 1264 1372 1401 1479 
2 19 1040 
0
10 19 41 489 609 718 729 840 852 855 934 
0
1 1689 
2 486 1509 
0
5 161 536 946 1276 1658 
1 1392 
1 1204 
4 134 728 1342 1408 
1 1542 
1 653 
3 179 477 1654 
0
2 931 1361 
2 15 1138 
0
1 1508 
6 27 574 661 1234 1249 1554 
1 1489 
1 1740 
3 578 1666 1705 
2 144 765 
1 1357 
9 839 1017 1040 1144 1286 1355 1418 1620 1726 
0
3 844 1073 1601 
1 25 
1 291 
2 713 1601 
3 75 433 1746 
1 213 
4 232 828 1392 1551 
5 155 217 632 961 1509 
3 297 377 921 
4 327 644 1060 1450 
0
3 120 623 629 
5 146 832 1237 1299 1596 
8 52 546 796 863 968 1378 1564 1758 
1 810 
1 164 
5 234 766 935 1373 1631 
2 660 744 
13 75 136 453 489 521 645 792 1197 1224 1288 1500 1634 1715 
5 192 412 1253 1300 1304 
4 306 388 681 1244 
2 337 1428 
0
0
1 1175 
1 965 
0
11 85 89 241 467 581 637 714 867 1573 1612 1664 
1 1487 
4 49 661 1144 1198 
4 367 1025 1076 1138 
1 404 
3 167 725 784 
3 620 1391 1515 
1 127 
2 221 643 
3 1146 1589 1731 
5 173 267 546 708 789 
1 1131 
2 462 1389 
4 25 316 1357 1560 
2 222 460 
1 1177 
0
5 347 769 891 1035 1464 
5 58 107 321 1256 1341 
0
4 191 250 323 1177 
0
2 822 958 
0
8 476 824 1171 1392 1396 1488 1605 1731 
2 536 931 
1 127 
7 30 421 828 1066 1102 1224 1514 
4 483 757 784 1022 
0
14 81 409 596 608 728 817 820 894 943 1172 1405 1432 1664 1725 
0
3 124 400 854 
2 1204 1320 
2 867 1005 
0
0
1 335 
1 1219 
1 751 
0
6 71 593 848 1346 1547 1573 
10 23 162 175 400 669 1040 1205 1423 1463 1486 
0
2 960 1214 
4 545 675 1011 1688 
3 714 1115 1117 
3 66 404 603 
0
0
2 609 882 
1 20 
0
1 706 
3 400 753 1302 
3 386 439 1343 
2 868 1468 
2 1151 1433 
3 300 828 1689 
1 584 
0
3 526 673 1446 
1 139 
3 95 130 892 
0
3 445 1027 1398 
1 1022 
2 1189 1354 
3 70 96 927 
3 294 1055 1185 
10 69 148 386 636 913 1353 1450 1634 1640 1714 
1 5 
1 555 
3 141 710 878 
0
3 241 1026 1246 
1 1259 
1 1331 
4 181 1070 1321 1517 
3 737 749 815 
0
7 159 254 542 568 815 971 1187 
1 1342 
10 219 398 564 673 1027 1211 1236 1317 1446 1609 
4 405 573 938 1270 
3 102 515 781 
3 662 818 864 
2 345 1035 
2 402 1328 
6 83 369 806 1001 1338 1411 
4 24 500 903 1232 
2 692 1305 
1 1737 
10 97 132 203 241 502 564 624 740 1458 1640 
11 82 579 851 891 1065 1135 1462 1516 1572 1658 1694 
1 769 
1 264 
3 447 799 1270 
0
0
1 1694 
2 1554 1589 
1 1055 
7 178 266 690 1069 1221 1237 1339 
10 66 220 478 658 698 722 1008 1247 1322 1713 
6 557 574 988 1105 1191 1733 
2 1 651 
1 1373 
1 1559 
0
4 149 391 844 1350 
0
0
1 774 
2 68 1337 
5 648 910 1087 1338 1395 
2 564 1267 
0
4 21 715 1392 1611 
2 404 1241 
1 358 
7 196 427 437 628 750 819 1406 
1 444 
8 624 940 995 1200 1209 1664 1708 1729 
3 414 1564 1575 
3 479 520 1178 
5 372 1113 1160 1219 1717 
3 379 727 1429 
4 613 1127 1312 1661 
2 632 1741 
0
6 404 787 856 1224 1475 1736 
0
5 220 337 680 748 840 
0
7 8 153 349 626 778 1260 1415 
6 160 377 856 1039 1294 1455 
3 82 1158 1424 
6 199 990 1043 1072 1222 1387 
3 326 442 801 
0
7 675 720 970 1015 1326 1570 1708 
1 823 
3 12 246 1541 
3 279 826 1116 
2 355 1737 
2 542 1632 
5 1008 1136 1308 1450 1628 
9 3 298 549 714 888 922 935 1466 1757 
4 18 124 222 1693 
6 415 553 554 648 886 935 
1 222 
2 444 1070 
2 342 1281 
1 1737 
1 921 
3 42 779 980 
5 381 512 528 1275 1436 
0
3 600 1381 1542 
2 284 1365 
2 606 869 
2 101 358 
5 26 175 302 681 1366 
1 1113 
2 214 1520 
1 1365 
2 489 1212 
3 111 185 437 
1 900 
1 262 
6 1 270 530 581 1258 1409 
5 176 748 864 890 1207 
7 430 697 923 967 1067 1099 1599 
1 311 
6 200 255 1037 1223 1311 1686 
3 862 1287 1454 
8 35 266 437 524 878 1046 1065 1751 
1 1647 
4 194 713 828 1663 
3 465 499 823 
2 442 990 
2 1363 1518 
3 82 907 1436 
1 289 
4 231 825 1170 1602 
1 1194 
7 420 497 824 1072 1309 1331 1455 
0
4 34 385 1706 1741 
3 158 656 711 
4 465 878 1424 1614 
2 444 1733 
7 328 331 551 938 1009 1436 1479 
0
2 415 1233 
3 163 768 873 
1 616 
4 348 400 631 1424 
4 51 489 562 1454 
12 21 216 272 480 571 647 653 737 784 857 1428 1434 
2 746 959 
1 1464 
0
1 1403 
6 187 606 713 802 1316 1603 
1 1183 
0
1 1011 
2 944 1183 
4 137 259 435 800 
1 308 
0
5 252 347 653 1031 1246 
8 135 170 236 263 461 861 985 1023 
1 776 
1 828 
7 20 174 372 804 1398 1503 1571 
1 192 
4 81 487 968 973 
8 176 182 934 1169 1333 1390 1536 1691 
1 310 
4 211 464 1061 1229 
3 899 1316 1473 
4 641 834 1504 1589 
8 34 168 305 626 635 1131 1183 1570 
3 702 1221 1258 
2 494 1744 
7 161 436 537 704 1318 1429 1721 
4 39 661 937 1050 
2 87 635 
11 320 392 786 823 912 1076 1090 1368 1650 1662 1713 
1 1222 
0
1 1685 
0
6 125 150 658 772 1710 1729 
0
2 1015 1268 
0
1 1532 
3 1096 1551 1733 
1 141 
1 622 
0
0
0
1 1541 
6 64 609 615 1114 1459 1746 
2 241 1584 
2 1014 1449 
2 705 1218 
3 875 884 932 
2 567 1039 
3 244 305 999 
10 207 378 448 761 862 951 973 1029 1302 1501 
2 333 1469 
1 1339 
3 268 415 603 
8 904 1064 1104 1288 1294 1300 1383 1508 
1 1082 
7 55 493 1136 1277 1542 1675 1696 
3 319 1160 1529 
1 504 
0
2 1504 1526 
2 690 855 
10 45 233 324 545 1204 1224 1313 1463 1482 1629 
1 66 
2 603 981 
2 72 1118 
2 1422 1619 
3 283 1203 1248 
3 417 440 1271 
0
4 243 744 769 1682 
1 347 
2 712 1209 
0
6 119 481 550 675 1145 1518 
4 31 360 498 529 
1 246 
2 458 1094 
2 210 958 
0
2 441 1429 
2 213 1634 
1 1360 
6 380 660 1123 1186 1539 1570 
4 175 956 1164 1276 
2 391 537 
3 131 262 1099 
6 209 525 643 1102 1309 1323 
0
0
0
0
3 72 939 1127 
2 274 1368 
1 1264 
1 126 
1 868 
0
0
1 401 
10 86 179 293 400 611 647 734 1236 1476 1751 
3 356 1179 1512 
5 138 238 347 1614 1724 
4 5 11 527 1630 
2 456 611 
1 1756 
4 198 335 336 575 
3 97 764 838 
4 917 1066 1099 1202 
15 293 337 431 465 497 691 931 1035 1227 1291 1412 1524 1689 1692 1723 
0
8 240 252 450 531 1095 1251 1429 1526 
1 1462 
0
3 674 1268 1733 
2 902 1667 
1 1351 
2 486 1342 
1 639 
2 274 1035 
2 154 1181 
4 145 250 1274 1415 
4 748 1152 1298 1714 
4 504 635 1226 1506 
0
1 337 
3 140 432 890 
0
0
4 861 1350 1424 1427 
7 763 859 885 1069 1200 1429 1620 
4 429 518 849 1075 
0
5 37 313 736 798 894 
3 549 1607 1757 
2 692 716 
5 540 674 972 1176 1393 
8 7 18 133 471 1005 1355 1666 1682 
4 51 534 863 1212 
6 37 263 1033 1609 1674 1703 
0
1 1512 
1 1307 
8 234 320 784 841 879 901 1342 1374 
2 751 1738 
6 193 451 626 764 1533 1721 
7 886 917 1238 1292 1316 1407 1553 
7 3 395 474 1025 1094 1168 1721 
1 1589 
0
2 727 951 
5 675 1055 1168 1364 1533 
6 116 745 883 944 1137 1466 
3 668 728 853 
2 399 877 
8 59 177 627 765 1174 1556 1655 1693 
8 13 418 618 973 1186 1294 1503 1637 
7 130 154 923 1065 1311 1471 1508 
4 34 603 1232 1236 
0
6 27 101 386 760 1595 1615 
1 1700 
0
2 1 1558 
5 549 892 893 1083 1254 
1 863 
5 576 969 1316 1346 1458 
1 139 
2 738 1272 
1 120 
2 801 1460 
8 8 567 649 1019 1036 1117 1280 1466 
3 701 1389 1554 
3 104 581 1203 
3 465 835 973 
2 991 1521 
4 55 570 654 994 
1 1177 
0
1 951 
0
1 1247 
14 163 164 318 371 393 416 521 535 552 1296 1420 1656 1723 1758 
1 1461 
1 13 
5 659 936 1172 1211 1613 
6 392 541 572 1085 1487 1506 
0
5 628 1119 1122 1128 1522 
0
1 191 
2 756 781 
1 742 
4 49 254 750 1287 
2 27 1057 
9 5 61 120 207 240 564 1083 1487 1667 
1 745 
3 293 1391 1549 
2 168 378 
5 86 288 353 683 730 
0
1 1344 
10 151 161 251 288 339 442 614 1285 1319 1569 
11 62 118 155 259 517 578 706 836 908 995 1152 
2 1199 1668 
0
1 705 
1 662 
1 1530 
3 427 1307 1532 
5 142 243 381 924 1301 
1 1634 
12 446 463 541 626 643 704 710 849 1240 1282 1351 1701 
0
3 211 1442 1702 
1 950 
6 166 269 375 915 1133 1479 
4 63 695 994 1572 
1 180 
1 1694 
0
1 532 
1 157 
3 154 366 476 
1 1441 
1 772 
6 349 633 829 1028 1122 1221 
5 242 1017 1166 1380 1449 
2 27 864 
9 340 686 749 831 1157 1331 1386 1388 1750 
14 74 249 263 602 771 886 896 1064 1162 1310 1314 1438 1632 1655 
1 950 
1 628 
4 134 1134 1217 1558 
2 460 1355 
2 264 1199 
0
1 1114 
3 573 927 1344 
0
0
4 493 522 792 1019 
19 83 188 235 244 248 319 341 386 496 549 577 810 1013 1039 1189 1196 1200 1417 1428 
1 1183 
2 302 668 
3 19 608 875 
4 105 321 785 841 
3 666 721 1213 
6 251 358 421 948 983 1091 
2 1249 1549 
4 225 718 1193 1602 
1 96 
2 228 1441 
2 1094 1128 
2 372 609 
3 408 1272 1641 
0
3 300 352 1202 
0
2 572 789 
1 691 
1 1025 
2 314 456 
1 1515 
1 461 
11 202 213 563 609 731 884 914 1438 1459 1638 1759 
3 366 688 867 
0
1 85 
1 1540 
9 196 300 322 466 924 1271 1644 1740 1749 
0
1 1036 
3 972 1020 1324 
4 18 400 863 1608 
3 1255 1513 1656 
2 900 1039 
6 200 223 335 957 1254 1380 
1 453 
0
5 268 307 360 849 1676 
2 1008 1409 
1 1031 
9 11 36 170 266 490 779 872 1285 1522 
3 14 449 948 
5 856 957 1020 1146 1425 
6 292 780 996 1032 1224 1251 
0
1 332 
0
0
4 58 849 901 1001 
3 92 1171 1756 
1 1268 
5 281 485 738 935 1344 
1 614 
4 47 812 1377 1394 
0
3 53 241 525 
2 239 1581 
4 319 525 763 1432 
1 818 
4 573 1257 1393 1512 
4 310 1356 1373 1494 
1 987 
4 350 785 849 1738 
2 82 412 
7 199 245 284 300 462 886 1369 
5 242 460 968 1023 1516 
3 146 236 1375 
4 233 479 822 1012 
3 216 449 1620 
0
5 52 249 388 657 1743 
0
4 134 544 1490 1727 
0
0
2 1098 1490 
6 445 1019 1035 1204 1273 1535 
3 859 1450 1545 
1 1092 
3 281 437 1002 
2 718 1392 
1 1324 
0
14 9 269 275 354 499 761 841 995 1244 1315 1332 1512 1609 1636 
2 448 978 
3 473 752 1588 
2 917 1399 
8 247 387 522 934 1357 1378 1695 1746 
2 842 995 
3 158 607 948 
1 79 
4 75 129 437 929 
3 1007 1034 1396 
5 466 537 687 1002 1338 
1 1644 
1 1489 
1 177 
0
3 995 1290 1295 
0
3 371 671 1578 
0
4 973 1141 1250 1598 
1 1572 
8 243 253 285 349 704 1034 1129 1596 
0
2 213 1248 
0
0
3 36 956 1561 
2 746 1612 
6 466 813 970 1198 1407 1636 
3 542 1041 1280 
1 1155 
2 139 1685 
0
2 108 1674 
8 58 146 241 316 729 801 957 1035 
3 160 507 969 
1 999 
4 177 644 867 1050 
5 442 566 1121 1313 1417 
1 1291 
2 768 1559 
2 715 1057 
3 439 1240 1728 
2 1174 1657 
7 108 189 227 1113 1268 1369 1587 
1 1218 
3 290 346 1008 
4 821 852 1515 1618 
3 1135 1140 1640 
4 93 848 1217 1464 
0
3 283 979 1719 
2 187 1736 
2 763 1373 
0
4 257 907 1180 1755 
4 187 308 1131 1152 
4 274 542 632 1375 
14 5 31 142 268 297 369 490 708 921 954 974 1017 1264 1634 
6 26 301 322 854 1159 1427 
0
3 273 857 1512 
1 979 
0
2 139 256 
4 593 1054 1081 1685 
1 547 
4 352 599 1332 1574 
3 122 804 1466 
2 158 725 
6 199 216 289 924 1405 1519 
3 119 354 1476 
5 305 437 894 1098 1133 
1 844 
8 40 284 300 494 519 1138 1225 1665 
1 950 
7 23 460 652 1494 1523 1652 1752 
1 1402 
4 54 381 950 1709 
1 942 
5 504 1262 1578 1592 1743 
0
4 324 793 878 1553 
5 789 792 1352 1421 1719 
1 1545 
1 972 
2 301 1627 
1 956 
3 175 439 497 
0
2 492 888 
1 1236 
1 574 
4 336 527 1482 1691 
3 110 149 248 
3 936 1492 1663 
1 158 
1 443 
1 736 
1 1635 
3 1360 1480 1655 
0
6 523 942 1193 1419 1502 1707 
3 88 284 1301 
1 848 
5 25 1168 1360 1377 1611 
6 101 343 991 1058 1166 1239 
8 81 238 814 1065 1161 1166 1255 1616 
2 1602 1661 
3 258 377 1212 
0
0
2 81 302 
9 396 446 532 637 716 894 1000 1057 1428 
8 122 436 797 805 863 873 1397 1501 
2 639 1488 
12 129 230 434 535 574 679 734 811 843 1202 1543 1733 
2 545 1556 
1 1032 
0
7 123 228 269 520 1292 1547 1606 
3 43 1300 1621 
1 961 
3 333 550 1657 
4 477 1036 1075 1445 
5 78 253 338 364 831 
3 641 657 1275 
3 238 595 1499 
5 644 821 992 1256 1738 
3 256 744 930 
2 696 1665 
3 515 562 783 
0
1 52 
4 218 788 1181 1345 
12 35 76 349 374 443 580 835 1060 1106 1120 1182 1358 
11 183 187 219 270 280 299 720 724 928 961 1296 
2 100 964 
1 1642 
1 556 
1 1437 
0
0
3 465 550 1650 
2 564 1420 
1 778 
5 450 832 887 1039 1741 
2 938 1497 
3 976 1218 1503 
0
1 1471 
5 169 293 1126 1539 1592 
1 394 
4 366 381 1388 1513 
9 92 139 186 198 1001 1286 1364 1566 1632 
6 261 703 854 1333 1409 1622 
0
3 676 888 1424 
8 190 295 393 656 1217 1224 1264 1351 
7 458 538 835 1294 1603 1654 1747 
4 553 1020 1526 1673 
1 477 
1 947 
1 707 
1 1416 
8 112 256 483 654 761 816 974 1350 
0
1 567 
1 893 
1 856 
1 1443 
1 579 
6 105 312 843 932 1323 1565 
0
1 1300 
0
3 362 1122 1447 
9 221 719 977 994 1020 1145 1350 1622 1760 
0
1 1474 
1 1438 
1 830 
0
14 74 230 250 496 520 656 704 822 936 1051 1151 1344 1431 1442 
4 22 219 1054 1408 
4 331 548 1048 1260 
3 181 566 1307 
0
2 1005 1544 
4 109 304 1440 1553 
2 853 1746 
5 298 424 981 1576 1703 
2 1264 1275 
2 70 847 
2 1080 1451 
8 343 746 883 1307 1414 1546 1605 1676 
3 535 1066 1303 
6 41 61 80 913 1388 1716 
1 1404 
0
10 220 389 519 974 990 1057 1245 1366 1373 1599 
4 551 628 786 893 
2 1241 1403 
9 50 277 284 559 788 1101 1538 1584 1743 
5 672 976 1230 1461 1511 
1 684 
1 31 
6 233 366 409 846 1179 1631 
3 216 232 420 
3 1019 1121 1655 
0
2 1325 1732 
1 660 
0
9 43 72 892 1166 1301 1390 1499 1559 1570 
4 893 973 1435 1636 
12 248 321 340 447 628 714 1150 1280 1441 1508 1596 1658 
1 1230 
4 152 358 1226 1388 
1 1435 
7 116 372 703 735 915 1214 1576 
3 505 706 1279 
1 438 
1 924 
1 572 
0
5 335 669 1018 1079 1556 
7 200 440 1019 1072 1120 1341 1622 
5 51 513 706 1083 1364 
2 504 637 
4 72 552 1066 1283 
0
1 990 
3 13 30 1107 
2 13 612 
4 244 1102 1128 1337 
6 44 277 441 781 807 1717 
3 413 661 1254 
0
6 151 465 599 660 851 1749 
0
7 373 489 793 1343 1431 1434 1474 
10 232 521 582 1110 1163 1250 1427 1596 1683 1760 
7 186 594 675 687 1047 1147 1518 
2 506 1678 
2 703 1014 
2 447 1653 
2 290 1523 
2 296 335 
2 436 1358 
5 363 665 1030 1222 1558 
6 33 173 268 524 622 1341 
4 208 532 1309 1490 
8 59 288 468 576 712 790 1113 1292 
3 550 1300 1344 
3 88 286 426 
1 10 
5 206 396 516 990 1265 
2 478 982 
0
0
1 396 
0
1 1053 
4 311 978 1179 1468 
0
5 284 484 731 1511 1647 
1 590 
15 21 264 312 428 455 683 712 797 836 938 1234 1259 1381 1458 1657 
3 1180 1326 1736 
7 643 719 1182 1189 1218 1395 1562 
0
4 1162 1194 1347 1560 
1 315 
5 20 703 1105 1264 1715 
3 577 934 1568 
3 279 721 824 
4 112 322 1390 1412 
0
1 620 
2 260 1513 
3 206 756 1605 
3 360 1111 1139 
0
1 1637 
2 192 1108 
2 641 879 
5 641 660 868 1016 1249 
19 59 205 226 505 590 594 707 721 757 780 888 896 914 952 984 1001 1653 1713 1746 
0
2 217 1452 
1 1688 
2 67 1459 
2 509 1451 
4 287 979 1626 1677 
1 681 
6 56 94 183 697 1026 1379 
8 308 431 531 651 1132 1373 1592 1627 
1 422 
5 308 375 447 1322 1402 
1 590 
2 712 839 
1 616 
9 54 119 411 691 711 850 858 1369 1469 
4 98 291 1283 1665 
12 339 340 341 475 537 655 948 1300 1367 1527 1538 1682 
2 17 686 
1 1703 
6 105 320 349 716 1468 1645 
2 332 644 
5 140 447 1293 1392 1490 
3 212 1299 1366 
2 313 831 
0
0
1 668 
4 457 1307 1667 1757 
3 70 738 910 
0
7 27 246 838 860 1052 1251 1354 
12 252 587 632 826 901 1041 1071 1113 1395 1401 1433 1708 
1 1495 
0
2 211 584 
3 252 1351 1355 
0
2 637 1680 
2 1081 1375 
0
0
4 6 140 1251 1557 
2 161 237 
0
2 365 765 
0
5 97 303 562 1073 1717 
1 1193 
4 334 814 1144 1305 
3 551 1640 1746 
1 1384 
5 579 1177 1327 1441 1568 
2 1005 1439 
3 679 1144 1180 
1 80 
1 746 
2 271 1710 
3 266 818 1276 
7 215 455 511 574 671 1123 1449 
0
1 425 
2 488 1017 
1 109 
0
11 2 23 254 527 582 841 995 1033 1272 1389 1415 
1 1454 
4 1114 1266 1492 1615 
1 1111 
5 171 280 455 1016 1118 
1 1314 
0
10 247 325 568 680 767 804 984 1396 1597 1759 
2 613 745 
3 540 755 810 
2 1 1741 
6 240 284 1297 1345 1626 1758 
1 418 
10 51 91 220 382 480 902 1331 1440 1643 1742 
1 1031 
1 579 
1 1614 
11 209 463 586 880 1143 1309 1429 1448 1585 1627 1752 
3 71 296 1693 
5 70 208 836 1424 1606 
2 908 1288 
3 43 846 1758 
3 319 1351 1355 
1 280 
5 662 1116 1346 1357 1371 
4 894 1391 1392 1597 
1 1595 
6 280 457 845 1044 1101 1423 
2 28 531 
1 1539 
1 404 
3 938 1490 1699 
1 636 
0
6 739 871 1029 1335 1408 1463 
1 591 
1 1419 
3 149 1043 1601 
3 218 904 1673 
4 460 1217 1434 1546 
2 37 1636 
3 617 1360 1491 
4 814 1199 1275 1714 
8 264 339 441 591 1062 1276 1529 1687 
2 635 1166 
0
4 105 128 1144 1671 
0
0
6 47 213 604 627 886 1370 
1 1161 
1 268 
0
5 129 369 782 841 1246 
4 645 1186 1229 1319 
9 257 349 454 854 856 895 933 980 1522 
1 634 
1 701 
1 1322 
0
1 19 
5 684 1288 1550 1562 1619 
6 101 157 270 767 991 1326 
1 511 
0
1 1679 
4 333 443 1501 1622 
3 1048 1254 1429 
1 495 
1 1590 
0
1 635 
3 52 1545 1673 
1 856 
2 695 1161 
12 64 73 338 372 390 553 591 825 882 1005 1053 1216 
3 286 724 1398 
1 1068 
4 437 706 1077 1418 
1 987 
3 790 1392 1747 
7 222 317 468 678 848 1135 1643 
4 269 1179 1554 1666 
3 181 418 1245 
2 873 1741 
1 588 
2 285 1347 
6 63 338 399 501 1055 1315 
1 900 
3 738 1475 1494 
2 1547 1661 
2 523 533 
2 802 1527 
1 928 
3 455 1201 1417 
0
0
3 40 478 1385 
1 638 
7 644 996 1040 1044 1197 1615 1721 
1 1738 
2 466 1311 
0
3 1360 1659 1744 
1 970 
2 1244 1672 
1 1285 
0
3 533 1187 1319 
1 702 
0
1 717 
1 1522 
3 49 872 958 
4 262 694 1515 1642 
1 1721 
4 308 380 599 699 
9 112 182 581 657 1187 1219 1373 1392 1561 
0
6 125 342 749 899 1002 1283 
2 531 758 
4 437 687 731 1682 
5 63 431 875 1010 1528 
1 29 
2 842 1367 
1 509 
1 490 
1 249 
2 624 1350 
3 983 1051 1151 
6 92 652 669 997 1066 1341 
2 978 1005 
1 1133 
5 249 725 751 1038 1728 
1 908 
4 220 294 887 1500 
7 728 737 859 891 1071 1232 1719 
2 630 777 
3 609 959 1038 
0
1 947 
3 6 131 366 
0
4 160 259 624 958 
3 858 918 1700 
3 553 792 1059 
5 746 785 796 1228 1420 
6 753 1011 1072 1282 1440 1633 
1 1512 
1 1274 
1 1242 
1 85 
3 203 1031 1691 
0
0
1 137 
12 183 273 347 349 365 597 1034 1098 1273 1280 1569 1607 
2 402 570 
4 58 263 773 1140 
1 232 
1 1439 
1 1548 
6 14 190 585 901 1251 1333 
5 238 428 728 1571 1760 
1 807 
10 184 186 373 389 540 1102 1341 1462 1484 1740 
2 1222 1720 
2 410 1217 
0
5 674 1055 1085 1441 1574 
0
1 1317 
3 216 791 873 
2 72 1364 
8 187 288 953 1058 1101 1324 1347 1631 
2 673 1660 
3 85 773 1748 
1 3 
3 797 913 1319 
1 468 
0
0
3 817 975 1065 
1 426 
2 1157 1318 
1 1420 
7 5 1054 1161 1346 1530 1611 1749 
0
0
1 161 
8 6 453 806 918 1482 1527 1604 1670 
1 143 
0
14 130 230 345 476 584 655 706 841 862 903 958 1245 1515 1636 
3 462 761 1648 
1 214 
1 296 
1 236 
4 77 318 663 737 
5 171 564 583 743 1549 
7 2 354 357 490 1202 1388 1600 
1 20 
3 266 453 880 
0
3 215 303 1149 
3 653 1337 1577 
1 759 
2 150 1270 
1 1391 
1 1115 
4 264 437 1312 1439 
5 91 404 582 742 858 
7 6 342 466 588 939 1105 1693 
5 38 699 770 806 1477 
2 190 1580 
2 142 900 
6 186 228 719 874 1176 1700 
0
3 11 627 976 
0
0
2 5 1601 
2 592 1483 
2 1449 1639 
2 6 129 
4 574 892 1042 1075 
1 1357 
2 304 447 
5 412 946 1026 1282 1356 
2 92 855 
1 1684 
0
4 394 1227 1450 1739 
4 209 1390 1426 1726 
4 145 620 1029 1408 
4 13 164 630 1747 
0
0
2 141 1057 
5 268 775 791 936 1109 
0
3 782 1235 1394 
3 284 1033 1039 
0
1 1125 
1 840 
0
2 856 1219 
0
7 231 582 960 1138 1214 1267 1628 
6 419 781 1230 1235 1383 1506 
1 368 
6 291 324 673 851 871 1683 
6 477 491 800 930 942 1731 
1 1733 
2 1245 1528 
0
1 257 
0
5 263 332 614 1084 1085 
2 24 1738 
6 520 547 962 1066 1683 1759 
5 837 846 1053 1142 1231 
1 951 
1 1022 
1 684 
2 573 675 
4 353 919 1023 1664 
1 769 
3 310 348 702 
7 63 390 1076 1336 1339 1497 1719 
2 747 1203 
8 600 646 664 698 902 1094 1300 1517 
1 1002 
2 843 1579 
2 1486 1568 
1 1368 
2 747 1170 
1 740 
0
7 1048 1062 1076 1488 1498 1541 1557 
1 89 
1 1544 
2 98 155 
0
0
1 225 
3 296 576 683 
4 60 997 1157 1461 
0
9 677 847 980 1055 1057 1437 1475 1546 1630 
8 40 109 145 457 963 1004 1092 1511 
2 87 1453 
1 1545 
0
8 66 123 387 608 701 728 832 1304 
2 272 1026 
4 280 311 541 653 
1 498 
0
8 304 322 688 714 938 1044 1427 1687 
4 217 666 1021 1622 
0
1 431 
8 618 697 718 871 1086 1488 1514 1522 
0
12 116 151 307 381 503 575 851 965 1102 1230 1255 1745 
1 754 
1 1650 
2 334 965 
2 216 504 
3 332 895 1614 
2 903 937 
1 318 
6 23 320 528 912 1389 1762 
5 18 410 892 1051 1588 
3 99 172 1106 
1 992 
3 631 660 1088 
3 473 1207 1379 
3 436 683 1702 
3 1047 1389 1673 
3 544 1219 1274 
0
4 103 337 352 1045 
2 1249 1608 
10 154 345 555 632 660 814 889 1086 1386 1708 
2 252 1022 
4 47 135 588 794 
2 1444 1729 
1 1185 
0
3 8 477 1106 
0
8 23 525 784 1406 1454 1487 1696 1740 
4 1462 1469 1495 1636 
0
2 916 1700 
1 350 
5 195 200 365 611 1348 
3 456 510 573 
2 599 952 
1 429 
1 1642 
0
1 1353 
0
2 630 1592 
0
6 307 317 1313 1401 1464 1627 
1 819 
2 1447 1705 
1 1510 
1 640 
2 536 757 
0
12 99 112 329 698 880 1038 1143 1164 1331 1442 1542 1621 
0
8 294 462 654 664 802 887 1109 1200 
2 959 1118 
1 1302 
0
0
0
3 1266 1373 1644 
2 1581 1605 
3 315 375 1168 
2 615 940 
0
0
3 408 1256 1653 
2 1491 1605 
3 315 820 1048 
3 1092 1179 1642 
1 945 
1 1711 
1 812 
1 1534 
0
2 1006 1310 
0
4 84 301 634 685 
2 813 1421 
0
1 1068 
1 1171 
2 852 1493 
8 50 203 331 400 458 501 752 1202 
1 678 
2 481 594 
1 1387 
0
2 359 1094 
0
0
9 153 255 304 555 1131 1202 1206 1329 1406 
1 9 
5 459 464 571 705 1473 
3 1210 1634 1747 
1 1219 
0
5 203 778 804 1250 1639 
1 1583 
7 19 279 330 765 838 1121 1328 
4 265 855 891 1506 
18 122 240 250 307 388 618 658 817 820 940 1022 1028 1048 1225 1427 1499 1516 1646 
2 389 1525 
1 808 
1 1515 
6 413 605 921 1044 1401 1755 
2 6 1243 
0
1 957 
7 60 172 585 586 893 1412 1668 
2 190 1495 
3 593 653 1430 
15 58 204 320 377 676 982 985 1092 1105 1117 1191 1450 1557 1595 1606 
2 364 1605 
0
13 260 346 458 571 604 654 976 1031 1090 1122 1356 1609 1639 
2 47 158 
1 537 
8 32 151 618 809 1214 1221 1339 1745 
1 1404 
1 1635 
0
5 527 988 1138 1214 1679 
6 81 142 268 410 1266 1681 
20 19 21 78 93 161 229 355 377 518 546 594 599 610 773 968 1108 1444 1493 1602 1665 
1 128 
3 692 1270 1624 
15 250 338 380 384 386 614 652 886 1064 1135 1208 1413 1448 1516 1556 
2 562 576 
4 7 126 1452 1595 
1 340 
0
1 207 
5 610 729 1485 1543 1674 
4 241 509 1023 1415 
10 4 401 450 573 670 1092 1362 1414 1463 1539 
2 1070 1587 
2 602 1639 
1 1078 
2 91 853 
1 575 
1 1197 
2 1236 1400 
14 148 470 602 757 861 878 905 929 966 991 1315 1324 1344 1557 
6 944 1039 1306 1385 1564 1723 
6 18 573 638 863 1109 1556 
3 633 1096 1510 
3 359 412 1136 
2 251 1341 
0
7 82 139 348 403 1146 1336 1666 
3 224 1291 1310 
2 823 1031 
16 126 210 259 449 478 511 544 617 632 642 715 727 839 1051 1493 1587 
3 261 1026 1448 
4 554 818 1013 1106 
3 492 712 721 
2 446 556 
1 36 
5 247 805 830 944 1191 
1 1425 
0
4 499 971 982 1121 
1 1179 
0
2 566 717 
1 1198 
6 151 384 629 687 1214 1586 
1 755 
1 1435 
3 139 1167 1738 
1 529 
0
1 1016 
2 195 1568 
4 208 277 720 1638 
1 717 
1 121 
8 81 333 439 481 589 1050 1293 1572 
4 198 218 909 929 
5 100 345 641 1260 1622 
3 919 1133 1757 
0
3 385 1315 1556 
2 207 1552 
1 223 
1 1520 
1 163 
4 426 507 628 1483 
3 139 358 584 
1 150 
8 38 288 548 744 824 1559 1572 1709 
1 1290 
7 321 476 869 1396 1589 1618 1715 
5 35 342 385 1052 1520 
4 965 1131 1150 1166 
1 1226 
6 208 305 388 407 611 1256 
2 128 783 
11 211 294 457 559 1029 1086 1087 1110 1378 1571 1748 
1 938 
2 90 1579 
1 88 
4 658 687 888 1751 
2 159 1255 
1 324 
2 674 910 
1 293 
5 134 430 879 1248 1484 
8 332 1440 1458 1484 1485 1517 1712 1745 
4 564 1200 1207 1497 
7 268 336 811 839 1090 1562 1591 
7 336 706 932 1080 1208 1481 1762 
10 84 228 409 447 460 545 792 906 1414 1614 
2 876 1633 
4 307 677 726 997 
4 53 552 653 1526 
1 509 
1 1608 
2 352 698 
0
4 570 678 890 993 
0
5 227 306 584 1041 1100 
0
2 1173 1538 
10 246 259 453 481 866 875 965 972 999 1449 
3 525 1355 1649 
4 174 331 827 984 
0
0
2 295 603 
0
4 460 853 1068 1482 
1 396 
1 1392 
0
2 437 1103 
0
9 676 766 957 1043 1103 1381 1397 1594 1755 
0
7 75 207 764 870 924 1029 1658 
0
3 376 692 1452 
0
1 41 
6 21 176 660 805 921 1094 
3 614 690 1732 
1 989 
5 164 544 555 1367 1543 
1 562 
9 33 162 626 644 991 1227 1368 1739 1747 
1 425 
6 246 376 803 949 1310 1668 
5 427 936 1059 1264 1394 
0
11 32 223 315 358 543 645 695 1264 1276 1585 1595 
1 869 
0
2 88 1422 
3 72 133 630 
1 259 
1 1516 
1507
204 410 316
86 113 112
824 1191 912
367 1052 518
845 1001 972
1063 1387 1130
279 1550 874
136 882 600
96 280 201
1551 1553 1552
742 967 746
231 613 241
802 1296 1282
160 1598 275
295 1158 543
224 384 294
362 1278 569
469 768 536
230 1187 463
659 852 699
232 1562 630
78 626 435
916 1141 1123
1246 1486 1315
250 918 252
79 490 469
722 1041 866
539 1443 745
116 885 321
829 1279 1015
912 1193 981
57 1338 1066
329 477 378
1480 1483 1483
340 1192 375
732 795 776
434 1133 828
198 1359 748
1423 1593 1529
538 1536 1227
1358 1516 1409
101 1620 669
804 1247 1066
196 1538 560
866 1015 994
1248 1260 1252
595 917 755
795 1319 1191
240 502 385
449 557 538
104 728 257
636 1240 1045
712 1613 1030
116 412 278
352 410 385
753 1545 1454
1276 1627 1551
524 1205 702
530 767 652
168 1152 969
669 1299 1168
382 1359 774
3 849 262
355 369 358
1452 1593 1521
1209 1240 1239
863 1585 920
952 1293 1137
539 817 708
1210 1272 1216
806 1471 1442
489 641 622
390 1459 1202
339 1095 1059
384 1528 732
441 930 559
701 1030 836
492 714 654
411 1231 816
45 558 389
724 1110 1088
1249 1582 1544
679 758 684
1235 1479 1267
104 650 567
584 832 695
65 810 114
76 939 634
86 1499 642
985 1460 1411
755 841 781
1075 1136 1110
86 1383 250
60 1315 535
817 1468 1246
411 876 537
881 1265 1136
23 1232 457
671 956 888
44 888 667
303 1627 1167
39 301 117
311 1363 674
1247 1339 1266
23 1486 1454
160 1493 1208
1074 1390 1303
89 543 385
155 430 196
10 852 180
648 887 813
349 1544 815
1042 1154 1141
86 720 391
78 1540 596
33 604 98
637 1473 638
110 337 313
1274 1280 1277
1478 1511 1484
147 861 548
647 786 762
487 746 582
720 1444 1074
159 555 479
57 623 153
1069 1456 1119
432 598 565
294 1386 543
506 1494 1055
881 1479 1394
1023 1196 1059
686 1328 987
912 1265 1133
457 892 506
135 1538 1026
56 1266 1125
441 1188 1101
870 1092 1089
877 1598 1517
44 639 74
420 1598 836
262 1592 1253
40 1447 516
707 1077 743
237 576 262
51 738 255
610 1279 792
1041 1118 1085
1161 1339 1286
731 1220 1065
1287 1585 1381
11 159 119
702 1614 814
352 933 863
618 909 775
209 1200 945
1345 1607 1595
555 1219 688
54 1234 323
649 1624 1379
1117 1550 1117
816 1466 820
483 879 801
1223 1440 1395
1124 1159 1124
365 1479 1319
1194 1570 1435
1039 1257 1199
275 1504 1408
338 432 412
1610 1621 1612
304 738 489
903 985 962
665 1545 1399
44 667 498
752 1016 860
731 1516 1149
868 1327 969
1055 1213 1073
439 1510 1229
1169 1487 1183
398 976 556
887 975 930
969 1081 1022
1003 1424 1340
1025 1326 1256
224 1481 1136
64 1522 1133
483 908 581
254 283 263
396 1414 1106
355 1114 598
1013 1198 1099
1170 1326 1229
682 724 695
484 781 534
660 1026 776
270 1487 670
400 1254 463
475 826 556
95 484 400
335 913 436
369 1250 964
108 265 222
1201 1454 1257
244 1064 314
983 1258 1048
408 1466 868
76 1151 1143
20 1613 167
814 1132 836
976 1315 1055
1301 1393 1383
763 1249 836
217 848 820
1139 1358 1335
817 998 902
993 1434 1329
905 1102 961
606 906 842
462 564 507
883 894 891
181 442 306
554 1082 989
353 936 825
23 676 643
1 518 327
595 1120 920
377 1519 1218
435 770 729
944 1485 1408
1398 1563 1473
482 647 542
1180 1573 1287
951 1258 1046
42 118 102
231 1239 918
29 1171 565
804 1292 1219
376 937 666
598 1027 788
322 1280 338
420 671 622
620 890 734
153 1299 270
76 822 741
609 1421 1056
827 1092 1045
311 1572 723
403 1204 511
83 1282 1050
1124 1321 1128
654 1181 1059
933 1132 968
711 905 875
52 206 59
1419 1498 1478
6 301 71
1367 1508 1386
733 989 982
320 1619 1416
65 1344 1259
403 934 796
230 1603 652
935 1008 946
617 893 713
466 1072 892
164 747 458
332 784 723
531 848 551
330 1359 718
629 882 805
524 901 648
135 672 284
1330 1406 1343
968 1532 1121
663 768 703
1368 1547 1531
26 40 28
11 906 546
454 1607 465
611 1288 807
450 585 546
565 684 637
569 1616 977
275 1302 997
583 1341 647
58 1167 232
325 1548 552
73 575 515
240 818 739
1288 1627 1322
626 1170 932
274 1281 845
908 1591 1409
9 1106 415
287 679 578
1447 1618 1514
35 70 50
447 1262 1215
633 1472 1443
635 890 741
393 1085 486
102 559 398
607 1619 1212
584 849 686
533 917 912
601 861 787
692 731 714
546 1368 897
1217 1277 1220
678 1180 841
675 1073 1017
817 867 854
1087 1281 1169
287 1115 1078
349 779 444
491 1012 830
370 1173 935
562 1258 1200
653 1148 1111
962 1100 990
1177 1372 1369
626 934 889
442 621 493
575 1271 733
159 1099 378
132 531 133
78 795 161
1067 1599 1436
237 607 495
670 777 738
105 1217 1063
1001 1242 1010
775 1170 1047
641 985 838
66 1583 844
21 225 215
633 1010 917
289 513 473
811 1459 825
10 1510 206
364 713 523
93 767 593
1027 1418 1137
526 630 597
795 1329 1225
413 1109 807
532 702 674
204 287 273
534 794 705
28 1502 182
172 1254 1162
178 665 369
907 1542 911
659 663 662
359 1186 864
534 643 631
227 818 486
91 1082 665
840 997 948
376 480 396
102 1589 962
284 790 756
66 1000 287
345 504 390
22 1378 575
910 1544 1175
313 430 398
511 767 555
312 1150 407
702 980 723
1364 1576 1531
525 879 610
259 932 749
302 1104 871
802 1251 942
187 574 411
1062 1109 1078
911 1065 961
210 1100 336
1182 1606 1268
544 1190 637
193 343 269
526 1565 1106
799 1197 929
16 811 757
454 627 556
47 1311 990
986 1244 1072
415 932 828
319 369 330
1085 1113 1102
357 815 736
903 1213 1140
344 442 384
526 774 680
843 1048 997
602 1185 635
494 584 528
100 1485 395
616 679 659
507 1577 905
170 270 189
146 1222 617
203 961 223
176 486 289
490 1453 667
1161 1352 1201
267 1404 725
59 1569 226
721 968 916
1346 1612 1364
348 1429 587
698 1198 904
1115 1346 1122
1008 1229 1030
297 548 478
634 1426 827
902 1624 1089
838 918 915
683 925 782
536 656 557
860 1436 1299
868 1037 930
1205 1515 1253
592 1529 1097
596 1255 637
842 1210 1067
469 793 469
28 1331 338
1521 1567 1556
274 1254 1243
115 1351 1012
161 536 360
359 763 745
432 730 560
118 1335 715
1306 1331 1318
128 450 144
526 533 526
98 1085 1057
952 1563 1549
905 1057 1000
168 180 179
793 1292 903
1501 1616 1564
518 1123 874
106 476 244
464 1163 615
1308 1414 1379
1321 1376 1344
497 923 826
315 573 371
714 1202 887
255 1380 995
277 999 757
754 1349 1124
564 1141 1034
222 1341 770
866 965 875
288 1318 439
505 651 621
419 1368 451
100 1358 315
896 944 923
76 1528 1115
335 1312 1271
618 737 684
1000 1312 1041
612 1418 800
426 1462 1323
1241 1502 1375
543 1262 1239
346 1472 1110
1278 1300 1293
49 440 111
304 1008 329
1034 1497 1245
160 660 589
1395 1459 1440
735 1468 746
171 941 752
583 1313 1020
45 1405 975
23 1481 991
98 1102 802
362 1411 407
71 862 564
75 180 159
780 1381 1037
31 1578 535
1234 1549 1445
494 997 782
774 1414 977
372 1146 856
256 408 372
748 1265 1013
699 1241 932
1076 1330 1079
944 968 967
209 716 564
308 1351 663
246 432 262
579 1530 1512
250 376 344
841 888 858
448 1311 1022
912 1479 929
36 1077 343
14 1455 245
165 1571 451
202 860 274
289 668 593
176 1183 663
1404 1604 1561
661 1087 857
28 1227 799
654 1363 1107
1350 1523 1404
262 516 435
789 1165 818
181 519 482
393 404 398
53 1055 902
135 753 429
851 1595 1359
951 1230 1222
384 981 534
823 1195 1156
1202 1376 1305
583 794 721
68 275 156
659 1189 823
252 1287 1222
318 537 391
233 245 234
1152 1300 1252
433 588 498
161 579 470
748 1311 1281
1369 1524 1511
334 775 571
263 353 350
83 481 231
248 253 248
127 367 200
1142 1242 1194
576 923 883
861 1020 982
389 1315 1266
1414 1432 1428
51 1162 442
32 163 46
856 1028 872
366 1612 1487
315 320 317
1479 1542 1498
536 1510 693
277 1166 927
157 1178 355
1012 1555 1205
28 246 132
324 1427 1308
598 1296 1101
698 897 705
1132 1246 1164
665 1004 773
521 1573 843
1539 1589 1589
673 1344 931
550 616 577
1251 1293 1288
45 146 112
47 590 228
940 1443 1379
1535 1552 1538
600 1159 1054
255 598 523
787 1154 985
747 1147 1027
922 937 933
115 499 121
1028 1296 1246
10 399 243
434 769 747
929 1198 1176
919 1287 1090
188 1562 1451
658 1313 870
154 550 484
249 1097 733
6 766 322
1018 1535 1327
883 1429 914
663 702 675
898 1327 1314
647 1041 1001
56 529 308
888 1240 941
397 1432 522
1146 1449 1216
312 1589 1282
296 976 954
692 1560 890
266 833 668
749 1199 1161
1083 1128 1112
1334 1506 1375
52 1042 959
537 1500 566
798 1066 1058
406 970 965
360 418 395
1248 1376 1278
885 1421 1027
158 1624 984
413 1154 456
847 952 878
391 1202 808
55 728 577
1011 1151 1039
78 1546 1408
1014 1556 1296
499 597 567
969 1510 1145
730 1274 910
766 1162 1090
1258 1401 1345
521 1124 636
32 1560 970
696 787 767
13 1046 963
753 1059 1041
664 862 678
456 813 624
20 1102 920
594 1204 661
71 839 558
419 1299 922
220 1537 421
432 487 432
1086 1240 1156
757 1132 925
18 1544 1086
1218 1390 1375
1002 1511 1303
14 578 247
250 850 683
214 551 216
611 886 662
1266 1523 1362
381 1568 453
881 1501 1153
666 1415 875
888 1145 1078
204 814 757
22 792 388
155 1099 410
541 696 548
713 740 723
1545 1616 1609
1399 1491 1417
527 1067 685
939 1144 1130
747 766 766
1161 1628 1216
382 823 702
274 774 282
937 1326 1209
803 1271 1044
173 379 265
477 860 804
227 240 227
1201 1363 1309
682 1255 875
821 834 827
827 1471 1361
359 1529 1341
105 420 197
219 1507 1456
92 796 321
544 546 544
659 1622 817
142 933 502
422 954 889
703 1246 830
710 996 824
984 1167 1114
1291 1486 1444
393 1496 696
183 1541 457
144 1145 420
764 1059 893
893 1617 1307
1196 1370 1248
454 1608 1080
182 917 263
471 539 534
27 487 310
642 1584 709
699 728 704
1510 1625 1558
236 1511 1116
405 837 691
953 1537 1398
472 788 479
70 1317 202
113 1305 248
235 1206 883
39 1327 250
151 1414 1163
602 1447 1081
571 701 667
511 515 515
549 636 634
1083 1413 1089
143 1115 583
1385 1566 1429
1109 1564 1317
1013 1412 1335
488 677 509
909 1198 1072
156 1249 911
40 751 422
227 1553 1494
16 399 239
459 1618 1597
537 543 539
719 781 775
1048 1360 1079
1468 1548 1529
446 1094 500
285 1542 1508
342 613 486
1063 1290 1179
1271 1576 1309
204 1026 914
1078 1438 1167
674 1417 1254
875 1371 1164
713 1013 893
722 1299 1226
326 603 502
945 1421 1160
1213 1563 1306
1421 1560 1432
1193 1546 1491
412 501 479
796 1618 1323
978 1360 1083
597 1088 721
1124 1398 1227
177 935 396
863 1055 939
863 1078 1001
440 1536 1030
234 1079 538
352 652 630
980 1148 1048
742 1536 775
102 839 471
50 113 88
137 294 219
272 1282 720
275 1137 742
59 890 794
681 1089 989
309 1162 839
820 1127 862
334 888 517
41 1473 227
538 1483 1020
1310 1342 1318
276 1020 697
695 920 916
262 961 676
618 1035 672
889 1438 973
504 1561 1424
1352 1593 1519
326 1380 1334
314 973 645
1027 1622 1205
572 1189 1092
851 1400 1287
666 1416 1340
1005 1411 1128
86 1189 721
785 1572 1352
814 962 951
812 1003 980
706 1120 1035
1402 1498 1460
908 1606 1207
1209 1441 1343
249 1249 1229
509 1203 940
1090 1309 1284
743 1606 1051
498 975 640
421 1220 1105
377 1493 420
224 606 291
207 722 387
224 1078 318
689 1045 1029
14 632 470
164 371 287
1529 1549 1546
280 687 629
982 985 983
67 278 127
38 1506 574
840 930 906
801 1244 923
625 1313 1039
99 530 180
155 1136 861
351 1532 1275
696 1154 853
311 1478 1253
550 627 555
951 1546 1360
947 1064 1047
547 1060 826
473 1132 534
337 1567 404
29 599 519
1260 1326 1270
728 1124 884
715 1570 1029
1072 1234 1073
861 1003 903
643 944 643
932 1504 1454
169 780 550
1355 1423 1357
1058 1203 1169
88 892 739
582 827 807
132 1116 132
376 639 409
1238 1601 1325
505 1054 755
1163 1223 1165
941 1017 962
1260 1516 1513
14 609 145
1043 1543 1239
433 999 764
341 1421 403
121 1179 1037
39 1261 1052
519 817 616
752 967 960
334 630 500
992 1424 1280
85 427 310
367 539 427
358 851 489
44 476 153
1562 1612 1564
921 1267 958
731 1532 1336
143 948 273
566 805 573
424 978 842
506 1147 510
605 937 867
1068 1252 1086
1387 1519 1517
778 1592 1269
550 1085 791
367 1386 528
725 905 869
462 652 573
70 1365 385
360 554 437
548 1314 812
24 1330 955
254 1060 629
470 1044 698
607 1104 948
994 1290 1012
994 1467 1198
483 1581 640
176 737 322
575 1239 846
617 974 641
856 1150 1045
118 740 593
154 1034 642
140 662 274
768 1413 1198
414 1059 616
879 1421 1313
312 1562 1445
698 1224 921
43 1076 891
129 1415 1162
1007 1296 1054
108 943 888
544 1561 704
58 1439 364
358 782 679
666 1516 876
1343 1624 1539
845 1300 1126
632 1082 867
552 1320 981
9 813 310
163 1554 520
749 1326 752
429 947 679
67 383 233
770 793 786
926 1261 1252
236 1321 910
130 901 436
27 173 111
162 824 468
74 886 659
92 1523 654
582 750 682
369 1186 1180
760 1517 1511
32 899 788
1350 1407 1369
769 820 817
415 1549 1485
47 681 390
95 991 846
724 1051 992
259 1135 697
539 1342 760
1168 1230 1202
397 543 474
425 1356 1160
223 925 301
648 712 678
905 1577 1154
1042 1340 1262
181 1070 794
682 1298 1283
10 202 115
251 485 447
188 661 354
444 1011 494
1037 1211 1053
194 1550 1119
108 375 152
7 631 365
265 1200 1041
336 1284 452
132 285 140
44 811 709
1044 1218 1053
445 843 549
256 758 707
691 993 906
349 444 387
644 1037 951
10 1620 1078
163 1163 679
518 1173 931
1279 1475 1475
93 1521 1251
17 1005 625
636 826 696
14 984 509
275 366 280
238 1059 561
308 414 335
49 281 276
1331 1412 1367
255 889 711
717 1198 979
274 1445 507
26 338 240
310 875 523
117 476 224
458 1232 824
372 787 523
643 1482 727
260 1606 1413
524 661 579
269 1192 664
251 1611 661
927 1238 1085
641 1387 922
1207 1244 1237
556 767 729
795 880 860
1280 1331 1294
266 468 457
396 1276 444
319 1500 1484
686 1322 1294
968 1159 1091
217 1370 1226
837 1605 1359
50 527 464
1041 1308 1258
65 1468 771
472 1082 1058
637 741 699
202 1083 465
469 1231 517
144 1263 557
4 1334 228
1201 1240 1209
281 826 561
783 1562 1549
278 1141 883
777 1569 1450
872 911 894
742 763 763
162 787 272
1292 1390 1380
390 914 606
455 1346 1308
843 1022 901
1034 1052 1046
440 1316 980
347 1611 1433
376 1036 426
46 818 574
238 1030 716
113 450 330
481 713 498
378 903 585
21 571 113
730 1353 1024
855 1226 871
249 1148 882
1444 1618 1551
114 1218 1078
580 1289 610
480 586 583
18 796 125
135 978 320
233 1189 503
693 1427 1219
81 521 487
928 1272 1210
909 1493 1263
439 1611 530
768 1410 905
334 1447 769
169 726 475
4 1452 891
1136 1411 1188
18 1356 682
45 212 116
593 1512 651
377 968 701
930 1577 1005
466 782 686
1272 1280 1280
921 1017 1009
536 1334 859
99 741 529
573 1194 887
1512 1603 1579
958 1090 1067
26 1280 827
1072 1171 1088
332 1051 619
70 1077 901
937 1160 1072
1426 1616 1607
219 513 282
442 628 568
5 641 317
487 1542 1195
409 612 573
653 1058 752
406 997 617
1465 1479 1473
119 420 212
525 562 560
918 1024 955
1036 1475 1138
80 178 105
62 331 251
379 1544 1390
120 1550 620
287 728 689
185 1542 732
904 1102 958
831 1521 1424
414 1488 1092
264 1047 625
539 718 594
243 746 331
27 455 418
1526 1604 1545
594 815 795
1406 1590 1550
641 1165 741
250 1575 1414
377 855 460
1193 1556 1504
3 1383 37
98 252 137
530 1358 738
10 1041 917
161 1292 324
1335 1391 1345
1263 1559 1379
666 1241 671
929 959 944
273 1039 863
1197 1573 1324
372 1458 454
902 1544 1371
89 1422 200
1263 1317 1266
184 225 191
477 803 625
1057 1216 1138
738 1202 1083
121 891 329
429 1164 783
361 779 543
285 419 359
193 1422 1086
99 731 133
976 1363 1008
1225 1235 1235
434 1510 1017
212 953 229
894 1199 1044
1381 1610 1502
241 958 371
796 1559 1340
146 900 846
547 1151 686
1093 1200 1157
655 872 855
547 1388 855
832 1606 1073
162 757 509
556 1095 577
708 1379 1137
885 1386 1061
14 341 78
1014 1113 1076
487 1272 843
786 1229 1123
922 1095 979
147 497 198
493 1220 705
186 868 668
481 1095 541
967 1286 975
781 1174 890
851 1316 932
235 1475 1324
72 1067 1009
183 1231 997
814 884 826
582 619 584
1357 1623 1557
435 851 440
169 1063 983
111 230 119
994 1009 997
122 282 276
323 1571 883
602 1322 858
351 624 426
1174 1360 1347
618 1003 967
995 1188 1188
660 1496 1242
32 1049 792
288 541 376
1032 1573 1052
686 1303 733
652 1457 1161
742 901 776
162 754 553
919 984 943
71 652 286
342 567 491
257 833 658
185 979 942
346 563 444
78 1576 1101
1024 1217 1197
157 1278 570
55 972 227
64 745 448
107 247 156
78 981 622
1319 1349 1336
9 1096 808
361 415 407
194 734 713
847 1187 961
752 1044 1003
357 1142 1096
230 1328 590
1050 1180 1176
33 431 287
777 1290 1043
618 1423 721
1503 1527 1515
550 1623 887
729 1532 1012
608 944 853
202 669 277
209 661 621
439 722 656
988 1038 1008
276 1305 1263
515 752 549
532 848 800
374 537 393
710 1578 1459
364 500 500
141 286 182
1221 1414 1339
640 915 859
1061 1128 1067
987 1198 1138
207 1623 1369
762 914 789
23 1103 275
892 1507 970
829 1017 841
184 466 442
694 1576 935
418 959 513
627 1063 691
155 1305 286
788 1170 937
1332 1525 1390
376 1283 700
1355 1390 1379
552 1343 1322
197 843 711
237 1444 1150
179 944 369
59 554 211
1055 1448 1120
853 1564 1412
743 1499 876
500 1382 883
460 1070 660
151 904 205
235 1224 833
209 1242 263
330 1381 465
408 517 494
818 1020 941
143 439 237
776 1079 810
876 1149 1038
53 1453 81
540 1096 1059
1050 1144 1109
485 1387 929
174 270 262
1031 1076 1031
413 1440 666
718 1382 1354
1224 1489 1472
8 1627 1356
206 1565 1555
1170 1560 1552
4 815 765
1085 1615 1197
807 1463 1153
1214 1333 1240
330 628 531
1232 1328 1235
582 1084 843
14 1051 184
345 1314 676
1349 1381 1369
6 33 6
770 1121 1034
764 1567 1483
446 799 575
27 1464 1284
1153 1318 1182
1224 1284 1242
144 245 196
193 907 678
355 895 529
661 1208 733
376 1081 686
1111 1222 1184
923 1192 941
784 1619 1286
229 848 686
736 1465 1047
488 556 488
156 887 332
387 1623 642
865 1542 915
198 680 436
632 909 683
606 963 900
473 579 502
55 168 59
458 950 767
371 1157 566
14 1496 850
860 1321 1188
61 1478 1061
40 1193 617
984 1557 1174
300 751 604
661 1162 1040
175 746 389
493 1365 1163
56 1213 186
961 1417 1283
150 1202 749
577 599 588
760 1178 1125
25 784 245
402 976 932
780 918 881
1328 1604 1447
188 1348 1104
298 755 686
599 648 621
155 1339 344
442 1434 1255
320 1224 960
18 1020 889
813 1549 1376
566 1342 1134
748 1620 1167
426 1325 851
156 901 619
665 688 679
1077 1230 1098
10 1521 210
650 1043 800
639 1227 875
594 637 615
566 658 625
629 759 708
508 695 600
183 1207 678
328 628 527
188 1524 1009
484 1225 1205
9 1486 911
847 1303 1068
160 1150 914
77 394 317
1099 1391 1387
202 750 646
1074 1076 1076
1396 1447 1431
306 1134 796
447 631 453
408 1400 924
598 1576 817
908 1598 1123
506 886 769
692 823 806
204 1342 381
100 683 251
212 491 472
951 1473 963
343 554 527
105 153 142
746 843 751
576 1076 993
333 792 791
335 601 578
1283 1447 1371
346 1475 1008
4 1011 185
481 1566 859
207 722 257
458 903 579
426 624 553
597 1119 932
1366 1434 1421
980 1076 1030
945 1295 1027
285 1530 1354
302 1098 731
313 548 375
1370 1552 1439
421 1134 994
356 1529 1503
242 370 294
788 1553 791
307 1473 903
707 1611 1576
679 1449 921
452 914 629
335 402 345
198 1614 769
1040 1270 1077
606 749 714
1031 1093 1039
47 578 88
1426 1603 1557
1100 1397 1293
144 675 451
35 517 171
260 918 341
187 1560 1016
1330 1404 1392
1399 1581 1424
464 914 556
437 804 759
930 932 932
618 921 913
734 1074 840
173 533 359
861 1124 982
921 1074 1074
440 1147 510
105 1253 684
73 300 278
477 959 504
622 1403 664
296 1283 1113
244 1095 1028
227 741 741
339 357 346
953 1290 992
63 453 206
148 1470 1375
861 1558 948
50 1270 352
746 1494 1429
669 876 842
726 961 891
201 857 822
1061 1387 1232
512 1294 1240
403 1011 676
655 1455 1305
1015 1454 1273
51 552 508
718 1067 808
75 1473 172
906 1169 1085
26 1359 906
32 1327 1116
233 854 248
119 1261 1205
31 1453 523
1276 1540 1430
180 618 302
486 935 854
93 1567 1230
1101 1552 1339
632 891 881
371 1278 846
72 890 338
779 1010 971
628 1381 793
424 537 491
452 1082 548
422 1003 499
605 1006 732
790 1276 1150
31 490 352
550 875 674
77 764 413
92 218 189
99 1157 833
105 886 403
136 824 356
266 1083 552
54 363 353
649 790 729
1139 1434 1432
517 1164 850
74 1348 1166
43 1116 1100
1217 1285 1264
228 1283 728
507 677 627
58 790 327
846 1318 1041
689 1439 1393
1096 1194 1097
91 541 163
983 1096 1084
752 911 761
372 977 559
148 751 451
453 607 497
290 1048 584
370 1491 1106
779 1283 805
560 986 866
733 1548 1075
845 1438 980
1138 1586 1344
1221 1248 1247
