0
10 10
1 5
4 2 7 8 9
6 2 3 4 6 7 8
10 1 2 3 4 5 6 7 8 9 10
10 1 2 3 4 5 6 7 8 9 10
9 1 2 3 4 5 6 7 8 10
2 5 9
3 1 7 8
1 2
5 2 3 4 8 9
68
4 6 4
1 7 2
5 5 5
1 6 6
5 6 6
7 8 8
2 10 5
5 9 7
3 7 4
1 1 1
1 2 1
6 8 6
7 9 7
1 4 2
6 6 6
2 8 2
4 10 7
2 2 2
2 7 7
3 5 4
5 9 9
3 4 4
8 9 9
9 10 10
4 8 7
1 7 3
3 9 4
4 4 4
4 9 7
4 6 4
2 6 2
6 6 6
5 7 7
2 3 2
6 10 6
5 7 7
2 6 4
4 10 5
8 9 9
1 7 6
7 10 10
5 6 6
2 7 4
5 5 5
1 4 2
2 4 3
2 2 2
2 6 3
2 8 3
3 9 8
3 7 7
1 6 2
3 6 4
5 5 5
1 4 3
5 10 7
1 6 1
1 5 2
6 9 9
5 7 7
1 5 2
6 8 7
4 7 5
2 4 4
2 9 3
1 8 4
2 8 7
6 6 6
