1000
347 648 -734529706
44 301 588267149
995 525 428624817
616 140 127241855
921 750 663395661
913 315 592354403
380 663 703703842
594 998 -164803818
700 108 -10164027
310 58 -17709723
117 834 215937008
620 998 922876898
445 897 733569536
627 653 190966633
656 345 174622457
918 425 -635997025
161 901 -833151164
203 324 -696955219
194 738 -713935199
429 563 42828941
833 623 -278150819
626 140 753740428
859 984 20886283
101 944 -789767537
428 659 -168624976
420 147 790582965
269 412 -654094307
274 251 -423652602
630 751 -419901809
580 698 -595542126
404 530 826390691
942 339 255962816
678 172 -95399288
688 264 719645537
759 929 -708440854
421 365 -973750568
411 838 -459214083
640 59 -27059119
973 903 770709495
46 71 -856294025
345 597 965897726
689 487 -39007990
955 783 340028725
468 43 339127765
998 779 -671448806
750 154 531071249
892 757 509203436
970 760 -448311161
964 438 -36885146
336 636 -810824993
171 358 588704409
810 401 -606771540
576 208 559311732
657 726 -754181675
265 460 415263636
857 410 -834619272
419 829 334982421
75 880 -750626686
20 420 -986331258
167 215 296983964
196 12 -88507310
652 944 -298917508
765 800 -771050936
388 738 -738136249
779 212 245802424
553 843 -298758273
797 276 -596709744
225 6 566096588
785 415 -806394176
514 872 -806532015
202 599 -968734878
138 686 696486006
172 212 23833566
239 930 -225935270
723 271 6755624
489 420 82645411
478 166 103211597
352 229 -708053308
89 940 -900124702
941 988 679137142
30 334 275464323
5 264 -477080330
284 180 -406355644
58 984 -434920833
396 116 409292069
372 62 -105758376
391 369 -468711164
871 254 -551735736
48 627 -875176817
882 489 552276189
728 524 382059025
830 269 885639834
342 913 -591564747
957 749 -916916597
822 596 -870519180
129 59 -542330375
513 970 -564135422
217 748 -738900455
166 159 -673355337
346 180 -183514896
751 277 -174341746
665 707 261413314
9 844 566066122
522 757 521733383
114 473 908303529
836 730 67927349
200 495 -185921562
188 438 149461161
610 315 -836493258
615 473 -15974944
367 335 -343924691
917 19 -851660680
227 804 893837053
323 252 -818982990
306 208 -853121086
105 351 -720287479
965 93 275095063
621 735 -309109457
431 25 -360453996
894 151 -342072925
992 848 821689422
974 621 746389962
294 489 -411708334
531 436 445463119
950 273 739655452
169 800 507871622
880 858 647807940
28 490 -474758760
437 675 -86791856
88 487 599707106
280 646 -226141764
672 617 -417925815
126 189 35874216
191 887 991861032
219 502 -884712106
262 735 219442690
96 671 505299072
398 788 26094189
805 155 -360230038
843 111 -50611700
670 232 -770558212
440 817 -96397943
157 589 267123794
226 800 295738900
574 182 244345803
949 934 814059970
993 982 135225459
66 386 309051001
62 984 507099794
590 77 -853420163
904 108 421362765
464 344 648929704
307 579 -55190510
571 115 879716476
569 743 -621149690
712 948 237109196
289 969 144421727
794 108 2481466
782 420 -517175389
370 29 504408937
21 623 -195729088
273 652 -733124900
885 613 284786536
520 698 450528321
233 955 -332370491
358 858 198138219
360 752 712334590
755 178 223605871
653 322 639411752
901 903 -249889069
128 364 285198998
471 820 465179819
198 113 229835775
57 694 -475776952
93 718 -280440636
297 493 -272412740
945 128 -604916625
365 249 165192320
842 331 887049851
914 82 -74759908
541 481 -459222012
633 527 -497410190
104 425 -685422907
650 495 232183465
405 605 -336979035
210 871 -746461416
408 623 -299512612
449 791 -160657440
234 806 393986881
852 519 -961703484
923 848 -814702178
436 229 -951262687
726 986 129822830
41 962 935144510
90 46 -773259970
690 150 -561246437
293 211 271962092
195 730 -550194579
442 124 454362667
424 597 -907958231
99 189 797225740
439 331 -636547487
264 313 -201690783
45 737 -32801408
76 940 98221456
547 790 674047366
209 518 735217496
189 524 26158832
599 913 513247308
221 649 394648581
860 727 -990384340
25 46 739261669
768 848 461971813
402 563 658578748
228 605 -830289822
938 312 -204131051
186 623 -732020347
549 212 -457022334
362 508 -903032861
466 565 -987223924
777 322 -66586467
900 184 -283631751
535 291 4905557
215 343 97668577
788 714 -341511253
946 43 -476538369
608 246 322213101
125 276 -945575708
296 799 617895030
674 839 -641726443
733 149 744352923
299 244 -329095331
743 311 -673638032
277 599 322463954
319 842 -570732316
727 647 -7011052
390 646 -711434416
3 675 -747157809
736 448 805230155
349 624 743801512
491 31 -928593349
612 214 -519399292
74 623 -117592011
735 526 296165829
679 155 -165549968
548 40 -892437949
790 172 174328147
881 121 -645396487
804 154 271522499
425 897 -559655518
11 778 -490720185
699 104 -473682234
991 417 292378861
84 794 28969286
414 227 375347153
143 447 487580407
452 824 -709175567
434 71 -168985857
180 714 -239234923
469 75 518315980
416 587 -15634624
326 276 -911241828
986 685 81404364
802 936 811140683
884 327 230917457
523 714 -304867031
709 782 -100063019
495 659 -243000902
776 897 -67889854
94 959 330958260
481 905 -85534325
947 831 -757075483
120 896 -676895434
231 313 -750367145
435 21 810050659
606 985 909204452
69 488 831793864
32 254 -44221354
330 595 152259082
962 524 -271144469
536 919 826009566
951 371 505645494
527 458 -928581892
22 964 628595863
870 169 -203752341
823 25 297373145
73 145 -42243222
153 489 555720687
141 77 -63629509
704 49 -197238544
253 416 249441838
828 540 -189934628
108 114 458855974
643 80 825587200
508 510 -848352788
850 670 -807315686
197 216 242243596
394 652 -621997157
589 876 309819268
242 962 827172032
910 207 -474952947
948 582 -232429552
846 252 -994900665
17 652 775855188
472 393 -814331495
102 389 -49197252
567 270 850019131
164 601 306073922
127 41 953203429
960 375 -696201582
829 940 -928696403
4 246 649395182
517 763 -166647450
915 331 167246628
462 970 -182092140
422 966 -863657205
637 523 -6715340
582 738 605689083
201 388 -937454222
930 308 -955799119
150 417 477709044
533 876 953586213
767 75 -41097395
908 846 180978028
537 795 75043513
77 245 -717579451
691 678 -452850455
667 80 -473814620
67 797 -53921933
532 831 806569437
506 878 -946797953
826 496 647156546
919 962 -126723532
389 53 -265700052
498 607 -649152121
975 448 291516179
898 524 65491104
928 301 -255179634
681 523 -723210553
570 286 143492091
585 293 -925619886
368 443 -112503074
664 983 174381727
369 729 -525587040
406 147 768127761
480 444 414900867
283 332 592428364
37 859 471633561
661 977 -48737372
33 736 -842256229
556 432 285996338
988 566 385478908
12 623 -252555489
542 623 -318582043
267 665 21770239
177 934 -153194814
994 872 -651796669
560 305 -522243979
361 321 -289931520
311 542 -907920494
136 327 -231272329
183 654 -795749314
475 163 660797799
845 788 -930419847
340 728 258625457
939 144 -49275831
465 980 -164153194
952 147 260920706
338 32 -290422530
899 208 -58770745
982 733 235406565
159 62 572801520
811 343 65516968
558 189 -155169980
916 919 927884147
719 757 -856110368
278 617 170508274
31 752 162619184
663 689 -251616406
302 838 -277790399
710 880 838267498
29 652 -928121945
187 455 -95556917
902 841 -622274609
544 8 -215303812
729 872 373251232
184 248 -54425220
381 488 -457836027
647 412 -500365636
766 462 919033484
696 546 -79380593
687 599 239542540
800 804 -61090309
635 611 911320002
609 793 -564120340
550 254 -30430183
789 197 867728489
721 989 -450704122
106 623 345335627
931 14 -553230490
538 670 -597595886
38 436 -881586533
95 706 180270933
675 584 -395233458
764 367 -690648874
53 47 -863768742
409 859 909060872
562 306 -818168531
282 539 -288612055
754 627 120530779
65 566 -373017633
722 473 -124725189
241 640 332699848
87 782 917386079
13 346 551379449
401 913 777849474
816 89 178317435
530 929 -173650937
222 421 179607114
600 523 -899582750
493 779 254299201
990 468 -662771428
393 254 -457511586
64 412 -964029764
98 780 -249398096
147 445 474782895
456 827 -107440959
644 277 462221064
524 315 197873485
815 382 988485949
82 45 601661881
43 833 814358085
27 43 -982605100
818 22 -966769070
479 546 -494075527
862 460 458383108
940 695 268057675
869 497 -302542899
453 839 311660092
954 771 -90399501
116 481 225332828
587 197 -331439357
364 189 248710563
410 820 -832213725
692 354 752827709
451 848 975047230
649 733 73931482
796 175 89116312
145 538 466292659
160 251 720323754
772 797 -287970511
876 494 525801688
356 88 -384119999
258 45 -517935153
473 21 949683156
63 566 -400744368
251 969 461354082
698 876 -841708643
103 6 913975813
268 91 -589448003
622 730 -245145271
713 417 631893542
259 140 -428430070
79 326 882508465
275 685 -988005181
849 587 534351777
300 884 -900387942
624 752 -591043212
322 934 -209600357
366 2 -821795447
521 535 -3507511
71 897 -922071564
912 46 -781724445
286 228 -450903797
863 62 -627785554
933 855 -157923060
778 573 921925895
244 446 -774746551
786 871 -157455434
213 621 -428407309
56 403 186012980
868 952 -562045887
623 714 148805111
557 498 -103384038
500 78 401540128
746 780 876663323
504 398 810933738
597 2 -463970290
739 977 809424894
26 887 256818497
684 132 -709811970
806 833 -442914803
363 832 -555537529
181 246 -657027867
575 155 -478049038
519 664 -232741362
741 20 -469938202
485 54 765106071
256 901 -745769524
821 29 -67690903
961 653 717670251
2 25 -576994691
685 617 47656877
837 788 277275327
354 793 -915675455
248 837 -580531821
216 905 558377868
312 202 572366392
509 522 78314415
655 191 655024535
339 146 363854014
470 990 -526197158
791 343 476000053
386 984 536506951
162 709 -425158933
762 428 453237572
980 311 822756612
224 675 701770730
987 216 -258966755
6 578 -701239906
511 283 -726711619
272 771 -952991179
584 897 212060931
261 867 64189003
934 686 -858608381
809 751 427123907
476 546 570044386
887 149 705612536
359 582 501503804
568 740 -255260145
588 708 -484943149
42 332 -423016311
628 678 -809170350
36 778 -221302422
477 889 510849284
61 889 -265357941
139 348 183612385
999 908 -97021025
702 552 -267311903
155 706 -314275805
817 523 -320407649
642 801 -19262056
24 6 -180980936
756 962 75369010
348 710 389316517
148 254 950120140
397 733 899345319
334 733 734965099
799 905 -955091742
529 724 189723877
484 40 -666109160
861 362 960077967
838 991 496522445
602 401 398879846
490 269 -911317725
680 76 -685462713
438 467 -839014101
92 913 807057500
40 460 295946642
426 114 -3598910
977 236 -712607919
715 990 272408762
257 327 -499859478
146 46 180120375
443 897 -945548367
591 485 719806403
909 388 -467052451
353 670 651202536
298 750 -42295318
673 242 207724205
151 788 -252063526
403 218 47638575
23 768 204603228
163 398 -556007829
516 494 349909758
682 263 -780334273
335 675 126158406
936 475 -483008310
68 912 400646686
978 210 -595972187
586 748 -771805376
566 790 -577879360
890 916 -692088487
211 219 -79122908
467 180 416621613
820 382 336304315
230 852 932815016
459 923 -677589713
301 646 875278160
190 900 431404316
572 420 -64230914
858 232 947208358
19 522 -98087267
911 248 -193246700
976 689 272492405
579 416 -850079300
872 53 -937230115
255 370 -110188806
605 368 701857261
417 573 158734739
133 820 -19104572
423 43 -217246371
281 173 -359818625
752 827 -722691739
59 970 137882974
748 479 -189946762
376 71 547072701
905 291 -221665963
839 224 97647906
654 558 313820194
505 808 946776630
847 444 -629384722
407 517 -673766445
734 898 240784696
223 765 -492446998
878 537 968083340
318 181 358805875
596 184 -120401165
288 911 -10226954
107 415 363137062
482 422 -310189090
463 737 320899088
525 785 269920921
731 301 10150604
607 29 -803138069
613 528 635458432
131 594 -790506688
474 589 -496190130
455 892 -869033249
695 304 -139223108
997 573 750347938
168 965 868628719
142 240 153405246
706 771 52694682
758 713 -395424370
357 1000 -852881742
165 196 558011573
460 599 -956158406
717 599 72908030
631 952 946270739
969 678 829180194
906 288 963294228
932 156 604995432
174 28 -340494553
70 926 893122033
798 398 -472815101
483 196 787680681
666 944 695870775
377 679 37640382
716 218 838502119
16 513 675232535
793 114 -479219198
989 366 168785732
573 523 752774902
877 651 -44101157
963 277 882378104
295 738 -896027392
732 183 602653223
413 707 140602972
245 269 -50232673
996 717 -405881944
883 809 -769610108
55 589 -136903694
252 817 73123305
625 276 552810174
937 706 -438488283
601 212 670577763
18 154 772336711
757 659 840821733
753 648 -185510300
351 372 55271287
118 183 994174182
343 212 -791735605
545 479 -288239563
238 229 647560717
329 150 -270969587
813 735 491654302
583 429 -553063031
760 617 -809753712
559 49 128249056
966 115 91006552
374 113 -117491670
355 882 -367407281
100 217 159022261
199 247 994612760
34 260 -881504199
91 923 234166875
263 146 452856621
925 650 -796259005
309 149 -131852189
780 607 -367618932
135 665 -728776138
749 462 237195479
8 523 -107884451
35 375 958028874
130 367 -736329803
454 733 -750832192
250 944 -286612474
313 272 430488295
578 527 -798855836
140 398 369892984
783 714 43265489
891 616 286263302
841 666 -412304217
856 948 -301510515
185 53 -716555465
564 196 168020711
737 794 -658998620
218 496 -352699764
676 538 -906296334
308 552 629845049
639 686 911247484
156 855 -535352582
683 172 -981380184
943 295 -687908258
254 738 279528267
907 654 -970550609
448 788 903451450
787 909 895629750
10 827 234044992
321 186 583727128
290 140 -668352532
920 970 509054290
121 441 -639505169
773 714 708417690
724 415 483890892
926 913 774235180
60 50 760562428
515 6 351886709
206 91 15358241
503 923 183646489
720 987 -31455532
924 853 -655216367
819 73 648240001
400 49 988529399
518 737 558095011
825 631 15992281
803 520 192487204
563 926 950666857
740 992 497685211
614 495 -24319520
577 11 874790630
814 243 335073798
592 913 -824355403
701 112 -435039450
303 14 643343888
972 398 131300477
328 392 382763110
378 460 -816560452
632 876 -220770917
784 517 158163203
134 455 680803316
854 437 -967100925
718 687 449509734
285 610 811029500
314 535 -5742800
111 736 486431420
399 154 956346337
97 119 -685277943
317 750 -140975421
873 702 -820648717
496 498 811495322
552 897 134062447
249 873 -770391784
893 228 13280924
774 896 337353108
14 427 242297626
669 678 976112067
115 617 445832308
325 66 -625579328
744 409 439062504
243 495 9813061
742 239 474905098
492 736 -691466833
80 364 954754257
958 378 128265974
236 804 -550183578
956 127 -365744264
39 572 -761758144
879 746 790307782
497 46 744904871
875 797 -836731070
457 64 -138939460
835 315 251237994
441 415 152810158
775 354 886768856
968 105 269601622
204 279 859349872
705 799 -643616898
886 564 -946900945
555 427 -595637117
49 77 731622031
341 420 498105004
896 502 -653646971
430 982 112575864
85 532 208744774
985 527 78716003
827 913 836258307
237 114 904276975
763 750 269149103
801 3 -238373989
725 589 -322150231
645 279 93258488
502 331 68692786
412 897 969090865
175 554 533397062
629 811 -614162328
501 392 123360650
384 368 -193433534
170 660 675451680
214 835 524011145
461 301 521195920
123 438 729621176
7 842 -99626355
638 75 963729879
47 315 317298102
694 897 -846634678
486 172 -775643972
807 495 934797711
433 745 150210786
528 447 -628277437
855 113 -566577401
507 594 585314474
427 409 -732774632
981 198 520606613
658 479 -331935970
305 898 -570691713
415 540 -43794419
659 172 389160223
192 53 457199251
660 659 -889031511
179 309 767124712
697 426 819485951
72 573 -230039042
840 436 -187585091
761 494 531046727
770 418 228131240
812 219 156992742
604 698 -395065992
668 364 174301026
447 623 407833440
450 828 100636725
851 188 442873507
173 837 902963697
662 491 283141218
182 382 493857539
385 360 569074611
246 804 864339774
983 554 -625369888
232 897 794187890
444 75 -536516502
371 343 297900422
671 481 -459257974
494 833 316919444
1 182 -752274009
677 29 543173830
730 817 500304733
337 779 -347682398
867 331 96309517
651 965 -995458492
646 982 395948156
109 367 -574439262
271 41 -287049661
864 473 889202219
546 448 -818990250
641 323 553301860
708 788 -280481313
561 74 243577637
824 678 154647329
714 827 -160839821
52 840 -340615802
808 198 -22324858
122 252 -192910638
383 436 81427926
235 905 -696341262
711 191 -577256559
581 913 -290677670
113 42 608048230
178 896 389061415
944 827 -430001961
208 528 961088137
220 797 743362525
897 827 -376113607
889 315 24113263
432 406 -506993465
350 133 605975967
707 666 -46113313
984 232 -353311299
324 677 23550484
693 453 -22684160
458 563 -697141727
50 521 -517302693
207 555 -853806135
636 11 -451136212
86 124 534585634
176 422 -166107932
81 498 -330622430
510 855 -704333764
539 558 -492192284
229 858 331793863
154 447 453474065
144 905 -523010496
953 621 127679925
291 232 12578750
769 548 748972221
373 930 848345510
832 797 267539643
866 481 19331056
611 558 -925107655
332 794 -272442434
903 848 848921056
51 747 -487137351
959 21 563935936
124 566 -47667663
137 552 -492156246
499 158 244952245
83 779 755498422
543 999 -956864627
565 491 -25601527
929 526 330571943
927 614 -773648836
967 146 -379887714
488 200 363204424
331 208 367871844
260 153 -755357767
212 229 -782151559
119 26 -99756564
888 232 -455179816
266 49 367369137
149 714 921894871
112 752 874460987
110 925 -561158048
344 417 -976145303
382 750 -215792868
247 21 86638104
327 858 -247722689
834 248 464736891
392 738 -57098916
487 984 -887263689
618 397 -388500651
865 290 873105664
634 463 133781222
874 567 -161000596
193 647 -29017757
554 12 729063729
279 327 633728991
512 466 50747392
375 155 -609175669
551 312 246882117
540 666 -389986579
792 765 -933378535
534 991 -48903386
446 548 -733304744
979 12 787944586
387 412 -475863319
78 576 431166899
333 414 -738852862
1000 33 27019632
738 827 -381357443
795 701 -981422003
316 685 -160055808
270 929 426098126
418 984 -144000872
158 961 765239122
844 489 -356128563
526 542 933549199
971 422 34823356
292 379 -147472117
379 988 631354513
240 63 365574206
617 71 984778971
781 627 -342603597
287 764 -22626871
603 590 -314031554
395 681 792824411
745 502 930116443
15 701 -506171701
895 880 203730316
598 599 -39074130
132 604 873297054
648 88 -609651738
747 308 -277615176
686 447 -575929852
152 538 -389546653
320 937 255737020
922 224 573749766
276 652 618839619
593 564 -910602876
848 447 132054901
304 833 -732535828
853 136 -810369039
619 989 364536156
595 140 -87763328
831 607 -51533527
935 282 -363230945
703 137 688781082
771 523 -435852541
205 810 -319803508
54 637 -623688273
1000
856 798
164 482
998 446
356 619
330 179
62 178
217 363
421 649
472 147
503 861
914 425
72 110
425 575
159 453
875 726
460 1000
714 443
117 366
203 493
758 227
587 785
470 687
352 273
52 142
961 557
485 88
357 702
718 438
270 582
457 593
1 689
714 667
192 611
590 581
82 954
380 913
162 439
654 864
833 903
591 722
606 199
149 399
601 511
541 273
269 18
807 831
367 585
35 472
176 698
480 219
989 1000
994 784
461 767
492 509
587 72
73 713
848 398
505 184
923 95
970 16
773 157
335 772
170 140
882 81
810 665
432 12
965 633
645 923
46 305
686 364
291 286
871 633
77 160
12 344
4 387
975 774
29 207
560 340
944 916
663 127
221 416
964 296
316 499
373 223
602 998
173 884
882 277
619 635
517 541
248 470
321 613
746 886
459 779
933 518
124 686
666 447
744 676
858 659
693 424
400 108
540 2
440 118
679 581
400 56
278 128
385 176
583 564
212 556
112 167
922 750
4 360
554 137
273 763
497 727
966 289
49 737
373 879
901 351
571 416
434 26
993 360
100 152
974 291
329 243
669 653
495 470
267 262
584 726
170 16
650 461
679 547
704 870
707 430
281 688
784 858
165 198
551 127
459 528
764 638
70 83
579 459
190 593
287 799
878 745
745 189
840 948
187 259
68 933
384 187
618 49
115 166
86 39
354 104
647 897
385 42
609 834
455 366
853 428
762 71
497 447
166 661
742 708
36 908
198 128
853 868
687 744
480 139
947 741
71 581
751 733
299 684
860 692
471 405
954 188
913 915
550 309
416 286
271 587
124 545
523 80
188 46
847 299
692 578
481 390
376 537
92 866
80 12
818 161
329 683
701 368
144 721
834 841
730 731
614 245
485 695
969 827
790 28
363 636
297 184
650 348
365 609
165 659
759 78
789 123
34 915
692 729
891 718
576 520
928 422
715 795
622 264
304 172
976 828
455 303
768 412
285 36
681 64
44 118
335 172
893 197
653 737
694 40
351 975
1 395
202 437
227 603
397 256
544 86
888 228
389 622
869 836
761 710
250 125
724 430
361 823
76 172
804 667
462 301
283 477
894 827
239 463
195 655
213 674
255 105
697 722
949 524
746 596
439 965
565 80
600 433
573 15
830 55
272 727
231 644
794 461
753 810
238 990
867 493
850 651
783 151
193 869
425 592
48 241
144 249
690 258
175 303
945 755
236 550
979 947
33 210
815 819
361 358
70 582
918 89
349 547
980 376
949 302
452 404
590 928
888 777
834 734
209 778
761 597
291 666
14 985
110 32
875 741
690 291
821 458
795 289
396 634
664 796
512 538
465 395
367 488
174 226
148 198
853 429
200 413
533 887
116 955
456 817
974 525
958 526
41 633
395 976
300 306
430 437
818 713
27 966
905 943
96 556
343 659
356 833
794 145
251 511
486 27
591 101
894 109
239 684
701 645
627 764
585 43
507 141
151 835
807 325
83 220
677 522
920 258
941 441
776 508
514 890
243 49
595 830
938 786
431 207
538 932
995 230
973 177
985 808
627 635
621 72
618 578
479 771
344 836
40 174
685 914
98 939
771 707
151 529
929 551
171 523
990 110
791 109
928 541
676 188
468 3
64 113
679 788
986 941
691 99
710 930
347 59
572 22
888 807
761 982
169 399
133 869
287 210
144 968
846 377
67 87
288 129
466 887
588 674
177 689
9 635
387 180
524 376
310 441
983 934
197 855
37 751
566 492
985 157
945 653
162 826
800 189
702 743
479 78
486 172
293 555
28 657
510 634
608 635
528 961
712 732
82 756
582 183
778 313
782 655
984 468
984 62
774 884
832 842
553 244
846 336
197 4
364 364
609 14
200 700
408 124
964 87
890 296
632 24
534 722
523 77
366 177
936 532
959 934
459 556
431 405
687 339
646 694
864 965
378 956
674 416
443 299
188 424
162 639
638 397
150 912
909 174
17 703
148 336
466 722
618 699
348 138
892 933
353 416
724 507
955 837
890 454
17 989
145 464
266 287
40 807
182 199
751 733
271 390
631 413
236 909
358 313
232 15
36 387
857 820
973 117
418 113
779 871
318 101
824 601
968 307
558 171
599 668
407 387
702 448
440 381
180 553
339 443
749 404
578 849
249 434
992 579
476 542
864 179
446 644
151 509
878 527
817 469
346 770
930 798
379 309
641 224
890 366
827 84
754 637
275 812
667 937
539 408
988 565
297 732
866 873
962 652
226 433
268 895
338 555
13 910
259 63
372 832
410 988
667 694
999 538
804 463
630 800
469 514
601 835
429 637
739 532
921 391
970 628
745 21
673 641
867 54
732 446
465 520
259 318
999 424
981 74
629 683
450 688
365 143
842 144
675 317
909 110
970 621
11 791
523 330
242 109
769 170
688 784
34 41
373 186
984 936
375 798
384 893
999 715
517 222
417 246
182 890
900 507
244 693
583 673
394 711
707 239
454 928
873 707
836 874
716 338
914 655
998 507
482 995
418 106
680 650
748 240
141 94
553 927
986 66
726 131
920 988
753 326
161 361
813 113
99 611
726 178
578 118
460 793
817 956
471 160
26 910
149 517
487 879
780 636
1000 71
342 632
74 413
887 731
926 481
367 141
343 794
418 469
891 369
444 945
413 638
42 15
387 721
651 118
819 904
923 456
968 79
585 824
517 790
418 837
354 230
296 475
471 585
612 771
603 20
885 715
734 574
533 46
354 890
140 917
588 28
661 902
988 398
403 213
689 911
916 672
537 777
807 426
843 453
56 204
771 771
679 407
53 687
149 946
211 192
298 973
911 920
631 204
214 758
180 905
438 99
951 573
839 829
796 542
50 208
865 194
98 179
98 482
361 444
606 864
228 857
608 197
126 531
51 267
445 418
500 200
937 220
410 271
909 980
414 288
487 675
426 563
756 70
865 10
289 694
153 36
795 80
12 779
600 632
507 945
820 581
458 517
498 663
761 605
998 197
972 462
164 844
263 895
490 201
862 217
159 673
715 148
991 82
421 476
458 315
821 636
878 760
939 830
949 797
594 995
147 962
690 52
18 248
452 611
861 850
779 985
330 431
505 586
198 20
409 969
644 772
226 12
766 587
44 681
575 357
279 653
875 637
402 938
139 975
708 249
807 461
285 243
904 673
386 530
698 50
16 840
376 211
406 226
550 859
461 780
42 672
828 984
602 690
730 12
566 849
495 181
467 240
567 658
243 267
859 865
842 339
509 592
803 464
198 679
12 878
648 252
389 368
609 248
991 460
285 141
289 417
94 676
724 916
710 542
849 878
117 510
62 755
482 25
459 495
576 661
423 87
316 538
935 797
546 479
770 213
723 177
379 132
243 365
119 378
570 215
299 822
737 696
794 202
248 573
343 669
360 990
142 369
507 700
831 784
520 911
155 593
108 877
333 401
77 355
211 415
923 91
961 22
581 748
318 823
876 567
40 763
599 174
457 797
30 44
249 675
976 168
566 775
188 512
844 711
860 432
20 525
54 135
46 550
536 442
396 603
358 370
217 665
326 544
359 621
856 246
609 686
529 86
96 275
430 860
672 155
453 106
855 726
515 34
52 733
937 831
979 35
968 608
483 980
660 549
230 541
601 796
791 615
677 432
18 956
3 707
450 96
489 685
293 674
436 847
960 198
241 290
53 540
134 723
292 906
870 470
391 261
945 555
240 959
29 108
220 143
658 729
891 30
276 76
701 810
369 687
297 100
134 627
165 233
148 982
590 726
568 862
961 268
970 922
754 249
481 911
500 38
36 533
139 811
735 570
661 736
467 929
308 418
29 782
332 591
501 534
382 434
257 840
787 259
93 350
739 801
670 789
46 496
203 654
282 919
917 969
10 456
846 642
895 940
362 75
885 522
260 674
1 71
270 911
503 406
220 890
318 95
313 129
117 643
474 797
832 524
290 769
259 72
511 530
498 646
338 191
805 645
212 671
176 674
190 953
236 220
263 909
722 496
446 117
814 713
65 810
373 42
220 8
306 574
297 118
586 231
751 487
994 947
495 225
770 33
964 456
824 65
120 818
554 472
826 720
243 749
913 364
261 474
903 437
926 483
143 444
546 904
335 503
792 280
284 463
381 312
862 364
331 223
587 979
696 784
221 848
966 136
839 977
820 835
30 867
633 897
493 678
61 859
903 583
849 879
139 91
298 57
136 304
278 724
302 809
129 965
972 807
493 968
54 735
697 889
535 329
675 866
252 534
836 433
612 309
189 138
482 178
998 391
782 905
957 613
758 574
330 111
282 331
255 138
758 113
300 914
82 869
261 865
784 429
252 943
926 201
270 463
656 191
804 715
574 976
698 47
280 479
256 919
454 584
988 337
272 383
74 624
400 139
704 24
905 449
156 395
275 43
124 163
322 744
344 39
790 20
2 580
663 337
105 152
401 173
985 155
863 674
960 128
303 8
920 710
572 920
226 816
924 725
889 626
480 415
237 773
757 855
595 300
500 643
312 937
168 15
444 735
428 413
514 717
687 431
976 729
780 611
65 719
177 790
