1000 1000
546 359 797 294 888 633 98 30 822 486 502 512 793 157 595 922 280 250 581 591 176 187 681 798 57 823 738 963 475 385 901 43 980 997 838 13 338 141 858 647 270 383 810 693 661 993 980 394 370 360 891 727 232 113 575 753 910 143 162 434 550 35 311 502 579 879 893 266 735 701 517 297 507 862 732 809 246 874 630 139 272 213 321 490 908 64 283 526 420 640 761 944 190 662 787 68 987 501 91 574 856 748 2 819 9 597 374 303 700 178 348 208 824 962 180 242 306 957 771 608 315 453 672 914 455 698 505 899 306 220 694 766 814 996 733 529 39 864 949 437 689 800 763 863 537 930 78 980 987 247 426 221 649 335 855 241 622 310 270 866 697 100 417 352 988 809 510 16 633 427 206 573 791 37 147 885 373 775 979 994 846 697 960 648 896 360 335 87 345 893 452 554 215 426 3 987 360 369 535 754 173 476 894 331 598 853 347 4 181 115 458 726 540 597 91 756 704 91 152 122 586 324 799 661 341 825 377 169 931 175 152 593 543 840 944 198 794 577 57 589 717 245 857 722 40 821 601 991 489 641 255 422 220 440 162 559 893 351 655 278 734 459 534 33 158 134 13 295 30 674 868 482 383 868 531 100 172 215 159 908 245 182 831 141 848 556 101 262 370 840 87 324 730 915 373 567 651 42 487 985 484 965 327 672 794 12 895 776 595 274 671 7 43 429 358 807 174 325 901 803 976 447 644 615 100 746 681 89 418 258 304 456 630 469 204 314 954 395 228 834 894 68 219 494 268 957 275 786 733 587 599 179 639 569 872 61 526 27 413 802 115 373 627 538 465 171 857 355 654 269 545 613 195 441 84 298 694 628 997 601 985 699 904 535 963 559 914 586 456 879 593 104 507 902 139 211 719 638 724 340 575 459 380 559 899 48 567 424 75 516 938 657 177 567 761 860 7 46 814 988 939 212 688 765 660 101 677 620 682 400 255 634 286 175 737 143 877 983 341 536 762 314 676 206 843 498 642 871 376 994 418 596 404 125 713 773 523 416 47 797 3 724 271 63 659 860 638 625 816 581 62 383 541 568 516 821 712 874 812 293 57 12 968 160 736 13 417 327 3 813 754 211 603 332 175 181 280 401 714 66 303 984 34 694 294 238 564 332 413 801 938 673 180 486 567 836 76 38 500 151 431 133 494 219 495 590 68 956 728 121 579 516 484 270 718 801 356 160 298 594 329 39 142 168 346 946 174 310 420 758 166 65 396 4 604 355 256 950 204 813 64 566 300 269 956 747 435 81 386 411 265 522 530 165 699 365 63 299 954 610 910 75 166 329 767 105 518 99 594 996 453 58 515 177 194 161 60 67 727 354 79 269 395 518 431 484 170 795 457 417 143 788 796 800 331 195 515 290 361 886 967 215 398 445 781 77 475 651 739 546 182 826 268 863 553 533 259 33 295 440 678 159 547 745 271 594 220 920 889 23 506 115 392 396 333 277 744 734 861 290 719 793 408 45 838 106 954 749 900 484 285 51 691 417 669 52 488 214 123 94 33 151 15 422 470 340 92 838 637 835 259 437 83 397 671 299 950 341 294 554 487 267 441 889 664 667 766 834 2 854 201 87 870 695 498 919 40 484 848 963 644 378 63 466 242 534 667 971 230 862 687 108 560 972 550 711 624 595 127 240 505 448 718 495 260 249 637 687 79 883 624 193 32 848 239 191 208 406 130 320 137 196 555 962 912 302 455 780 50 990 558 377 451 884 254 611 641 690 937 179 511 564 10 397 854 712 158 404 565 710 879 257 229 934 885 642 280 863 592 424 718 34 847 161 229 372 941 879 762 331 290 976 923 478 412 14 38 6 189 274 984 611 305 689 112 499 83 151 394 815 410 371 458 477 657 28 392 968 836 397 570 318 270 404 451 430 165 335 458 921 252 809 782 660 584 251 615 199 8 231 272 751 144 157 730 519 927 168 90 995 182 765 639 937 293 684 766 662 522 382 673 343 532 484 582 275 586 698 700 578 660 946 190 493 470 396 428 494 357 497 24 240 31 132 554 581 65 210 450 102 578 178 992 311 677 853 652 505 259 868 710 523 279 351 243 611 943 279 56 170 643 480 935 82 149 586 909 350 683 607 629 874 29 210 585 684 894 283 546 269 447 779 294 351 534 860 819 284 569 397 397 782 864 212 804 971 384 454 645 257 563 715 92 828 219 206 78 832 164 494 495 190 476 813 39 166 857 866 706 540 532 125 580 883 97 742 365 497 788 272 
1 480 609
2 201 618
1 464 646
1 533 775
1 303 554
2 6 168
2 409 679
1 221 954
2 766 796
2 669 884
2 229 633
2 280 828
2 51 969
2 248 354
2 472 958
1 282 514
2 352 524
1 304 661
2 210 653
1 500 760
1 65 402
1 157 667
2 339 703
2 28 397
2 160 548
2 103 948
2 113 206
1 107 531
1 218 343
2 106 330
1 521 997
1 196 507
1 38 218
2 548 859
2 56 183
1 542 725
1 87 384
1 818 858
2 615 755
1 753 927
1 352 569
2 304 972
2 365 435
1 118 887
1 711 739
1 297 385
1 192 217
1 882 958
1 455 467
2 265 398
1 407 844
2 687 870
1 30 123
1 412 777
2 17 316
2 60 560
2 798 838
2 107 348
2 646 934
2 23 707
2 240 975
1 886 933
1 290 421
2 258 700
2 844 872
2 8 914
1 21 392
2 470 877
1 244 936
1 226 297
1 568 934
1 251 667
2 771 849
2 332 764
2 699 856
2 116 138
2 56 565
2 522 626
2 271 618
2 370 775
2 405 991
1 169 931
1 56 757
1 124 916
1 693 734
1 806 980
1 204 695
2 89 671
2 205 730
1 658 944
1 213 848
2 159 779
1 39 817
2 430 505
2 168 919
2 558 653
2 713 986
2 167 828
2 307 522
2 619 863
2 565 717
1 766 822
1 29 85
1 430 975
2 776 882
2 611 669
1 84 473
1 59 353
1 166 209
1 582 959
1 60 641
2 163 462
1 175 184
2 475 980
2 32 382
2 126 913
2 214 830
1 645 720
1 316 473
1 483 997
2 273 916
1 708 720
1 276 655
2 653 778
2 490 797
2 71 857
2 430 550
2 174 431
2 758 988
2 374 687
1 10 400
2 218 809
2 243 332
2 330 359
2 125 781
1 574 694
1 170 188
2 595 985
1 123 137
1 238 808
2 345 919
2 233 322
2 186 892
2 307 372
2 59 175
1 60 338
1 48 658
1 135 959
2 476 510
1 127 680
2 454 537
2 315 562
2 325 382
2 562 769
2 81 630
1 101 399
1 560 991
2 63 298
2 402 909
2 266 914
2 270 940
2 532 624
1 168 667
2 323 653
1 338 961
2 831 908
1 487 673
1 840 970
2 732 739
1 520 531
2 707 895
2 215 378
2 468 786
1 532 826
1 275 370
1 91 942
1 626 716
1 1 482
1 391 454
2 272 822
2 735 923
1 478 734
1 34 540
2 470 624
2 414 856
1 218 801
1 126 616
1 738 783
2 240 999
2 561 709
2 624 833
2 270 934
1 120 128
1 277 694
2 271 303
2 152 956
1 482 925
1 227 352
1 646 848
2 552 906
1 167 844
2 153 771
1 388 399
1 164 461
1 588 929
2 16 269
1 54 922
2 222 898
1 353 966
1 53 418
1 304 806
2 549 797
2 324 396
2 563 726
1 50 707
2 155 889
2 481 816
1 671 779
2 432 556
1 6 698
1 421 782
2 399 967
1 186 237
1 163 747
1 320 515
1 757 793
1 125 714
2 139 588
1 819 886
1 270 757
2 259 716
2 38 561
2 512 835
1 66 285
2 713 848
2 247 923
2 59 930
2 313 937
1 192 721
1 108 555
1 268 742
1 50 723
2 69 591
2 205 343
1 588 980
1 214 982
1 248 842
2 675 925
2 312 910
2 236 678
2 201 399
2 741 986
1 443 747
2 289 646
2 788 800
2 45 866
1 544 965
2 603 878
1 529 831
1 579 876
1 544 665
1 199 547
1 802 870
1 879 977
1 594 796
1 348 796
2 28 751
2 111 405
2 618 859
2 92 266
1 718 834
2 228 583
1 459 986
1 487 890
1 83 480
2 92 329
2 170 593
1 279 645
2 356 615
1 382 596
2 462 688
1 34 654
2 54 500
1 136 716
1 114 750
1 955 976
1 251 454
1 200 668
2 136 758
2 454 714
2 435 524
1 156 499
2 42 836
1 386 523
2 195 722
1 536 609
1 44 498
1 198 588
1 61 619
1 159 940
1 567 971
1 403 492
2 794 901
1 457 887
2 229 533
2 196 280
2 380 953
1 271 554
2 687 722
1 452 465
2 839 853
1 263 555
1 449 1000
1 225 863
2 156 445
2 242 675
2 54 377
1 338 922
1 837 980
1 78 185
2 534 797
1 764 769
1 401 902
1 359 834
1 158 963
2 394 751
1 660 888
1 247 542
1 477 600
1 62 635
1 131 342
2 302 670
1 435 446
1 146 610
1 158 894
2 89 862
2 747 770
1 497 913
1 100 422
1 433 948
2 66 406
2 7 956
1 465 871
2 500 508
2 397 970
1 156 679
1 532 671
2 154 450
2 477 593
1 730 987
1 216 850
1 432 732
2 76 863
2 810 914
2 310 343
2 273 999
1 586 610
2 218 318
1 704 887
2 829 855
2 142 292
2 76 538
1 89 174
2 602 721
1 451 744
2 116 436
2 227 498
1 776 831
1 750 941
1 4 883
1 417 851
2 552 902
2 385 862
1 553 625
1 4 540
1 263 449
2 151 200
2 95 438
2 61 655
1 189 240
1 80 911
2 329 400
2 427 630
2 735 775
1 210 397
1 11 634
1 234 416
1 234 315
2 2 224
2 267 660
2 480 586
1 204 293
1 10 938
2 663 974
1 386 985
2 550 851
1 341 763
1 143 847
1 676 752
2 129 695
1 567 695
2 57 834
1 673 759
1 215 256
2 476 902
2 456 909
2 47 909
1 540 902
2 789 917
1 104 485
2 270 742
1 21 420
2 46 514
1 234 278
2 104 230
1 103 633
2 156 723
1 295 459
2 320 704
1 316 927
2 22 636
1 197 566
1 772 906
1 170 376
1 106 568
2 794 861
2 157 592
2 216 442
2 192 569
1 471 713
2 123 1000
1 73 388
2 243 518
1 28 296
2 111 309
2 500 757
2 63 421
1 411 674
2 7 937
2 478 899
1 312 488
1 526 701
2 620 926
1 489 946
1 151 239
2 677 796
1 371 401
2 509 696
1 92 465
1 339 661
1 756 921
1 357 776
2 180 948
2 680 925
2 395 869
2 754 905
2 140 268
1 510 872
2 180 185
1 656 658
1 379 534
2 488 611
2 46 109
2 267 753
1 357 491
1 7 438
2 435 760
2 214 714
2 83 469
1 381 903
2 37 957
2 23 278
1 442 967
2 463 998
1 565 811
2 587 604
2 69 691
2 9 696
2 59 850
1 227 471
2 155 616
2 99 774
2 797 968
2 741 850
1 292 326
1 76 552
1 578 936
1 296 822
2 700 879
1 119 729
2 350 370
1 239 871
2 402 508
2 254 398
2 491 995
1 82 680
2 51 859
1 620 708
2 246 921
2 318 390
1 201 937
1 210 210
2 115 698
1 591 851
1 347 874
1 17 223
2 52 515
1 274 495
2 217 392
1 216 918
2 720 792
1 102 447
1 121 767
2 111 206
1 33 942
1 666 675
1 455 466
2 179 402
1 90 729
2 348 407
2 257 418
1 486 846
2 382 512
2 722 884
1 172 182
1 355 674
1 145 916
2 780 952
2 713 985
1 320 621
1 247 850
2 602 863
2 410 699
2 395 415
1 186 448
2 2 172
1 192 575
2 22 245
1 301 434
2 150 514
2 123 748
2 150 880
2 574 966
1 588 998
1 446 744
1 65 390
2 23 815
2 473 727
2 676 963
1 168 228
1 203 800
1 108 915
1 263 578
2 116 453
2 109 136
2 261 453
2 824 907
1 349 910
2 97 112
1 74 748
2 525 631
2 41 444
2 672 968
1 940 957
1 695 703
2 457 716
2 270 691
2 295 874
2 3 462
1 830 847
2 144 490
2 329 810
1 563 825
1 411 740
1 420 678
1 832 982
2 857 980
2 238 655
2 540 716
1 824 975
1 3 877
1 46 387
1 183 271
1 350 749
1 775 916
1 503 956
1 686 898
2 411 955
2 56 731
2 494 638
2 131 283
1 296 463
2 129 257
1 607 940
2 333 734
1 491 773
1 318 838
2 40 788
2 595 793
2 200 434
1 177 607
2 483 969
2 101 310
1 637 784
2 789 954
1 13 860
1 93 739
1 200 893
1 527 898
1 36 386
2 401 926
1 100 986
2 161 461
1 316 655
2 542 802
2 291 733
2 85 511
1 209 638
2 347 934
1 519 778
2 29 284
1 108 785
2 72 593
1 196 407
2 404 804
1 33 834
1 706 936
1 70 931
2 487 718
1 208 357
1 697 959
2 79 416
1 257 296
1 11 607
2 596 964
1 354 881
2 150 369
2 538 560
2 360 591
1 251 410
2 604 882
1 426 932
2 165 181
1 68 790
2 173 525
1 10 396
1 77 695
2 164 635
2 35 384
1 508 778
2 136 448
1 209 945
2 588 817
2 749 895
2 82 121
1 29 765
1 572 591
1 312 408
1 455 593
1 285 286
1 68 683
2 852 987
1 498 818
1 373 408
2 107 643
2 195 587
2 57 839
1 350 524
2 295 897
2 537 898
1 55 462
1 34 48
2 164 656
2 155 231
1 109 897
2 599 779
2 699 882
2 497 711
1 298 784
1 84 795
2 24 621
2 99 459
2 523 588
2 810 837
2 20 193
2 36 45
2 168 257
1 240 389
2 45 822
1 506 722
2 61 127
2 96 131
1 406 605
2 82 204
1 879 895
2 454 550
1 207 614
1 901 907
2 261 897
2 61 249
2 43 993
1 39 588
2 535 957
1 123 529
2 381 538
1 155 512
1 859 958
2 508 827
1 157 409
1 250 477
2 316 782
2 771 813
1 201 971
1 326 448
2 161 442
2 323 764
2 260 552
1 279 533
2 471 658
1 40 143
2 701 884
1 87 197
1 435 625
1 310 376
2 257 418
1 193 377
1 450 513
1 487 788
1 277 338
2 833 926
1 515 897
1 354 532
1 569 950
1 161 251
1 667 984
2 349 454
1 263 730
2 294 681
2 553 736
1 241 614
2 344 941
2 215 444
1 76 950
2 618 988
2 188 854
2 253 356
2 214 923
2 51 865
2 36 366
1 61 677
1 31 221
2 225 930
1 393 770
2 73 473
2 265 453
2 484 991
1 584 746
2 695 793
2 39 726
2 451 823
1 46 158
2 262 783
2 267 398
1 257 841
2 167 742
1 629 873
1 54 966
2 301 462
1 414 484
1 440 711
2 312 847
1 540 683
1 466 536
2 248 531
2 369 737
2 66 689
1 245 762
1 882 906
1 272 676
1 82 335
1 443 988
2 394 478
1 809 816
2 642 872
2 296 852
1 498 782
1 196 277
1 705 793
1 55 574
2 234 924
2 505 905
2 495 858
2 17 398
2 82 929
1 622 729
1 290 574
2 602 966
1 79 941
1 737 928
2 7 856
1 577 729
1 800 836
1 444 851
1 65 921
2 36 382
1 74 943
2 101 432
2 222 673
1 270 432
2 60 645
2 52 805
2 164 317
2 876 904
1 92 203
2 71 463
1 540 916
2 98 948
2 752 752
1 31 558
1 167 968
1 807 933
1 430 688
2 244 417
2 838 874
2 176 697
1 791 893
2 542 563
2 30 537
2 266 725
2 728 745
2 252 456
1 87 756
1 610 716
2 420 850
1 253 485
1 903 958
1 99 984
1 88 757
2 584 671
2 680 878
2 345 880
2 567 808
2 296 572
2 270 535
2 26 915
1 73 80
1 10 557
1 300 778
1 68 922
1 149 241
2 731 746
1 153 579
1 77 703
2 513 712
1 608 837
2 40 514
1 436 746
1 847 885
1 508 897
2 361 631
2 27 178
1 415 539
1 18 760
2 549 626
1 627 966
1 400 930
2 301 429
1 813 921
1 528 542
2 648 821
2 195 350
2 135 701
1 173 945
2 287 701
1 239 570
2 24 102
2 819 871
2 225 283
2 60 680
1 521 915
1 35 503
2 309 572
2 532 991
1 442 510
1 538 755
2 398 477
2 324 579
2 148 864
2 197 457
1 51 945
2 153 529
1 320 406
2 660 894
2 984 1000
2 316 381
2 231 925
1 539 926
1 231 606
2 846 985
2 885 900
2 187 294
1 260 582
1 248 853
1 631 694
2 98 99
1 80 351
1 694 911
2 434 987
2 153 490
1 65 260
2 82 878
2 43 528
2 72 832
1 7 717
2 172 577
2 292 340
2 416 525
2 397 781
1 395 890
2 46 167
2 282 349
1 423 738
2 768 889
1 584 596
2 51 786
2 294 966
1 421 600
1 658 830
2 108 284
2 466 934
2 247 535
2 5 234
1 14 385
1 9 379
1 60 122
1 371 668
1 22 711
1 63 162
1 896 975
2 84 361
1 230 843
1 503 849
2 434 459
1 145 442
2 504 935
2 364 415
2 428 522
2 350 578
1 742 754
2 495 944
1 801 987
2 467 811
1 333 507
1 11 719
1 146 620
1 429 520
1 678 892
1 165 273
2 292 819
2 48 980
1 276 283
1 3 209
1 723 763
1 759 896
1 157 648
2 738 752
2 850 858
2 231 596
2 179 487
2 59 927
1 118 633
2 895 919
2 44 151
2 13 340
1 632 967
1 88 654
1 517 802
2 166 246
1 67 364
1 97 496
1 580 858
1 689 925
2 243 414
1 94 791
1 341 546
2 56 610
1 377 977
1 342 740
1 48 386
1 636 959
2 649 794
2 600 735
2 421 555
1 453 775
2 296 427
2 617 974
1 186 494
2 4 910
1 687 760
2 832 991
