211035
146033
626951
96051
288839
7026
361099
198023
315451
30593
293780
380994
65785
638074
137625
77422
505175
20366
291895
296783
146701
88673
119085
123545
337039
163008
128450
820951
506731
585107
584586
107235
18541
136346
23630
217150
495709
423233
630851
223352
210198
117801
95666
472903
816738
264127
19003
4572
113622
293819
933267
625901
106430
545185
341065
162873
672500
580746
270337
320272
493028
11691
210285
362115
399783
7520
179127
586043
151571
90372
41430
400876
16381
362259
430025
88299
623234
616412
851535
289172
306932
607067
316330
114343
809426
509952
222318
367464
103833
0
184561
45654
187504
147449
21081
347758
30805
146055
355314
714245
257409
168297
85493
343199
18675
249546
487785
418827
264303
72119
660951
184345
561848
10584
558118
355856
360593
608682
201780
805547
443428
109957
389946
185198
301499
152895
220275
408066
136667
608980
303283
564501
7379
140863
141542
574590
703740
544228
21802
563301
471365
87771
441809
466570
250082
263061
60639
0
215345
258775
77337
410088
360985
80076
3126
671162
664705
602009
158525
314048
533469
155143
202760
309277
520069
913931
349077
15913
353963
584489
408142
750532
85321
203979
249483
132929
373484
287236
333802
369230
572821
864674
291762
554683
701830
2251
615378
149649
239157
599284
160280
505091
112237
21777
266108
328119
682236
58905
78641
518326
329657
700215
467658
194104
85769
598258
406723
96184
706473
211303
43764
129050
7937
127079
291728
177055
225315
51053
684686
496837
459451
87955
12621
275103
261703
420839
255943
7514
181546
272891
256138
9839
564559
709623
227776
294168
89574
735644
151464
406070
605323
93653
248851
17120
105672
23908
589530
258547
14822
496849
94872
502569
936693
254232
8905
627656
0
48523
470375
27448
281265
573447
242791
39019
93735
35993
157339
68796
73631
467009
632835
751963
280718
737165
451742
582878
39867
503767
805052
769658
101023
178416
449157
306221
385992
0
562846
212475
384843
512370
77662
185290
149493
609496
648901
57098
478995
85695
696839
332787
15391
232639
82949
746348
407522
658446
152882
443619
112064
107508
156693
210214
351349
87971
131828
55894
144474
358761
326304
552474
412241
513824
615773
187149
677096
98310
488055
435
248889
492294
273151
445505
344938
838589
40109
435111
890361
664477
132223
58120
51911
728365
830990
113473
171936
48983
34627
345402
331791
75358
1600
324281
531535
38772
285653
447692
726722
13288
522711
136570
262883
12085
29663
502432
283716
249827
454119
557627
407430
110739
581246
518974
822641
294230
258804
717402
30187
344773
225717
197834
109947
85841
19361
321858
475975
122669
199551
572954
518101
57503
109512
105686
42255
337457
25568
260658
64632
679817
87745
162042
727748
93061
322916
256092
238554
262570
12698
452909
404923
18175
444774
444432
81433
9202
199067
379847
464275
820951
255178
290643
619198
43889
570202
64029
54435
0
41268
39981
158459
430980
557882
647155
124451
221878
219759
402575
81908
255920
539842
682372
559236
264803
298889
156160
212546
476187
333487
262909
268140
800820
917439
414443
727629
450868
118876
23355
327972
733455
342871
682782
154822
252535
498855
307737
142037
343062
210311
244422
342820
187227
730998
159055
278273
682757
20847
504358
322396
361140
192903
574792
139886
142826
17463
97457
309943
178453
107378
327824
151197
162978
319387
68750
41544
136889
599108
747392
769805
669551
298892
309892
144257
217101
