0
1000 1000 0
-866 890 -406 10 512 859 494 362 -955 -475 128 553 -986 -885 763 77 449 310 787 -656 -204 -709 -270 76 -267 184 170 -985 33 -822 666 418 26 -247 898 -104 85 -146 980 631 359 908 -560 -744 -764 836 -103 -531 -116 316 681 -148 226 206 -439 -961 -792 598 -629 -705 -479 -494 -169 608 -921 348 729 -100 -970 742 131 -766 522 987 968 -650 -929 -119 810 -562 -229 -792 362 -738 565 643 -131 285 -33 964 925 765 910 -240 338 -689 892 -518 663 447 796 716 -830 -465 835 426 88 -49 -810 -159 326 -345 -925 97 -371 496 921 693 526 785 -218 -939 119 935 -994 510 716 513 -18 -202 943 107 654 -940 629 592 529 618 403 -497 -538 -996 496 -499 80 768 714 -346 -477 883 -527 -116 -362 -462 389 818 -470 -124 -523 650 -651 -58 -854 -85 947 974 -789 651 -369 -88 154 -660 -412 -516 -395 -424 -80 743 -603 371 153 393 450 276 -209 -25 -704 673 -926 621 -636 787 -214 -84 -584 551 427 759 355 -120 675 -690 176 244 205 471 434 667 511 723 628 -846 -896 560 -661 -252 -53 -432 -8 -792 681 496 914 -208 -420 -331 -297 582 827 743 264 350 -75 172 -456 829 908 99 613 372 -70 119 219 527 183 -39 172 250 139 -352 -484 629 824 -606 87 475 -113 -451 -674 -597 490 -246 684 -308 -114 -172 863 787 991 274 -546 294 430 -27 -86 954 894 218 -397 -509 -881 725 3 921 -392 -826 -515 -762 96 422 353 -931 755 -827 -63 691 695 693 629 116 -483 78 40 -260 352 298 -796 90 310 -382 802 84 979 411 849 878 809 -592 159 767 549 -144 855 408 439 -596 -647 195 -388 -220 623 971 796 231 -89 -748 829 761 463 871 239 218 -153 -804 91 -659 808 -983 -467 -490 140 -38 493 767 -155 -583 -891 -376 756 889 358 -419 109 -111 538 -237 730 -492 -474 391 -709 856 -95 -508 993 223 -416 -318 -611 -577 -37 451 971 -117 -751 -461 -107 -897 418 -690 -91 -428 360 -330 -273 781 376 -52 804 -775 769 251 52 -871 -611 336 735 842 985 -283 -697 316 86 707 -928 670 -117 754 -882 -914 -888 -198 401 -677 290 -334 462 213 -795 -510 -312 -332 -348 287 823 72 -629 92 688 553 -330 731 -245 675 -407 -461 -591 324 -121 640 377 -11 606 92 468 458 875 654 499 556 -159 -709 422 -326 430 -102 216 26 -986 994 -436 477 384 770 709 -504 -70 -626 -175 281 796 648 -461 838 438 -647 811 -843 -405 988 -340 -165 267 298 -176 -991 751 -899 374 -661 -387 554 81 214 -585 -920 -110 873 570 817 423 246 326 879 349 -757 -77 -936 -906 -309 105 -926 -783 165 -851 -650 -533 -942 391 -994 -949 37 -683 14 -198 -778 -491 -597 82 873 -272 413 -762 -856 892 -650 -383 -917 -773 -837 265 -202 304 650 339 923 357 -422 -832 750 -133 -97 206 -227 846 741 803 -433 -138 760 477 -106 -324 904 -817 142 -399 -798 31 -728 497 88 532 110 935 -523 -460 -536 -885 652 782 513 -558 -521 -808 124 -708 -943 52 -856 -755 -958 913 380 -767 373 -731 -492 213 538 392 -39 509 -840 135 78 -285 -241 522 -572 -915 -691 -16 812 -385 162 71 903 493 386 783 -617 849 469 708 924 781 848 955 229 279 -433 177 436 149 -21 887 14 438 448 -373 475 -692 269 947 -447 -654 -233 -791 309 -479 701 -354 628 -128 -2 -205 432 474 -352 -776 -983 -631 158 -641 -398 -920 -207 994 982 354 -339 -828 -864 682 -698 -480 195 8 175 698 -701 684 879 780 298 -18 -404 -923 237 37 -213 108 -71 -50 -870 372 772 -117 -550 -352 -870 -647 98 -457 818 -30 698 -966 -766 353 -738 865 42 -822 -599 -876 -71 959 -560 -811 -790 -631 724 -350 -556 82 -722 -465 883 -634 634 685 -279 -184 205 187 -754 -935 810 -787 -675 -435 -818 2 669 -955 677 52 625 657 -215 -398 649 871 -204 -94 -289 203 789 -172 -403 601 567 -653 55 -861 32 -459 413 -964 -18 -162 887 500 -296 835 -566 533 719 -419 -846 501 -5 -679 390 906 322 -903 -661 -770 -46 845 807 -766 -91 -542 908 391 -921 753 -790 533 996 -899 -742 234 374 -542 -856 705 231 -524 106 32 -372 -936 -669 982 268 609 177 -916 849 274 -125 -755 768 134 358 303 560 -717 -575 -528 459 -932 879 -910 -790 -172 759 -336 26 -106 592 -927 757 735 591 -553 734 -874 -222 -643 460 -465 580 -593 334 742 94 -189 -47 968 84 -365 650 222 584 935 684 -304 -512 -346 -10 947 -560 646 595 195 -262 -80 -481 -778 657 558 52 -69 303 654 -515 -488 292 330 731 -556 5 -656 -810 206 -262 379 662 -353 267 80 197 -889 -925 185 -782 -920 626 -742 -264 -971 -646 6 340 -851 337 718 171 669 -909 627 -435 -697 -744 338 -949 335 -19 859 366 809 -358 795 -937 9 -153 -971 -2 1000 -490 -456 946 161 170 -580 922 -487 -756 511 761 531 -118 -831 -795 767 -965 814 -30 -512 487 -570 -320 -949 557 251 -814 630 -921 -891 160 405 -500 -395 361 88 -580 -151 -463 311 -567 -798 -153 -600 659
2 571 795
1 554 967 -17
1 19 925 3
1 119 969 2
1 200 993 -2
2 616 781
1 504 920 17
1 490 783 -7
2 285 943
1 164 976 -3
1 95 812 5
1 422 714 -6
2 466 565
2 26 359
1 182 581 2
1 589 994 -2
2 322 333
1 246 646 -2
1 147 770 1
1 617 862 -1
1 274 925 -2
2 498 873
1 640 908 1
2 581 789
2 388 717
1 531 544 64
1 660 952 -2
2 184 235
2 352 664
2 19 443
2 373 448
1 443 878 4
1 700 960 -4
2 220 884
2 830 982
1 396 447 -51
2 111 215
1 645 856 -6
1 343 713 3
1 374 537 0
2 18 562
2 268 293
1 607 645 -54
1 210 375 -3
1 635 637 -621
2 88 423
1 574 721 -3
2 356 673
2 569 727
1 386 472 -16
1 120 649 2
2 699 800
1 639 751 0
1 138 408 0
1 31 785 1
2 694 816
1 672 840 1
1 121 419 -9
2 377 518
1 635 863 12
2 364 707
1 526 706 -13
1 600 614 58
1 688 755 3
2 749 938
2 149 299
2 118 959
2 127 677
1 152 486 2
1 263 577 -7
1 286 837 3
1 4 352 -7
1 247 344 -34
2 107 728
1 697 885 0
2 403 998
1 597 699 8
1 305 725 0
2 686 803
1 35 785 3
2 518 548
1 410 917 0
1 351 787 -2
1 166 266 15
1 82 199 6
2 110 281
2 95 126
1 104 623 -2
2 655 871
2 331 828
2 296 731
2 54 719
1 7 224 4
2 312 549
2 769 998
1 449 620 -3
1 144 798 1
2 296 436
1 13 528 2
2 259 380
1 85 897 0
2 161 663
1 627 800 -8
2 23 867
2 664 944
2 10 37
1 89 256 -14
2 892 905
2 645 759
1 702 996 -1
2 449 747
1 23 759 7
1 306 331 6
1 126 579 0
1 277 911 -4
2 15 971
1 218 986 2
2 58 717
2 30 158
2 38 615
1 661 873 -3
2 337 681
1 623 730 2
2 161 359
2 194 897
1 614 793 0
1 112 494 -5
2 289 882
1 31 612 -2
2 91 397
2 582 913
2 284 784
1 357 656 -1
2 805 823
2 151 390
2 576 950
2 46 485
1 223 375 0
2 83 99
2 778 968
1 141 319 13
1 500 661 21
2 331 930
2 117 299
1 456 791 3
2 464 558
2 477 533
2 460 864
2 293 323
2 517 889
2 523 956
1 80 544 -2
1 97 97 -1469
2 323 423
1 375 519 9
2 147 794
1 405 796 -4
1 571 853 0
1 51 616 2
1 523 790 4
1 110 885 1
2 8 664
2 15 902
2 264 575
2 174 537
2 4 653
1 5 629 -1
2 434 761
2 581 707
1 69 644 -1
2 164 995
2 251 783
1 829 988 1
1 547 835 -14
2 734 970
2 427 810
1 143 316 -4
1 31 64 -31
2 7 128
2 473 476
2 743 947
2 700 754
2 138 360
2 273 442
1 721 863 -3
2 462 495
1 117 943 2
1 435 656 -3
1 63 449 2
2 525 879
2 32 71
1 639 780 19
2 769 938
1 252 742 -4
1 787 828 -26
1 283 582 -1
1 32 45 -66
2 65 465
2 261 987
1 849 856 101
1 271 350 34
2 446 717
2 685 859
2 207 315
1 64 629 -1
1 150 931 0
1 430 880 1
2 118 498
1 318 653 4
1 888 899 -49
2 521 549
1 430 650 8
1 617 651 -35
2 40 328
1 388 743 2
2 359 847
2 16 477
2 174 488
1 81 563 2
1 383 960 -1
1 698 897 18
1 621 627 70
1 397 456 -10
2 172 280
2 211 901
1 197 562 0
1 194 664 -2
1 42 981 1
1 175 923 -1
2 124 346
2 63 664
2 516 538
1 357 957 2
2 275 841
1 226 226 -674
1 397 843 -1
2 328 688
2 575 950
2 282 910
1 660 996 -6
2 333 541
1 851 920 -54
2 47 892
2 381 828
2 671 792
2 518 932
1 207 598 -1
1 328 713 0
1 686 716 -45
2 365 553
1 181 974 0
1 124 960 0
1 76 856 0
1 367 917 0
2 340 652
1 10 434 0
1 344 847 0
1 248 721 0
2 22 206
2 757 996
1 314 430 1
2 41 488
2 332 477
2 312 939
1 55 747 -1
1 733 886 15
2 345 656
2 166 743
1 571 939 1
1 289 362 13
1 591 731 -3
2 479 496
2 372 525
2 702 851
1 220 750 1
2 302 889
1 516 815 -7
1 225 635 0
2 117 841
2 84 674
2 22 58
1 30 750 0
1 126 939 0
2 9 613
1 127 428 -1
2 350 823
1 798 806 85
1 79 244 0
2 167 284
1 521 783 9
1 218 622 0
1 120 912 0
1 511 589 -19
2 30 519
1 313 749 1
2 444 928
1 131 453 0
2 503 753
2 550 822
1 46 877 -1
2 441 526
1 226 537 1
1 323 634 0
1 546 793 -13
2 25 26
2 721 948
2 701 966
2 667 749
2 276 705
1 935 936 351
2 540 913
2 351 447
2 332 338
1 292 975 -1
2 69 769
1 433 482 6
1 415 692 0
2 209 897
1 630 937 0
1 159 802 0
2 294 917
1 821 986 4
1 543 589 -13
2 377 542
1 294 641 0
2 62 416
2 459 984
1 495 881 1
2 740 922
2 304 532
2 678 988
1 247 857 0
2 454 963
1 236 521 0
1 13 36 56
2 42 971
2 173 566
2 205 230
1 300 609 0
2 529 894
2 141 748
1 311 335 -225
2 134 573
2 39 813
2 7 113
2 655 854
2 214 490
2 78 236
2 393 776
2 343 638
2 520 862
1 427 656 -4
2 314 694
1 547 804 7
2 414 994
1 242 984 0
1 451 833 -10
1 160 580 0
1 139 496 1
2 117 996
2 411 718
1 103 515 0
1 830 943 3
2 325 881
1 710 756 26
2 281 982
1 851 936 -6
2 740 747
1 50 778 0
1 88 224 -3
2 290 930
1 744 744 943
1 29 659 -1
1 354 954 0
2 176 370
2 578 828
1 626 661 -17
1 401 795 6
1 751 901 -15
1 539 605 1
1 394 525 -3
1 69 925 1
1 669 908 -1
2 202 825
1 128 432 -2
1 91 865 -1
2 628 802
2 483 975
2 155 289
1 445 729 -5
1 557 722 1
1 177 263 46
2 426 469
2 264 548
1 15 712 0
2 561 906
2 216 925
1 113 309 1
1 161 831 1
2 403 472
2 612 711
1 333 901 2
1 264 547 -3
1 130 858 3
1 561 880 -4
1 61 473 -1
2 159 704
1 536 826 5
1 807 967 3
2 108 475
1 140 903 1
2 155 873
2 92 601
2 755 960
2 461 553
1 251 933 -4
2 71 702
1 255 338 5
1 113 628 1
1 102 637 0
1 183 220 -134
1 5 870 1
2 557 964
1 723 952 3
2 436 546
2 186 927
1 273 533 2
1 531 673 9
1 108 166 0
1 250 764 -3
2 659 877
2 586 641
2 551 691
1 24 605 -1
1 659 811 -9
2 623 641
2 432 579
1 200 985 1
2 374 674
1 509 600 32
1 22 535 2
1 660 679 7
2 18 221
2 466 696
1 552 645 -63
1 462 808 1
1 130 576 -2
1 56 305 -1
2 773 829
2 159 850
2 345 833
2 373 826
2 310 421
2 926 946
2 332 619
2 617 899
1 647 654 32
2 72 529
2 399 667
1 509 764 10
1 88 933 -1
2 363 375
1 378 564 2
1 563 707 -18
2 87 306
1 203 929 1
2 691 963
1 64 275 -2
1 495 962 -1
2 732 1000
2 194 220
2 9 603
1 205 662 0
2 175 915
1 722 970 -2
1 640 846 -1
1 384 677 7
2 80 357
2 19 358
1 586 929 2
1 447 860 -7
2 868 964
1 224 287 -44
2 8 761
1 453 874 4
1 365 833 -1
1 560 858 1
1 188 389 -5
1 310 690 -4
2 173 369
1 49 364 1
2 54 495
2 100 723
2 793 904
1 404 957 -2
2 16 304
1 105 318 2
1 785 917 15
1 666 768 0
2 146 165
2 660 770
2 163 196
2 31 652
1 783 845 -23
1 584 927 6
2 354 622
2 72 90
2 399 904
2 258 378
2 124 647
2 2 946
2 550 816
2 527 542
2 343 961
1 222 531 8
1 362 793 -1
2 93 94
2 940 1000
2 204 699
1 289 956 -3
2 495 534
2 409 691
2 296 883
1 122 482 0
2 315 577
1 805 932 31
2 831 879
2 105 221
2 136 187
2 50 225
1 660 713 -3
1 438 545 9
1 426 577 -1
1 160 615 0
2 813 891
2 326 416
2 444 921
2 316 948
2 76 842
1 177 562 2
1 153 376 -5
2 258 562
2 50 803
1 48 187 1
2 136 607
2 226 823
2 655 699
1 169 459 -1
2 9 541
2 74 887
2 119 904
1 912 923 79
2 297 424
1 532 997 0
1 272 967 1
2 141 355
2 346 794
1 961 993 -3
2 472 771
1 739 811 19
2 164 566
2 434 434
1 324 913 -1
2 217 795
2 5 251
2 470 842
1 258 940 1
1 127 814 0
1 758 889 -16
1 273 789 1
2 331 839
2 819 916
2 630 828
2 495 652
2 347 946
2 116 780
1 108 899 -1
2 772 841
2 515 995
2 472 562
2 46 752
1 444 502 -5
1 249 366 68
1 279 865 0
1 830 880 18
1 9 703 0
1 734 915 -13
1 326 487 2
1 462 796 -2
1 358 588 -3
1 192 810 4
1 135 887 1
2 68 440
2 393 418
1 297 848 -4
2 447 686
1 626 647 -165
2 886 975
1 131 490 6
1 16 377 -2
2 115 878
2 503 908
2 225 906
1 200 832 2
2 646 805
2 85 567
2 668 786
1 235 356 -18
2 832 951
1 305 329 -141
1 552 925 0
2 176 368
2 82 333
1 155 938 -3
1 128 475 0
2 625 991
1 376 596 -7
2 197 320
1 568 746 3
1 699 938 1
1 410 984 2
1 180 732 -2
2 652 786
2 828 896
1 75 935 0
2 289 464
1 413 603 1
1 406 565 1
2 339 694
2 578 921
2 398 941
2 449 854
2 301 823
1 137 713 3
2 76 718
2 233 450
1 115 937 -1
2 264 940
2 70 187
2 506 980
2 562 565
1 261 272 -261
2 39 326
1 130 306 3
1 187 330 2
1 283 303 -70
2 158 663
2 529 799
1 257 985 -3
2 36 516
2 500 830
2 32 882
1 264 741 -2
1 394 606 0
2 728 778
2 433 870
2 83 985
2 160 823
2 213 367
2 723 787
1 266 775 1
2 33 93
2 254 985
2 20 872
1 198 379 -21
2 395 530
2 58 259
2 345 404
2 780 827
1 16 63 16
1 715 859 -1
1 556 768 -1
1 581 719 18
2 420 773
2 579 924
1 647 671 -199
1 700 731 -68
1 9 267 1
1 127 366 -2
2 112 218
1 557 921 -3
1 617 659 88
2 773 779
1 736 767 38
1 198 699 8
2 581 915
1 743 998 8
2 222 754
2 840 893
1 517 605 -6
2 316 620
1 429 586 -2
1 200 362 -3
1 558 844 0
1 327 368 49
1 274 733 -3
2 433 886
2 66 804
2 886 908
2 375 895
1 116 952 -1
2 625 770
2 153 437
1 144 833 2
2 57 75
1 152 701 -5
1 625 703 -15
2 224 275
2 341 833
1 172 191 175
1 3 271 0
1 188 869 6
1 710 726 86
1 427 801 4
2 563 848
2 380 638
2 325 780
1 66 683 1
1 40 556 -1
2 256 817
2 425 829
1 759 879 21
1 811 925 -48
2 437 564
1 62 951 1
1 288 782 -7
2 395 967
2 485 987
2 173 1000
2 560 865
2 432 701
2 162 893
2 670 715
2 193 566
1 413 672 -5
1 230 454 9
1 571 710 18
2 126 377
2 301 532
1 66 757 -1
1 130 208 -1
1 404 700 -1
1 42 793 1
2 808 934
2 307 414
2 850 879
2 421 743
2 429 926
1 118 607 3
1 431 716 10
1 180 336 -2
1 596 597 600
1 182 685 -2
1 923 982 -7
2 579 713
1 119 663 0
1 491 829 4
2 436 655
2 275 849
1 439 544 -10
1 251 368 -37
1 591 714 3
2 47 600
2 349 421
2 129 265
2 362 480
2 396 452
1 442 586 -4
2 234 595
1 879 937 -9
1 302 714 -2
1 171 809 0
1 411 569 12
2 299 340
1 243 483 -1
1 884 962 12
2 612 891
2 32 112
2 265 945
1 537 672 -8
2 69 175
1 646 655 -140
1 499 950 1
2 818 997
2 65 805
2 886 987
2 87 446
2 368 632
1 201 640 0
2 250 513
1 373 500 -12
2 339 607
1 199 779 0
2 222 249
1 563 978 -6
2 425 889
1 166 230 2
1 597 875 -2
2 449 854
2 84 116
1 445 847 8
1 618 686 -9
1 302 900 3
1 185 697 8
2 236 688
2 105 574
1 635 747 -20
2 712 804
1 252 775 -5
2 211 225
2 78 320
1 6 110 0
2 591 967
1 951 956 -7
2 241 721
2 117 942
2 345 604
2 488 768
1 201 270 16
2 192 825
1 615 840 4
1 64 381 -2
2 428 491
1 190 214 150
2 36 641
1 112 251 -1
1 508 513 -1098
2 284 360
2 353 415
2 401 403
1 275 932 4
2 522 576
1 150 907 -4
1 9 409 -1
1 341 418 29
1 401 766 1
1 199 221 134
1 694 942 -10
1 321 360 -37
2 740 789
1 163 806 0
2 112 317
1 732 879 15
2 63 530
1 56 753 1
1 366 380 -154
2 236 793
1 549 837 3
2 63 727
2 60 216
1 480 637 -16
2 238 486
1 243 615 0
1 239 535 0
1 220 524 0
2 531 740
1 129 221 -13
2 177 598
1 794 950 -25
2 56 161
2 1 304
1 610 766 4
1 62 301 1
2 325 865
1 285 797 0
1 220 603 0
2 306 987
1 689 826 -13
2 31 615
1 638 669 110
1 210 753 0
2 343 603
2 647 950
2 591 742
2 639 856
2 393 871
1 460 761 1
2 77 450
1 164 808 0
2 679 943
2 366 637
1 401 720 -1
2 187 995
2 54 983
2 231 664
1 338 815 0
1 176 789 0
1 622 990 11
1 26 663 0
2 157 903
2 9 500
1 232 733 0
1 145 150 -161
1 760 828 10
2 419 551
2 232 271
1 77 342 3
1 499 881 -12
2 94 464
1 545 605 39
1 350 700 0
1 246 877 0
1 509 693 1
2 245 976
1 338 614 0
2 265 620
1 493 576 15
1 618 911 -2
2 41 738
2 265 436
1 101 764 -4
2 662 933
1 351 507 -10
1 539 822 12
1 679 778 -12
2 298 807
2 547 873
2 746 911
1 297 998 6
2 424 772
2 241 471
2 724 977
1 602 715 -3
1 634 714 1
1 674 808 -1
1 277 793 -5
2 232 588
2 205 408
2 212 940
1 524 993 6
1 338 697 1
1 315 640 -1
2 651 815
2 206 505
1 162 973 -1
1 111 437 10
1 148 732 0
2 120 814
1 251 578 0
2 314 348
2 402 921
2 560 896
1 173 423 -3
2 320 680
1 18 201 2
1 407 648 -1
1 651 809 -1
2 22 258
1 431 972 4
2 327 920
1 124 943 0
2 712 868
2 55 224
1 374 783 -4
2 837 862
1 205 502 4
2 593 698
2 324 645
1 266 355 53
2 387 577
1 127 583 -4
1 55 112 -6
1 123 301 -2
2 74 197
2 525 863
1 209 816 0
1 241 618 0
2 276 435
1 608 933 7
2 519 689
1 290 618 5
1 442 762 -2
2 461 775
2 143 233
2 640 693
1 613 720 0
1 55 439 5
2 195 361
1 760 853 2
1 333 603 0
1 578 838 -7
1 334 994 0
2 399 994
2 48 824
1 102 601 -2
1 286 942 -1
1 494 923 0
2 27 824
2 298 962
2 467 753
1 33 45 -63
1 480 799 8
1 71 320 1
1 220 369 -27
2 439 748
1 280 903 0
2 190 366
1 232 407 -19
2 31 285
1 439 997 -1
