300 300 9032
0 1394011 1449352 5630684 8941560 12963294 18512681 22423195 26313817 26657148 27806235 32161254 39504918 39703982 41505638 45454524 45654507 47958054 49590399 53186944 54248816 55394800 56997133 57974720 59997075 60232661 64204118 70131809 70792245 71786738 74552560 81197561 83783368 83984507 85683275 89202820 89861709 92646668 96656244 97942122 99740558 103394368 107040838 114915418 117371672 120772767 123755121 128334714 130731373 132280392 132780916 134901604 136159995 139809671 140087468 142098773 144906255 146132908 150851976 152850671 153673087 153692142 160273860 162986006 163910111 164234882 164644285 165998799 166000033 166333399 166490938 175570325 189643713 191936948 192050524 193843840 195291311 196133814 196193974 199281626 201798236 208159030 210281533 210937479 211608843 211763707 212792526 213907646 214127489 214270849 218025444 219980268 220131869 222234594 227377286 228856847 238215093 238977230 241078771 244158598 245782230 256051657 271596028 272938796 273157983 275600765 280153070 280819803 285150170 285774860 287381610 293884907 294920735 298740576 300416380 305044702 309571645 313011555 317194224 320152143 325304004 326618160 336200248 336880484 338961557 339842835 340251481 340951751 343109819 344087396 344908128 355218007 357460619 362163794 364929953 365894546 367379396 372807997 375098147 383067365 388962970 390114649 391889030 402951760 411534717 414233307 414454976 416881216 419792781 421005131 424637780 426894879 428151020 429482721 430641001 431050119 431884797 435025428 437572801 437777475 441497113 447703445 449162859 463382708 468049529 470829916 480827125 482678328 485755484 487677975 489002601 489874733 491492032 506993065 513346834 513839097 517116493 518263664 522096304 522582817 524671442 525865368 530923986 532466375 534621313 536650758 537155154 540610302 541057162 552822108 555906204 555988301 558778511 560245218 572514828 572521344 572576094 573084802 573563351 575060697 575254921 580394175 586077841 586498086 600863954 605064161 610617240 616370937 617247830 619861007 620154230 621427848 624396416 630501031 632983521 636966508 637601704 638424951 638985502 640465365 649508520 670756851 676771963 678975586 680452068 681089570 684257191 697559847 701752031 702040131 709786413 725072375 726470139 732900343 742683643 756003990 759466818 765621918 766278637 775212932 775383170 776669598 778826068 779886962 780865406 789578170 790319479 793611950 797429652 797486617 801074259 804891355 815535212 816538772 818006658 819142132 835399297 836975058 837308481 843903077 845861980 852116394 853108812 856590805 857013026 858886162 871652536 873902410 874311984 879537397 890854499 898626549 899252431 903887906 905592569 909854033 911170785 914645257 915168248 922715746 922828376 926704430 929110793 936675232 937869760 946018297 949681216 950242951 952734051 956807808 965773822 966578994 970572598 975496790 986805245 987408798 989912357 990299007 993238207 995797875
73 7 71 63 25 87 17 72 28 76 18 55 67 68 22 30 1 41 31 93 81 98 1 55 58 44 54 65 14 78 83 50 6 42 5 62 11 3 31 64 35 78 76 50 29 52 27 79 28 2 10 26 71 27 86 52 32 93 60 20 17 16 39 38 56 65 78 29 65 32 68 7 51 22 94 23 18 92 99 91 53 63 65 87 90 40 38 88 92 17 2 99 82 97 34 23 59 62 12 31 5 6 48 94 46 55 48 20 97 79 47 100 65 32 49 12 31 79 98 57 13 22 57 10 20 75 61 4 62 45 50 58 5 37 72 50 4 87 40 76 44 98 68 58 39 36 53 27 61 54 14 92 54 23 25 72 21 26 94 26 9 50 12 48 63 10 49 96 83 33 76 92 94 40 29 35 63 41 48 55 60 99 67 17 36 53 86 69 50 37 60 38 33 9 2 7 44 39 67 65 61 13 73 2 97 27 84 68 5 2 51 75 37 29 19 59 80 43 71 88 69 30 1 50 56 64 60 34 66 54 40 88 33 69 13 7 48 41 77 95 70 82 30 27 23 13 20 46 18 14 77 2 65 98 51 14 72 23 50 35 11 29 45 13 17 57 54 32 85 99 1 43 54 96 41 50 12 10 89 100 83 70 28 45 87 2 72 12 95 76 69 95 78 35 27 84 28 47 73
50 90
163 267
61 70
291 295
39 114
60 120
35 271
71 235
87 146
133 278
202 298
29 221
225 231
79 299
158 270
122 195
233 271
108 263
121 227
176 183
116 212
28 245
142 190
107 219
52 196
68 95
61 273
28 190
143 242
78 268
125 239
91 215
178 188
80 220
182 236
140 187
111 267
60 132
71 221
66 296
101 165
43 58
80 269
213 299
101 116
98 265
53 225
82 90
11 248
159 222
98 237
17 179
15 266
85 288
113 270
54 268
237 263
268 287
167 228
155 212
91 259
95 96
61 112
21 51
10 157
78 206
37 60
3 172
11 151
15 64
26 244
54 241
245 279
81 292
28 147
27 31
176 259
155 223
1 115
6 137
20 97
2 43
123 280
224 269
15 91
17 244
109 137
136 246
8 146
154 189
111 290
57 259
193 269
90 207
82 182
125 177
175 181
124 213
78 153
47 111
207 265
24 190
43 248
132 196
56 186
65 222
129 202
117 279
62 76
86 169
100 251
75 238
160 290
22 37
214 284
19 189
50 285
108 290
41 61
63 133
44 281
36 257
39 258
21 29
55 125
107 135
86 293
63 185
38 109
84 192
218 278
55 145
31 209
12 53
44 288
17 279
174 279
60 97
63 66
27 231
28 33
138 293
48 142
50 125
158 194
157 287
3 82
52 62
20 69
46 147
31 154
116 117
67 263
128 271
112 220
92 127
14 38
77 239
168 243
280 287
220 229
248 299
22 86
160 241
1 225
63 133
170 226
198 257
86 88
71 297
44 145
16 208
2 300
143 160
120 274
82 157
142 198
95 273
222 225
187 265
19 228
141 296
24 242
141 156
8 170
276 290
270 293
224 234
41 106
97 142
229 279
48 92
59 95
51 197
254 300
34 247
116 123
104 177
7 100
132 250
125 267
48 222
8 63
56 293
8 222
78 86
20 77
185 259
22 155
129 276
171 206
227 267
91 152
27 59
22 232
42 207
24 242
6 63
213 235
124 276
131 268
119 171
14 27
42 144
121 268
52 136
143 157
91 184
39 64
205 296
73 148
196 253
254 262
207 280
18 139
202 236
35 192
122 205
82 188
134 150
182 229
259 283
112 114
103 166
25 288
68 293
69 169
150 290
37 247
20 193
151 249
29 295
4 37
221 274
114 255
11 203
52 166
159 173
52 293
138 190
14 186
75 224
182 290
95 236
157 281
164 168
69 217
212 271
135 202
108 231
59 187
85 135
71 202
108 188
22 189
132 249
187 271
13 236
175 249
98 179
91 234
21 250
59 127
187 251
151 177
102 176
140 206
59 184
182 187
35 44
81 117
218 283
123 180
88 139
46 87
35 296
8 106
255 265
234 288
88 254
